g	y1	id	g	F1	F1_std	GClass#1	GClass#2	GClass#
1	-1.2976745105557	1	1	   -0.541355	    0.484379	    0.958335	   0.0416647	1
1	-2.71126160074538	2	1	   -0.541355	    0.484379	    0.958335	   0.0416647	1
1	-1.44449759438905	3	1	   -0.541355	    0.484379	    0.958335	   0.0416647	1
1	-1.61383338672727	4	1	   -0.541355	    0.484379	    0.958335	   0.0416647	1
2	1.00877559525456	5	2	   -0.158765	    0.831634	    0.491262	    0.508738	2
2	-0.442924985975923	6	2	   -0.158765	    0.831634	    0.491262	    0.508738	2
2	-0.47199904130743	7	2	   -0.158765	    0.831634	    0.491262	    0.508738	2
2	-1.53193656712695	8	2	   -0.158765	    0.831634	    0.491262	    0.508738	2
2	0.435514194406484	9	2	   -0.158765	    0.831634	    0.491262	    0.508738	2
2	0.0192813951694533	10	2	   -0.158765	    0.831634	    0.491262	    0.508738	2
3	2.69184356476281	11	3	     1.23594	    0.289496	 8.45887e-06	    0.999992	2
3	3.43283396371261	12	3	     1.23594	    0.289496	 8.45887e-06	    0.999992	2
3	3.22972803381663	13	3	     1.23594	    0.289496	 8.45887e-06	    0.999992	2
3	2.01354414504614	14	3	     1.23594	    0.289496	 8.45887e-06	    0.999992	2
3	1.72129157629381	15	3	     1.23594	    0.289496	 8.45887e-06	    0.999992	2
3	1.40005623974369	16	3	     1.23594	    0.289496	 8.45887e-06	    0.999992	2
3	2.2964336001461	17	3	     1.23594	    0.289496	 8.45887e-06	    0.999992	2
3	1.33712412679948	18	3	     1.23594	    0.289496	 8.45887e-06	    0.999992	2
4	-0.0227972521493331	19	4	  -0.0780283	    0.647585	    0.862497	    0.137503	1
4	-0.798747571918977	20	4	  -0.0780283	    0.647585	    0.862497	    0.137503	1
4	-1.97210261061778	21	4	  -0.0780283	    0.647585	    0.862497	    0.137503	1
4	-1.00391888456444	22	4	  -0.0780283	    0.647585	    0.862497	    0.137503	1
4	-1.77337147446139	23	4	  -0.0780283	    0.647585	    0.862497	    0.137503	1
4	0.664563951180339	24	4	  -0.0780283	    0.647585	    0.862497	    0.137503	1
4	-0.194745962426728	25	4	  -0.0780283	    0.647585	    0.862497	    0.137503	1
4	-0.57576092439888	26	4	  -0.0780283	    0.647585	    0.862497	    0.137503	1
4	-1.44985750138384	27	4	  -0.0780283	    0.647585	    0.862497	    0.137503	1
4	-1.16517886126617	28	4	  -0.0780283	    0.647585	    0.862497	    0.137503	1
5	-2.61345146095005	29	5	   -0.711906	    0.459606	    0.969023	   0.0309769	1
5	-0.688115160087045	30	5	   -0.711906	    0.459606	    0.969023	   0.0309769	1
5	-2.70404740060445	31	5	   -0.711906	    0.459606	    0.969023	   0.0309769	1
5	-2.237891706273	32	5	   -0.711906	    0.459606	    0.969023	   0.0309769	1
6	0.34710739592629	33	6	   -0.232677	     0.55566	     0.91628	     0.08372	1
6	-0.39847706282269	34	6	   -0.232677	     0.55566	     0.91628	     0.08372	1
6	-1.77614808662411	35	6	   -0.232677	     0.55566	     0.91628	     0.08372	1
6	-1.65008092349103	36	6	   -0.232677	     0.55566	     0.91628	     0.08372	1
6	-1.82860734979045	37	6	   -0.232677	     0.55566	     0.91628	     0.08372	1
6	-1.6146891149755	38	6	   -0.232677	     0.55566	     0.91628	     0.08372	1
7	1.16818774877123	39	7	    0.248249	    0.304469	   0.0043287	    0.995671	2
7	1.06907410691229	40	7	    0.248249	    0.304469	   0.0043287	    0.995671	2
7	-0.0454320647436572	41	7	    0.248249	    0.304469	   0.0043287	    0.995671	2
7	1.28269217561469	42	7	    0.248249	    0.304469	   0.0043287	    0.995671	2
7	2.14877833061752	43	7	    0.248249	    0.304469	   0.0043287	    0.995671	2
7	1.070192448599	44	7	    0.248249	    0.304469	   0.0043287	    0.995671	2
7	1.08560031650077	45	7	    0.248249	    0.304469	   0.0043287	    0.995671	2
7	1.49219171597818	46	7	    0.248249	    0.304469	   0.0043287	    0.995671	2
8	-1.20157049338383	47	8	   -0.235366	    0.835293	    0.362574	    0.637426	2
8	-0.789064731752458	48	8	   -0.235366	    0.835293	    0.362574	    0.637426	2
8	0.130375054500329	49	8	   -0.235366	    0.835293	    0.362574	    0.637426	2
8	-0.217304649333821	50	8	   -0.235366	    0.835293	    0.362574	    0.637426	2
8	-1.52741173297807	51	8	   -0.235366	    0.835293	    0.362574	    0.637426	2
8	0.762510947824919	52	8	   -0.235366	    0.835293	    0.362574	    0.637426	2
8	-1.71568890192789	53	8	   -0.235366	    0.835293	    0.362574	    0.637426	2
8	1.5067564195206	54	8	   -0.235366	    0.835293	    0.362574	    0.637426	2
8	1.59930070373539	55	8	   -0.235366	    0.835293	    0.362574	    0.637426	2
8	1.24473135547683	56	8	   -0.235366	    0.835293	    0.362574	    0.637426	2
9	-2.02183268051752	57	9	   -0.534411	    0.485694	    0.957743	    0.042257	1
9	-1.5108635063956	58	9	   -0.534411	    0.485694	    0.957743	    0.042257	1
9	-2.47128995358126	59	9	   -0.534411	    0.485694	    0.957743	    0.042257	1
9	-1.01388666974314	60	9	   -0.534411	    0.485694	    0.957743	    0.042257	1
10	1.26160824461352	61	10	    0.345237	    0.337852	  0.00356175	    0.996438	2
10	1.93883530675837	62	10	    0.345237	    0.337852	  0.00356175	    0.996438	2
10	1.09863283331674	63	10	    0.345237	    0.337852	  0.00356175	    0.996438	2
10	1.30507155579633	64	10	    0.345237	    0.337852	  0.00356175	    0.996438	2
10	1.11885488299643	65	10	    0.345237	    0.337852	  0.00356175	    0.996438	2
10	0.965579427464901	66	10	    0.345237	    0.337852	  0.00356175	    0.996438	2
11	-1.53527941106256	67	11	   -0.127341	    0.610226	    0.884617	    0.115383	1
11	-0.206478102255951	68	11	   -0.127341	    0.610226	    0.884617	    0.115383	1
11	-1.22153093314313	69	11	   -0.127341	    0.610226	    0.884617	    0.115383	1
11	-3.38641449681686	70	11	   -0.127341	    0.610226	    0.884617	    0.115383	1
11	-0.44735005054635	71	11	   -0.127341	    0.610226	    0.884617	    0.115383	1
11	1.04625024735104	72	11	   -0.127341	    0.610226	    0.884617	    0.115383	1
11	-1.10337707856559	73	11	   -0.127341	    0.610226	    0.884617	    0.115383	1
11	-0.639158600635225	74	11	   -0.127341	    0.610226	    0.884617	    0.115383	1
12	1.38199087822115	75	12	   -0.260678	    0.507192	   0.0799658	    0.920034	2
12	-0.315769804033762	76	12	   -0.260678	    0.507192	   0.0799658	    0.920034	2
12	-0.389833381341467	77	12	   -0.260678	    0.507192	   0.0799658	    0.920034	2
12	0.200285277219887	78	12	   -0.260678	    0.507192	   0.0799658	    0.920034	2
12	1.72377663217174	79	12	   -0.260678	    0.507192	   0.0799658	    0.920034	2
12	0.331259503602477	80	12	   -0.260678	    0.507192	   0.0799658	    0.920034	2
12	-0.114060217531131	81	12	   -0.260678	    0.507192	   0.0799658	    0.920034	2
12	1.02824753760522	82	12	   -0.260678	    0.507192	   0.0799658	    0.920034	2
12	-0.626040269553169	83	12	   -0.260678	    0.507192	   0.0799658	    0.920034	2
12	1.43336354277773	84	12	   -0.260678	    0.507192	   0.0799658	    0.920034	2
13	-0.598869031304218	85	13	   -0.101356	    0.759579	    0.705104	    0.294896	1
13	-0.377862717164628	86	13	   -0.101356	    0.759579	    0.705104	    0.294896	1
13	-0.89587940212031	87	13	   -0.101356	    0.759579	    0.705104	    0.294896	1
13	-0.147657437194187	88	13	   -0.101356	    0.759579	    0.705104	    0.294896	1
14	0.952549925848034	89	14	    0.142994	     0.35731	   0.0108123	    0.989188	2
14	2.09915539621433	90	14	    0.142994	     0.35731	   0.0108123	    0.989188	2
14	0.131779482605537	91	14	    0.142994	     0.35731	   0.0108123	    0.989188	2
14	1.80550675673402	92	14	    0.142994	     0.35731	   0.0108123	    0.989188	2
14	0.146556108206887	93	14	    0.142994	     0.35731	   0.0108123	    0.989188	2
14	1.08701302245999	94	14	    0.142994	     0.35731	   0.0108123	    0.989188	2
15	-0.221498043688897	95	15	   -0.050401	    0.780858	     0.73757	     0.26243	1
15	-1.4786193537881	96	15	   -0.050401	    0.780858	     0.73757	     0.26243	1
15	-0.864225584504892	97	15	   -0.050401	    0.780858	     0.73757	     0.26243	1
15	-0.888250985706817	98	15	   -0.050401	    0.780858	     0.73757	     0.26243	1
15	-0.879575744059041	99	15	   -0.050401	    0.780858	     0.73757	     0.26243	1
15	0.841052191134567	100	15	   -0.050401	    0.780858	     0.73757	     0.26243	1
15	-0.51639827421299	101	15	   -0.050401	    0.780858	     0.73757	     0.26243	1
15	-0.238569247169945	102	15	   -0.050401	    0.780858	     0.73757	     0.26243	1
16	2.45047537760831	103	16	     1.05313	    0.260796	 2.11047e-05	    0.999979	2
16	1.34164109876526	104	16	     1.05313	    0.260796	 2.11047e-05	    0.999979	2
16	2.11200069609383	105	16	     1.05313	    0.260796	 2.11047e-05	    0.999979	2
16	1.47701782534064	106	16	     1.05313	    0.260796	 2.11047e-05	    0.999979	2
16	3.88648237334263	107	16	     1.05313	    0.260796	 2.11047e-05	    0.999979	2
16	1.64525129570807	108	16	     1.05313	    0.260796	 2.11047e-05	    0.999979	2
16	2.10156129349123	109	16	     1.05313	    0.260796	 2.11047e-05	    0.999979	2
16	1.9783092146188	110	16	     1.05313	    0.260796	 2.11047e-05	    0.999979	2
16	0.887785381910618	111	16	     1.05313	    0.260796	 2.11047e-05	    0.999979	2
16	2.50382420204556	112	16	     1.05313	    0.260796	 2.11047e-05	    0.999979	2
17	-0.350778924595669	113	17	   -0.153421	    0.645591	    0.855994	    0.144006	1
17	-0.632888487231498	114	17	   -0.153421	    0.645591	    0.855994	    0.144006	1
17	-1.52348333524952	115	17	   -0.153421	    0.645591	    0.855994	    0.144006	1
17	-1.16721410314401	116	17	   -0.153421	    0.645591	    0.855994	    0.144006	1
18	1.01241562952423	117	18	    0.381372	    0.336109	  0.00291209	    0.997088	2
18	2.52717705292672	118	18	    0.381372	    0.336109	  0.00291209	    0.997088	2
18	-0.785996544317931	119	18	    0.381372	    0.336109	  0.00291209	    0.997088	2
18	1.68809445825637	120	18	    0.381372	    0.336109	  0.00291209	    0.997088	2
18	1.19138702583779	121	18	    0.381372	    0.336109	  0.00291209	    0.997088	2
18	2.31113369190471	122	18	    0.381372	    0.336109	  0.00291209	    0.997088	2
19	-0.304077038548593	123	19	   -0.170512	    0.853018	    0.468823	    0.531177	2
19	-0.684603688887499	124	19	   -0.170512	    0.853018	    0.468823	    0.531177	2
19	-0.206349712551809	125	19	   -0.170512	    0.853018	    0.468823	    0.531177	2
19	0.528372871953336	126	19	   -0.170512	    0.853018	    0.468823	    0.531177	2
19	0.518163233383081	127	19	   -0.170512	    0.853018	    0.468823	    0.531177	2
19	-0.372314270838562	128	19	   -0.170512	    0.853018	    0.468823	    0.531177	2
19	-0.720959864549619	129	19	   -0.170512	    0.853018	    0.468823	    0.531177	2
19	0.0981703705924148	130	19	   -0.170512	    0.853018	    0.468823	    0.531177	2
20	-1.6452127887362	131	20	   -0.129633	    0.592356	     0.89441	     0.10559	1
20	-0.190594715637578	132	20	   -0.129633	    0.592356	     0.89441	     0.10559	1
20	-1.20667081007434	133	20	   -0.129633	    0.592356	     0.89441	     0.10559	1
20	-0.753920011762453	134	20	   -0.129633	    0.592356	     0.89441	     0.10559	1
20	-1.74433841302819	135	20	   -0.129633	    0.592356	     0.89441	     0.10559	1
20	-0.593315470902844	136	20	   -0.129633	    0.592356	     0.89441	     0.10559	1
20	-0.564240993068367	137	20	   -0.129633	    0.592356	     0.89441	     0.10559	1
20	-1.90483519725231	138	20	   -0.129633	    0.592356	     0.89441	     0.10559	1
20	-0.228040626135579	139	20	   -0.129633	    0.592356	     0.89441	     0.10559	1
20	-0.757548607196362	140	20	   -0.129633	    0.592356	     0.89441	     0.10559	1
21	0.983281074541336	141	21	  -0.0217296	    0.464239	   0.0446187	    0.955381	2
21	0.160179781676189	142	21	  -0.0217296	    0.464239	   0.0446187	    0.955381	2
21	1.58345850307584	143	21	  -0.0217296	    0.464239	   0.0446187	    0.955381	2
21	0.454010128778705	144	21	  -0.0217296	    0.464239	   0.0446187	    0.955381	2
22	0.979986439712849	145	22	  -0.0441212	    0.407132	   0.0306596	     0.96934	2
22	-0.408086270152712	146	22	  -0.0441212	    0.407132	   0.0306596	     0.96934	2
22	1.69452341161912	147	22	  -0.0441212	    0.407132	   0.0306596	     0.96934	2
22	1.42104510332732	148	22	  -0.0441212	    0.407132	   0.0306596	     0.96934	2
22	0.880111165706309	149	22	  -0.0441212	    0.407132	   0.0306596	     0.96934	2
22	0.168031230320234	150	22	  -0.0441212	    0.407132	   0.0306596	     0.96934	2
23	-0.496938962849658	151	23	   -0.303434	    0.502008	    0.937821	   0.0621789	1
23	-1.7105062607195	152	23	   -0.303434	    0.502008	    0.937821	   0.0621789	1
23	-1.20079174800132	153	23	   -0.303434	    0.502008	    0.937821	   0.0621789	1
23	-1.30284185355852	154	23	   -0.303434	    0.502008	    0.937821	   0.0621789	1
23	-0.25393104123813	155	23	   -0.303434	    0.502008	    0.937821	   0.0621789	1
23	-1.29583033342409	156	23	   -0.303434	    0.502008	    0.937821	   0.0621789	1
23	-2.04500687898305	157	23	   -0.303434	    0.502008	    0.937821	   0.0621789	1
23	-1.90944448142378	158	23	   -0.303434	    0.502008	    0.937821	   0.0621789	1
24	1.682945445373	159	24	    0.230619	     0.27706	  0.00380735	    0.996193	2
24	0.0152232212733251	160	24	    0.230619	     0.27706	  0.00380735	    0.996193	2
24	0.810215640686586	161	24	    0.230619	     0.27706	  0.00380735	    0.996193	2
24	0.690096066769599	162	24	    0.230619	     0.27706	  0.00380735	    0.996193	2
24	-0.286825748101464	163	24	    0.230619	     0.27706	  0.00380735	    0.996193	2
24	2.33575624893241	164	24	    0.230619	     0.27706	  0.00380735	    0.996193	2
24	0.427589592861288	165	24	    0.230619	     0.27706	  0.00380735	    0.996193	2
24	2.89824818147459	166	24	    0.230619	     0.27706	  0.00380735	    0.996193	2
24	1.65227209183395	167	24	    0.230619	     0.27706	  0.00380735	    0.996193	2
24	1.12301147117574	168	24	    0.230619	     0.27706	  0.00380735	    0.996193	2
25	-0.739696622906707	169	25	   -0.186997	    0.616755	    0.879914	    0.120086	1
25	-2.00422001205817	170	25	   -0.186997	    0.616755	    0.879914	    0.120086	1
25	-0.327417376122871	171	25	   -0.186997	    0.616755	    0.879914	    0.120086	1
25	-1.03177836609954	172	25	   -0.186997	    0.616755	    0.879914	    0.120086	1
26	-1.13736778897181	173	26	   -0.562647	     0.44868	    0.963068	   0.0369325	1
26	-2.52309429113104	174	26	   -0.562647	     0.44868	    0.963068	   0.0369325	1
26	-1.3268379744955	175	26	   -0.562647	     0.44868	    0.963068	   0.0369325	1
26	-1.30079004809404	176	26	   -0.562647	     0.44868	    0.963068	   0.0369325	1
26	-2.43347101639728	177	26	   -0.562647	     0.44868	    0.963068	   0.0369325	1
26	-1.56233265961951	178	26	   -0.562647	     0.44868	    0.963068	   0.0369325	1
27	-2.90869896376236	179	27	   -0.855047	    0.390423	    0.976059	   0.0239411	1
27	-3.78032627554682	180	27	   -0.855047	    0.390423	    0.976059	   0.0239411	1
27	-1.55318333196129	181	27	   -0.855047	    0.390423	    0.976059	   0.0239411	1
27	-1.04939239990688	182	27	   -0.855047	    0.390423	    0.976059	   0.0239411	1
27	-0.878092048149643	183	27	   -0.855047	    0.390423	    0.976059	   0.0239411	1
27	-3.17475870454653	184	27	   -0.855047	    0.390423	    0.976059	   0.0239411	1
27	-2.10979638965898	185	27	   -0.855047	    0.390423	    0.976059	   0.0239411	1
27	-1.10201264345223	186	27	   -0.855047	    0.390423	    0.976059	   0.0239411	1
28	-1.98377508717875	187	28	   -0.471165	    0.433776	    0.959411	   0.0405891	1
28	-2.02886081074833	188	28	   -0.471165	    0.433776	    0.959411	   0.0405891	1
28	-0.440986758775774	189	28	   -0.471165	    0.433776	    0.959411	   0.0405891	1
28	-1.93258383491156	190	28	   -0.471165	    0.433776	    0.959411	   0.0405891	1
28	-1.3581649494404	191	28	   -0.471165	    0.433776	    0.959411	   0.0405891	1
28	-1.23480267420399	192	28	   -0.471165	    0.433776	    0.959411	   0.0405891	1
28	-1.15412137515254	193	28	   -0.471165	    0.433776	    0.959411	   0.0405891	1
28	-2.00200389246654	194	28	   -0.471165	    0.433776	    0.959411	   0.0405891	1
28	-1.03768164126737	195	28	   -0.471165	    0.433776	    0.959411	   0.0405891	1
28	-1.98272818454604	196	28	   -0.471165	    0.433776	    0.959411	   0.0405891	1
29	-0.224224544486937	197	29	 -0.00915388	    0.459347	   0.0415638	    0.958436	2
29	0.604067156310472	198	29	 -0.00915388	    0.459347	   0.0415638	    0.958436	2
29	1.87789367051209	199	29	 -0.00915388	    0.459347	   0.0415638	    0.958436	2
29	1.00415075109928	200	29	 -0.00915388	    0.459347	   0.0415638	    0.958436	2
30	0.0976442132835528	201	30	 -0.00208873	    0.391338	   0.0241053	    0.975895	2
30	1.47980262499823	202	30	 -0.00208873	    0.391338	   0.0241053	    0.975895	2
30	-0.160655554985773	203	30	 -0.00208873	    0.391338	   0.0241053	    0.975895	2
30	1.91579672878413	204	30	 -0.00208873	    0.391338	   0.0241053	    0.975895	2
30	0.578026588060199	205	30	 -0.00208873	    0.391338	   0.0241053	    0.975895	2
30	1.18012869888456	206	30	 -0.00208873	    0.391338	   0.0241053	    0.975895	2
31	-2.79913025874836	207	31	   -0.268225	    0.517669	    0.931251	   0.0687486	1
31	-0.806660577309183	208	31	   -0.268225	    0.517669	    0.931251	   0.0687486	1
31	0.123901394069457	209	31	   -0.268225	    0.517669	    0.931251	   0.0687486	1
31	-3.48102033853336	210	31	   -0.268225	    0.517669	    0.931251	   0.0687486	1
31	-1.40824605081014	211	31	   -0.268225	    0.517669	    0.931251	   0.0687486	1
31	0.612853299541139	212	31	   -0.268225	    0.517669	    0.931251	   0.0687486	1
31	-1.58478319407236	213	31	   -0.268225	    0.517669	    0.931251	   0.0687486	1
31	-0.396645935962335	214	31	   -0.268225	    0.517669	    0.931251	   0.0687486	1
32	-1.24175674200457	215	32	    -0.24787	    0.513821	    0.930609	   0.0693907	1
32	-1.72443649865272	216	32	    -0.24787	    0.513821	    0.930609	   0.0693907	1
32	-0.744454142450788	217	32	    -0.24787	    0.513821	    0.930609	   0.0693907	1
32	-1.68792753967363	218	32	    -0.24787	    0.513821	    0.930609	   0.0693907	1
32	-1.3725717421257	219	32	    -0.24787	    0.513821	    0.930609	   0.0693907	1
32	-0.701511996510857	220	32	    -0.24787	    0.513821	    0.930609	   0.0693907	1
32	-0.769572231303366	221	32	    -0.24787	    0.513821	    0.930609	   0.0693907	1
32	-2.21984009999969	222	32	    -0.24787	    0.513821	    0.930609	   0.0693907	1
32	-0.353527809793028	223	32	    -0.24787	    0.513821	    0.930609	   0.0693907	1
32	-0.986334067112248	224	32	    -0.24787	    0.513821	    0.930609	   0.0693907	1
33	-0.051980459729255	225	33	   -0.170139	    0.630261	     0.86912	     0.13088	1
33	-1.65859202029662	226	33	   -0.170139	    0.630261	     0.86912	     0.13088	1
33	-2.43806729746011	227	33	   -0.170139	    0.630261	     0.86912	     0.13088	1
33	0.25003564421655	228	33	   -0.170139	    0.630261	     0.86912	     0.13088	1
34	2.31134574448173	229	34	    0.216445	    0.347749	  0.00723857	    0.992761	2
34	1.72290617904187	230	34	    0.216445	    0.347749	  0.00723857	    0.992761	2
34	0.470603767561215	231	34	    0.216445	    0.347749	  0.00723857	    0.992761	2
34	1.38026129150717	232	34	    0.216445	    0.347749	  0.00723857	    0.992761	2
34	0.261128610384506	233	34	    0.216445	    0.347749	  0.00723857	    0.992761	2
34	0.617972574252466	234	34	    0.216445	    0.347749	  0.00723857	    0.992761	2
35	2.28702984980772	235	35	    0.694881	    0.290302	  0.00030844	    0.999692	2
35	1.20063631014766	236	35	    0.694881	    0.290302	  0.00030844	    0.999692	2
35	2.18912951652078	237	35	    0.694881	    0.290302	  0.00030844	    0.999692	2
35	0.815267852147442	238	35	    0.694881	    0.290302	  0.00030844	    0.999692	2
35	0.972508388293957	239	35	    0.694881	    0.290302	  0.00030844	    0.999692	2
35	3.05838109206706	240	35	    0.694881	    0.290302	  0.00030844	    0.999692	2
35	1.12525099424716	241	35	    0.694881	    0.290302	  0.00030844	    0.999692	2
35	1.65348193887458	242	35	    0.694881	    0.290302	  0.00030844	    0.999692	2
36	1.0885940757057	243	36	   -0.306484	    0.648214	     0.15963	     0.84037	2
36	0.321881949248503	244	36	   -0.306484	    0.648214	     0.15963	     0.84037	2
36	-1.6720895952431	245	36	   -0.306484	    0.648214	     0.15963	     0.84037	2
36	1.23632151051891	246	36	   -0.306484	    0.648214	     0.15963	     0.84037	2
36	1.20767244956258	247	36	   -0.306484	    0.648214	     0.15963	     0.84037	2
36	0.829483067262893	248	36	   -0.306484	    0.648214	     0.15963	     0.84037	2
36	-1.12220498083354	249	36	   -0.306484	    0.648214	     0.15963	     0.84037	2
36	-0.248252968731304	250	36	   -0.306484	    0.648214	     0.15963	     0.84037	2
36	-0.257070356391914	251	36	   -0.306484	    0.648214	     0.15963	     0.84037	2
36	1.34509951591106	252	36	   -0.306484	    0.648214	     0.15963	     0.84037	2
37	-0.132112879814511	253	37	    0.194549	    0.413151	   0.0140267	    0.985973	2
37	0.839158872529996	254	37	    0.194549	    0.413151	   0.0140267	    0.985973	2
37	1.95394981256752	255	37	    0.194549	    0.413151	   0.0140267	    0.985973	2
37	1.77032503910837	256	37	    0.194549	    0.413151	   0.0140267	    0.985973	2
38	-4.51711172064465	257	38	   -0.832114	    0.414637	    0.974805	   0.0251948	1
38	-2.64564088009113	258	38	   -0.832114	    0.414637	    0.974805	   0.0251948	1
38	-1.6209804702305	259	38	   -0.832114	    0.414637	    0.974805	   0.0251948	1
38	-1.83790552578192	260	38	   -0.832114	    0.414637	    0.974805	   0.0251948	1
38	-1.37005108623053	261	38	   -0.832114	    0.414637	    0.974805	   0.0251948	1
38	-0.685384444662745	262	38	   -0.832114	    0.414637	    0.974805	   0.0251948	1
39	1.95482253159696	263	39	     0.44251	    0.294382	  0.00141729	    0.998583	2
39	0.0666341547868239	264	39	     0.44251	    0.294382	  0.00141729	    0.998583	2
39	0.926217920919284	265	39	     0.44251	    0.294382	  0.00141729	    0.998583	2
39	1.96852185317697	266	39	     0.44251	    0.294382	  0.00141729	    0.998583	2
39	1.73585212704987	267	39	     0.44251	    0.294382	  0.00141729	    0.998583	2
39	0.955145868469549	268	39	     0.44251	    0.294382	  0.00141729	    0.998583	2
39	1.43222880150417	269	39	     0.44251	    0.294382	  0.00141729	    0.998583	2
39	1.99912521814533	270	39	     0.44251	    0.294382	  0.00141729	    0.998583	2
40	3.48863411820739	271	40	     2.23885	    0.260299	 1.73481e-09	           1	2
40	3.95642985590974	272	40	     2.23885	    0.260299	 1.73481e-09	           1	2
40	2.33272989492954	273	40	     2.23885	    0.260299	 1.73481e-09	           1	2
40	3.71367088858194	274	40	     2.23885	    0.260299	 1.73481e-09	           1	2
40	2.33307425584042	275	40	     2.23885	    0.260299	 1.73481e-09	           1	2
40	3.27764762091068	276	40	     2.23885	    0.260299	 1.73481e-09	           1	2
40	4.18286840245196	277	40	     2.23885	    0.260299	 1.73481e-09	           1	2
40	2.76528173164625	278	40	     2.23885	    0.260299	 1.73481e-09	           1	2
40	3.24142681273248	279	40	     2.23885	    0.260299	 1.73481e-09	           1	2
40	4.02318501327904	280	40	     2.23885	    0.260299	 1.73481e-09	           1	2
41	-0.366720224728027	281	41	    -0.10056	    0.739305	    0.743697	    0.256303	1
41	-1.46782940128582	282	41	    -0.10056	    0.739305	    0.743697	    0.256303	1
41	-0.406303368435322	283	41	    -0.10056	    0.739305	    0.743697	    0.256303	1
41	-0.107224736866845	284	41	    -0.10056	    0.739305	    0.743697	    0.256303	1
42	-3.04663614123066	285	42	   -0.757174	    0.421453	    0.972522	   0.0274784	1
42	-2.83189412924808	286	42	   -0.757174	    0.421453	    0.972522	   0.0274784	1
42	-0.782316741426425	287	42	   -0.757174	    0.421453	    0.972522	   0.0274784	1
42	-1.0486417726577	288	42	   -0.757174	    0.421453	    0.972522	   0.0274784	1
42	-1.91352062746611	289	42	   -0.757174	    0.421453	    0.972522	   0.0274784	1
42	-2.40198582707916	290	42	   -0.757174	    0.421453	    0.972522	   0.0274784	1
43	0.427710802418208	291	43	  -0.0633675	    0.696556	     0.82456	     0.17544	1
43	-1.66588254257194	292	43	  -0.0633675	    0.696556	     0.82456	     0.17544	1
43	-1.46806096903025	293	43	  -0.0633675	    0.696556	     0.82456	     0.17544	1
43	-1.21918346844378	294	43	  -0.0633675	    0.696556	     0.82456	     0.17544	1
43	-1.56292080665271	295	43	  -0.0633675	    0.696556	     0.82456	     0.17544	1
43	0.100583399075676	296	43	  -0.0633675	    0.696556	     0.82456	     0.17544	1
43	0.607499724194415	297	43	  -0.0633675	    0.696556	     0.82456	     0.17544	1
43	-1.04364868731842	298	43	  -0.0633675	    0.696556	     0.82456	     0.17544	1
44	-1.49746261628057	299	44	   -0.161441	    0.566796	    0.907209	   0.0927907	1
44	-2.29715947130749	300	44	   -0.161441	    0.566796	    0.907209	   0.0927907	1
44	-1.46427093773871	301	44	   -0.161441	    0.566796	    0.907209	   0.0927907	1
44	-1.5084702668718	302	44	   -0.161441	    0.566796	    0.907209	   0.0927907	1
44	-1.40507558024109	303	44	   -0.161441	    0.566796	    0.907209	   0.0927907	1
44	-0.169512754930023	304	44	   -0.161441	    0.566796	    0.907209	   0.0927907	1
44	0.784338350698012	305	44	   -0.161441	    0.566796	    0.907209	   0.0927907	1
44	-1.24212110810924	306	44	   -0.161441	    0.566796	    0.907209	   0.0927907	1
44	-0.69073535377139	307	44	   -0.161441	    0.566796	    0.907209	   0.0927907	1
44	-0.756910483943899	308	44	   -0.161441	    0.566796	    0.907209	   0.0927907	1
45	-0.939048147629302	309	45	   -0.126785	    0.676553	    0.826096	    0.173904	1
45	-1.36212917012674	310	45	   -0.126785	    0.676553	    0.826096	    0.173904	1
45	-1.26432413499079	311	45	   -0.126785	    0.676553	    0.826096	    0.173904	1
45	0.32737914786469	312	45	   -0.126785	    0.676553	    0.826096	    0.173904	1
46	1.50820222128687	313	46	    0.454001	     0.33349	  0.00193467	    0.998065	2
46	1.95243444750504	314	46	    0.454001	     0.33349	  0.00193467	    0.998065	2
46	0.391200811134939	315	46	    0.454001	     0.33349	  0.00193467	    0.998065	2
46	2.60844169451273	316	46	    0.454001	     0.33349	  0.00193467	    0.998065	2
46	0.62909224452715	317	46	    0.454001	     0.33349	  0.00193467	    0.998065	2
46	1.36547770310667	318	46	    0.454001	     0.33349	  0.00193467	    0.998065	2
47	-0.418575534684551	319	47	  -0.0556462	    0.716982	    0.806931	    0.193069	1
47	-1.14733547258643	320	47	  -0.0556462	    0.716982	    0.806931	    0.193069	1
47	-1.19715325505271	321	47	  -0.0556462	    0.716982	    0.806931	    0.193069	1
47	-0.76271163681701	322	47	  -0.0556462	    0.716982	    0.806931	    0.193069	1
47	-1.08522655427383	323	47	  -0.0556462	    0.716982	    0.806931	    0.193069	1
47	-0.110354810623058	324	47	  -0.0556462	    0.716982	    0.806931	    0.193069	1
47	0.55253690428666	325	47	  -0.0556462	    0.716982	    0.806931	    0.193069	1
47	-1.2810816957197	326	47	  -0.0556462	    0.716982	    0.806931	    0.193069	1
48	0.299146925148567	327	48	  -0.0445919	    0.812669	    0.708105	    0.291895	1
48	-0.602536373649217	328	48	  -0.0445919	    0.812669	    0.708105	    0.291895	1
48	-0.273826011361929	329	48	  -0.0445919	    0.812669	    0.708105	    0.291895	1
48	-1.46724344615154	330	48	  -0.0445919	    0.812669	    0.708105	    0.291895	1
48	0.313742284340223	331	48	  -0.0445919	    0.812669	    0.708105	    0.291895	1
48	-1.36646554072138	332	48	  -0.0445919	    0.812669	    0.708105	    0.291895	1
48	-0.0263272404431244	333	48	  -0.0445919	    0.812669	    0.708105	    0.291895	1
48	0.37008080955526	334	48	  -0.0445919	    0.812669	    0.708105	    0.291895	1
48	-1.62168561346983	335	48	  -0.0445919	    0.812669	    0.708105	    0.291895	1
48	-0.341644561094905	336	48	  -0.0445919	    0.812669	    0.708105	    0.291895	1
49	0.0878753563243888	337	49	   0.0497162	    0.440525	   0.0300919	    0.969908	2
49	0.736550195345012	338	49	   0.0497162	    0.440525	   0.0300919	    0.969908	2
49	1.10054004017576	339	49	   0.0497162	    0.440525	   0.0300919	    0.969908	2
49	1.69746986742051	340	49	   0.0497162	    0.440525	   0.0300919	    0.969908	2
50	-1.14323108820674	341	50	  -0.0724615	    0.726299	    0.787822	    0.212178	1
50	-0.389412283547518	342	50	  -0.0724615	    0.726299	    0.787822	    0.212178	1
50	-1.36262894212933	343	50	  -0.0724615	    0.726299	    0.787822	    0.212178	1
50	-1.93377927204429	344	50	  -0.0724615	    0.726299	    0.787822	    0.212178	1
50	0.331532586764622	345	50	  -0.0724615	    0.726299	    0.787822	    0.212178	1
50	0.569703991648768	346	50	  -0.0724615	    0.726299	    0.787822	    0.212178	1
51	0.772478714285416	347	51	   -0.208509	    0.835314	    0.401232	    0.598768	2
51	1.62743681584755	348	51	   -0.208509	    0.835314	    0.401232	    0.598768	2
51	-0.39902784221576	349	51	   -0.208509	    0.835314	    0.401232	    0.598768	2
51	-0.488080865290326	350	51	   -0.208509	    0.835314	    0.401232	    0.598768	2
51	0.461576408417091	351	51	   -0.208509	    0.835314	    0.401232	    0.598768	2
51	-0.657948968217158	352	51	   -0.208509	    0.835314	    0.401232	    0.598768	2
51	-1.11845112512356	353	51	   -0.208509	    0.835314	    0.401232	    0.598768	2
51	-0.671981521736746	354	51	   -0.208509	    0.835314	    0.401232	    0.598768	2
52	2.64282387939146	355	52	     1.01085	    0.260511	 2.83357e-05	    0.999972	2
52	3.30096807923384	356	52	     1.01085	    0.260511	 2.83357e-05	    0.999972	2
52	2.67114392764044	357	52	     1.01085	    0.260511	 2.83357e-05	    0.999972	2
52	1.39608459318034	358	52	     1.01085	    0.260511	 2.83357e-05	    0.999972	2
52	2.18851317297392	359	52	     1.01085	    0.260511	 2.83357e-05	    0.999972	2
52	0.776848244983433	360	52	     1.01085	    0.260511	 2.83357e-05	    0.999972	2
52	1.60505189053069	361	52	     1.01085	    0.260511	 2.83357e-05	    0.999972	2
52	0.829153606604109	362	52	     1.01085	    0.260511	 2.83357e-05	    0.999972	2
52	2.84584423183059	363	52	     1.01085	    0.260511	 2.83357e-05	    0.999972	2
52	1.66348959418622	364	52	     1.01085	    0.260511	 2.83357e-05	    0.999972	2
53	-0.516357942963266	365	53	   -0.101429	    0.759951	    0.704294	    0.295706	1
53	-0.393042880635079	366	53	   -0.101429	    0.759951	    0.704294	    0.295706	1
53	-0.475694271164039	367	53	   -0.101429	    0.759951	    0.704294	    0.295706	1
53	-0.628690966799314	368	53	   -0.101429	    0.759951	    0.704294	    0.295706	1
54	-1.85577961175047	369	54	     -0.5919	    0.443515	    0.964919	   0.0350809	1
54	-0.842614765297427	370	54	     -0.5919	    0.443515	    0.964919	   0.0350809	1
54	-2.63488612004869	371	54	     -0.5919	    0.443515	    0.964919	   0.0350809	1
54	-2.21201600031493	372	54	     -0.5919	    0.443515	    0.964919	   0.0350809	1
54	-1.66705354282579	373	54	     -0.5919	    0.443515	    0.964919	   0.0350809	1
54	-1.33922052732818	374	54	     -0.5919	    0.443515	    0.964919	   0.0350809	1
55	0.531996706868957	375	55	  -0.0893703	    0.385444	   0.0295768	    0.970423	2
55	0.787714608761587	376	55	  -0.0893703	    0.385444	   0.0295768	    0.970423	2
55	1.03251069766415	377	55	  -0.0893703	    0.385444	   0.0295768	    0.970423	2
55	0.0705666186686773	378	55	  -0.0893703	    0.385444	   0.0295768	    0.970423	2
55	0.857427357679112	379	55	  -0.0893703	    0.385444	   0.0295768	    0.970423	2
55	0.342611786215549	380	55	  -0.0893703	    0.385444	   0.0295768	    0.970423	2
55	1.56226220700036	381	55	  -0.0893703	    0.385444	   0.0295768	    0.970423	2
55	0.738485939305094	382	55	  -0.0893703	    0.385444	   0.0295768	    0.970423	2
56	-0.843047793979761	383	56	   -0.230642	    0.522911	    0.926854	   0.0731455	1
56	-0.911887292231355	384	56	   -0.230642	    0.522911	    0.926854	   0.0731455	1
56	-0.405854771418671	385	56	   -0.230642	    0.522911	    0.926854	   0.0731455	1
56	-1.86015744195018	386	56	   -0.230642	    0.522911	    0.926854	   0.0731455	1
56	-1.45454023514353	387	56	   -0.230642	    0.522911	    0.926854	   0.0731455	1
56	-1.59321709094834	388	56	   -0.230642	    0.522911	    0.926854	   0.0731455	1
56	-1.12146072923573	389	56	   -0.230642	    0.522911	    0.926854	   0.0731455	1
56	-1.5792172772344	390	56	   -0.230642	    0.522911	    0.926854	   0.0731455	1
56	-0.706762708288482	391	56	   -0.230642	    0.522911	    0.926854	   0.0731455	1
56	-1.03492486328075	392	56	   -0.230642	    0.522911	    0.926854	   0.0731455	1
57	3.36968697010151	393	57	     1.41097	    0.389777	 1.19969e-05	    0.999988	2
57	1.67058518874656	394	57	     1.41097	    0.389777	 1.19969e-05	    0.999988	2
57	2.82450843752766	395	57	     1.41097	    0.389777	 1.19969e-05	    0.999988	2
57	2.61551393613419	396	57	     1.41097	    0.389777	 1.19969e-05	    0.999988	2
58	1.38457076223304	397	58	     1.51158	    0.328523	 2.14518e-06	    0.999998	2
58	3.71313394855947	398	58	     1.51158	    0.328523	 2.14518e-06	    0.999998	2
58	2.25130027700331	399	58	     1.51158	    0.328523	 2.14518e-06	    0.999998	2
58	3.95457156595288	400	58	     1.51158	    0.328523	 2.14518e-06	    0.999998	2
58	1.91668458082871	401	58	     1.51158	    0.328523	 2.14518e-06	    0.999998	2
58	2.55587704815548	402	58	     1.51158	    0.328523	 2.14518e-06	    0.999998	2
59	-1.25975031412718	403	59	   -0.501534	    0.440682	    0.960497	   0.0395034	1
59	-0.387000983776725	404	59	   -0.501534	    0.440682	    0.960497	   0.0395034	1
59	-2.35345373741232	405	59	   -0.501534	    0.440682	    0.960497	   0.0395034	1
59	-0.976194299657053	406	59	   -0.501534	    0.440682	    0.960497	   0.0395034	1
59	-0.832360121435769	407	59	   -0.501534	    0.440682	    0.960497	   0.0395034	1
59	-3.06578184192545	408	59	   -0.501534	    0.440682	    0.960497	   0.0395034	1
59	-1.27630680083347	409	59	   -0.501534	    0.440682	    0.960497	   0.0395034	1
59	-2.49634184408341	410	59	   -0.501534	    0.440682	    0.960497	   0.0395034	1
60	3.6587191984372	411	60	       1.136	    0.262009	 1.17918e-05	    0.999988	2
60	2.32955348279125	412	60	       1.136	    0.262009	 1.17918e-05	    0.999988	2
60	1.23325370187542	413	60	       1.136	    0.262009	 1.17918e-05	    0.999988	2
60	2.63505364422194	414	60	       1.136	    0.262009	 1.17918e-05	    0.999988	2
60	1.31895735527491	415	60	       1.136	    0.262009	 1.17918e-05	    0.999988	2
60	1.15431780106684	416	60	       1.136	    0.262009	 1.17918e-05	    0.999988	2
60	2.21096411552547	417	60	       1.136	    0.262009	 1.17918e-05	    0.999988	2
60	2.63032230219181	418	60	       1.136	    0.262009	 1.17918e-05	    0.999988	2
60	2.0401559847244	419	60	       1.136	    0.262009	 1.17918e-05	    0.999988	2
60	2.07755176607224	420	60	       1.136	    0.262009	 1.17918e-05	    0.999988	2
61	0.365812261266769	421	61	   -0.240921	    0.582036	    0.904822	   0.0951776	1
61	-2.47286404499061	422	61	   -0.240921	    0.582036	    0.904822	   0.0951776	1
61	-0.949624332333128	423	61	   -0.240921	    0.582036	    0.904822	   0.0951776	1
61	-1.61501564028806	424	61	   -0.240921	    0.582036	    0.904822	   0.0951776	1
62	-0.134829056161834	425	62	   -0.148282	    0.833195	    0.512866	    0.487134	1
62	0.960931562101798	426	62	   -0.148282	    0.833195	    0.512866	    0.487134	1
62	-0.591646988314674	427	62	   -0.148282	    0.833195	    0.512866	    0.487134	1
62	0.177287090155597	428	62	   -0.148282	    0.833195	    0.512866	    0.487134	1
62	-0.770271195579716	429	62	   -0.148282	    0.833195	    0.512866	    0.487134	1
62	-0.796825892723555	430	62	   -0.148282	    0.833195	    0.512866	    0.487134	1
63	-0.469884321854355	431	63	   -0.253765	    0.524715	    0.928185	   0.0718148	1
63	-0.569382724297437	432	63	   -0.253765	    0.524715	    0.928185	   0.0718148	1
63	-2.19128253672976	433	63	   -0.253765	    0.524715	    0.928185	   0.0718148	1
63	-0.00926642562188373	434	63	   -0.253765	    0.524715	    0.928185	   0.0718148	1
63	-1.32240765164794	435	63	   -0.253765	    0.524715	    0.928185	   0.0718148	1
63	-1.66421982925314	436	63	   -0.253765	    0.524715	    0.928185	   0.0718148	1
63	-1.0986967827006	437	63	   -0.253765	    0.524715	    0.928185	   0.0718148	1
63	-2.21303362692412	438	63	   -0.253765	    0.524715	    0.928185	   0.0718148	1
64	-0.573538005939507	439	64	   -0.192414	    0.545508	    0.917072	   0.0829283	1
64	-1.58763218337966	440	64	   -0.192414	    0.545508	    0.917072	   0.0829283	1
64	-0.450282300100137	441	64	   -0.192414	    0.545508	    0.917072	   0.0829283	1
64	-1.34011327564152	442	64	   -0.192414	    0.545508	    0.917072	   0.0829283	1
64	-2.1392513165063	443	64	   -0.192414	    0.545508	    0.917072	   0.0829283	1
64	-1.04966493870662	444	64	   -0.192414	    0.545508	    0.917072	   0.0829283	1
64	-0.578902365794559	445	64	   -0.192414	    0.545508	    0.917072	   0.0829283	1
64	-0.692486259674352	446	64	   -0.192414	    0.545508	    0.917072	   0.0829283	1
64	-1.36991821257792	447	64	   -0.192414	    0.545508	    0.917072	   0.0829283	1
64	-1.05343607286675	448	64	   -0.192414	    0.545508	    0.917072	   0.0829283	1
65	0.173573873832373	449	65	   -0.109523	    0.779236	    0.653306	    0.346694	1
65	-1.41105372894235	450	65	   -0.109523	    0.779236	    0.653306	    0.346694	1
65	-0.55822129598928	451	65	   -0.109523	    0.779236	    0.653306	    0.346694	1
65	0.164517218573993	452	65	   -0.109523	    0.779236	    0.653306	    0.346694	1
66	-0.151757521910176	453	66	   -0.129507	    0.832642	    0.552383	    0.447617	1
66	-0.987988671679592	454	66	   -0.129507	    0.832642	    0.552383	    0.447617	1
66	-0.191751564175522	455	66	   -0.129507	    0.832642	    0.552383	    0.447617	1
66	-1.22437525643135	456	66	   -0.129507	    0.832642	    0.552383	    0.447617	1
66	-0.136266466517022	457	66	   -0.129507	    0.832642	    0.552383	    0.447617	1
66	1.21548021311935	458	66	   -0.129507	    0.832642	    0.552383	    0.447617	1
67	-0.702668575237379	459	67	  -0.0972811	    0.642404	    0.864525	    0.135475	1
67	-1.31386267938293	460	67	  -0.0972811	    0.642404	    0.864525	    0.135475	1
67	-0.708065267368401	461	67	  -0.0972811	    0.642404	    0.864525	    0.135475	1
67	-1.11023661834566	462	67	  -0.0972811	    0.642404	    0.864525	    0.135475	1
67	-0.941147737199109	463	67	  -0.0972811	    0.642404	    0.864525	    0.135475	1
67	-2.59677804502056	464	67	  -0.0972811	    0.642404	    0.864525	    0.135475	1
67	-0.204336112436716	465	67	  -0.0972811	    0.642404	    0.864525	    0.135475	1
67	0.732818333501535	466	67	  -0.0972811	    0.642404	    0.864525	    0.135475	1
68	2.64576906983962	467	68	    0.363856	    0.269791	  0.00175233	    0.998248	2
68	1.19394898853132	468	68	    0.363856	    0.269791	  0.00175233	    0.998248	2
68	1.47921876415012	469	68	    0.363856	    0.269791	  0.00175233	    0.998248	2
68	1.34508243334833	470	68	    0.363856	    0.269791	  0.00175233	    0.998248	2
68	0.56020867287199	471	68	    0.363856	    0.269791	  0.00175233	    0.998248	2
68	0.0558473800171533	472	68	    0.363856	    0.269791	  0.00175233	    0.998248	2
68	2.15299378177876	473	68	    0.363856	    0.269791	  0.00175233	    0.998248	2
68	0.479517346016648	474	68	    0.363856	    0.269791	  0.00175233	    0.998248	2
68	0.44343983932395	475	68	    0.363856	    0.269791	  0.00175233	    0.998248	2
68	2.4812533698019	476	68	    0.363856	    0.269791	  0.00175233	    0.998248	2
69	-1.28148202769596	477	69	   -0.273106	    0.565475	    0.915455	   0.0845455	1
69	-1.25544766936549	478	69	   -0.273106	    0.565475	    0.915455	   0.0845455	1
69	-0.174424669966248	479	69	   -0.273106	    0.565475	    0.915455	   0.0845455	1
69	-2.26172578078951	480	69	   -0.273106	    0.565475	    0.915455	   0.0845455	1
70	-1.40862949498133	481	70	   -0.534254	    0.454138	    0.961077	   0.0389229	1
70	-2.17011554032433	482	70	   -0.534254	    0.454138	    0.961077	   0.0389229	1
70	-1.80900225001901	483	70	   -0.534254	    0.454138	    0.961077	   0.0389229	1
70	-1.75457856864139	484	70	   -0.534254	    0.454138	    0.961077	   0.0389229	1
70	-1.71655821784068	485	70	   -0.534254	    0.454138	    0.961077	   0.0389229	1
70	-1.16259689751575	486	70	   -0.534254	    0.454138	    0.961077	   0.0389229	1
71	-1.14915395433032	487	71	    -0.21988	    0.542889	    0.919944	   0.0800563	1
71	-1.63771503632232	488	71	    -0.21988	    0.542889	    0.919944	   0.0800563	1
71	-0.67569402435064	489	71	    -0.21988	    0.542889	    0.919944	   0.0800563	1
71	-0.0663553377321293	490	71	    -0.21988	    0.542889	    0.919944	   0.0800563	1
71	-2.23446389669247	491	71	    -0.21988	    0.542889	    0.919944	   0.0800563	1
71	-0.958391431650781	492	71	    -0.21988	    0.542889	    0.919944	   0.0800563	1
71	-1.22808338170147	493	71	    -0.21988	    0.542889	    0.919944	   0.0800563	1
71	-1.09806071602036	494	71	    -0.21988	    0.542889	    0.919944	   0.0800563	1
72	1.7724168652762	495	72	    -0.21671	    0.449128	   0.0558055	    0.944194	2
72	-0.759724263049293	496	72	    -0.21671	    0.449128	   0.0558055	    0.944194	2
72	0.626438617850349	497	72	    -0.21671	    0.449128	   0.0558055	    0.944194	2
72	1.35714837631165	498	72	    -0.21671	    0.449128	   0.0558055	    0.944194	2
72	0.495952136898313	499	72	    -0.21671	    0.449128	   0.0558055	    0.944194	2
72	0.62740999792527	500	72	    -0.21671	    0.449128	   0.0558055	    0.944194	2
72	0.00872591505798836	501	72	    -0.21671	    0.449128	   0.0558055	    0.944194	2
72	0.292729441114312	502	72	    -0.21671	    0.449128	   0.0558055	    0.944194	2
72	0.891121254988328	503	72	    -0.21671	    0.449128	   0.0558055	    0.944194	2
72	0.244478516450732	504	72	    -0.21671	    0.449128	   0.0558055	    0.944194	2
73	-1.18780764334127	505	73	   -0.113642	    0.784157	    0.635521	    0.364479	1
73	0.547001024618037	506	73	   -0.113642	    0.784157	    0.635521	    0.364479	1
73	0.498071858234065	507	73	   -0.113642	    0.784157	    0.635521	    0.364479	1
73	-1.36472016503106	508	73	   -0.113642	    0.784157	    0.635521	    0.364479	1
74	-0.398253750969576	509	74	  -0.0679793	    0.417856	   0.0352639	    0.964736	2
74	1.01189828803532	510	74	  -0.0679793	    0.417856	   0.0352639	    0.964736	2
74	1.25880544788659	511	74	  -0.0679793	    0.417856	   0.0352639	    0.964736	2
74	0.0905438968626036	512	74	  -0.0679793	    0.417856	   0.0352639	    0.964736	2
74	1.68311051823754	513	74	  -0.0679793	    0.417856	   0.0352639	    0.964736	2
74	0.878933930345081	514	74	  -0.0679793	    0.417856	   0.0352639	    0.964736	2
75	0.334053751470072	515	75	  -0.0490682	    0.770388	    0.750936	    0.249064	1
75	-1.17399469222074	516	75	  -0.0490682	    0.770388	    0.750936	    0.249064	1
75	-1.08308386796142	517	75	  -0.0490682	    0.770388	    0.750936	    0.249064	1
75	-0.200733472196026	518	75	  -0.0490682	    0.770388	    0.750936	    0.249064	1
75	-0.0434391381206947	519	75	  -0.0490682	    0.770388	    0.750936	    0.249064	1
75	-0.561695898198531	520	75	  -0.0490682	    0.770388	    0.750936	    0.249064	1
75	-0.767806200644872	521	75	  -0.0490682	    0.770388	    0.750936	    0.249064	1
75	-0.95614825068075	522	75	  -0.0490682	    0.770388	    0.750936	    0.249064	1
76	1.11931765314407	523	76	   -0.226288	    0.842794	    0.378306	    0.621694	2
76	-1.06547502369716	524	76	   -0.226288	    0.842794	    0.378306	    0.621694	2
76	-0.0255397879470232	525	76	   -0.226288	    0.842794	    0.378306	    0.621694	2
76	-0.0355586393804408	526	76	   -0.226288	    0.842794	    0.378306	    0.621694	2
76	-0.190882005531454	527	76	   -0.226288	    0.842794	    0.378306	    0.621694	2
76	-0.412225236633547	528	76	   -0.226288	    0.842794	    0.378306	    0.621694	2
76	0.302209111972299	529	76	   -0.226288	    0.842794	    0.378306	    0.621694	2
76	0.328102372826053	530	76	   -0.226288	    0.842794	    0.378306	    0.621694	2
76	-0.978068662549742	531	76	   -0.226288	    0.842794	    0.378306	    0.621694	2
76	0.558614866890075	532	76	   -0.226288	    0.842794	    0.378306	    0.621694	2
77	1.51308041056874	533	77	   0.0705926	    0.435175	   0.0269049	    0.973095	2
77	1.01443871528264	534	77	   0.0705926	    0.435175	   0.0269049	    0.973095	2
77	1.34583904286835	535	77	   0.0705926	    0.435175	   0.0269049	    0.973095	2
77	-0.128767871127829	536	77	   0.0705926	    0.435175	   0.0269049	    0.973095	2
78	2.18012004196897	537	78	    0.445614	    0.333742	  0.00202885	    0.997971	2
78	1.34302013227139	538	78	    0.445614	    0.333742	  0.00202885	    0.997971	2
78	1.55662565264235	539	78	    0.445614	    0.333742	  0.00202885	    0.997971	2
78	1.7598243965749	540	78	    0.445614	    0.333742	  0.00202885	    0.997971	2
78	0.933183441353254	541	78	    0.445614	    0.333742	  0.00202885	    0.997971	2
78	0.623283931684191	542	78	    0.445614	    0.333742	  0.00202885	    0.997971	2
79	-0.444623803182116	543	79	    -0.25074	    0.793338	    0.317826	    0.682174	2
79	0.244190270527039	544	79	    -0.25074	    0.793338	    0.317826	    0.682174	2
79	0.212672377061127	545	79	    -0.25074	    0.793338	    0.317826	    0.682174	2
79	0.758279305753906	546	79	    -0.25074	    0.793338	    0.317826	    0.682174	2
79	0.10721886521449	547	79	    -0.25074	    0.793338	    0.317826	    0.682174	2
79	0.21180576703342	548	79	    -0.25074	    0.793338	    0.317826	    0.682174	2
79	-0.130106795100596	549	79	    -0.25074	    0.793338	    0.317826	    0.682174	2
79	-0.582046258491143	550	79	    -0.25074	    0.793338	    0.317826	    0.682174	2
80	-0.473004803296717	551	80	  -0.0389695	    0.796186	    0.731031	    0.268969	1
80	0.542671247896063	552	80	  -0.0389695	    0.796186	    0.731031	    0.268969	1
80	0.482442121504237	553	80	  -0.0389695	    0.796186	    0.731031	    0.268969	1
80	-1.51476871369982	554	80	  -0.0389695	    0.796186	    0.731031	    0.268969	1
80	-0.630427655738227	555	80	  -0.0389695	    0.796186	    0.731031	    0.268969	1
80	-1.58721538822592	556	80	  -0.0389695	    0.796186	    0.731031	    0.268969	1
80	0.239963277221554	557	80	  -0.0389695	    0.796186	    0.731031	    0.268969	1
80	-0.289594261382435	558	80	  -0.0389695	    0.796186	    0.731031	    0.268969	1
80	-0.281885545886339	559	80	  -0.0389695	    0.796186	    0.731031	    0.268969	1
80	-1.60083269104617	560	80	  -0.0389695	    0.796186	    0.731031	    0.268969	1
81	1.13653378035898	561	81	     0.38389	    0.398037	   0.0052142	    0.994786	2
81	2.00299131839255	562	81	     0.38389	    0.398037	   0.0052142	    0.994786	2
81	0.852601651379479	563	81	     0.38389	    0.398037	   0.0052142	    0.994786	2
81	1.42023899025146	564	81	     0.38389	    0.398037	   0.0052142	    0.994786	2
82	-0.376676876515863	565	82	   -0.249257	    0.607619	    0.143835	    0.856165	2
82	0.423881911953253	566	82	   -0.249257	    0.607619	    0.143835	    0.856165	2
82	0.213379293498658	567	82	   -0.249257	    0.607619	    0.143835	    0.856165	2
82	1.39762893846004	568	82	   -0.249257	    0.607619	    0.143835	    0.856165	2
82	0.183802066266545	569	82	   -0.249257	    0.607619	    0.143835	    0.856165	2
82	0.319654448586513	570	82	   -0.249257	    0.607619	    0.143835	    0.856165	2
83	-2.38470310000933	571	83	   -0.191366	    0.845146	    0.432097	    0.567903	2
83	-0.13586440707646	572	83	   -0.191366	    0.845146	    0.432097	    0.567903	2
83	1.57964369165251	573	83	   -0.191366	    0.845146	    0.432097	    0.567903	2
83	0.0105960987055922	574	83	   -0.191366	    0.845146	    0.432097	    0.567903	2
83	-1.0260701031244	575	83	   -0.191366	    0.845146	    0.432097	    0.567903	2
83	0.464491519031796	576	83	   -0.191366	    0.845146	    0.432097	    0.567903	2
83	1.91177028859581	577	83	   -0.191366	    0.845146	    0.432097	    0.567903	2
83	-1.19991502187731	578	83	   -0.191366	    0.845146	    0.432097	    0.567903	2
84	-1.19494113234403	579	84	    -0.22424	    0.844342	    0.381801	    0.618199	2
84	-0.0734086901978128	580	84	    -0.22424	    0.844342	    0.381801	    0.618199	2
84	-0.3790775713148	581	84	    -0.22424	    0.844342	    0.381801	    0.618199	2
84	0.963308767585821	582	84	    -0.22424	    0.844342	    0.381801	    0.618199	2
84	-0.391530863367925	583	84	    -0.22424	    0.844342	    0.381801	    0.618199	2
84	0.17936961269932	584	84	    -0.22424	    0.844342	    0.381801	    0.618199	2
84	0.279272592972619	585	84	    -0.22424	    0.844342	    0.381801	    0.618199	2
84	0.210505637556393	586	84	    -0.22424	    0.844342	    0.381801	    0.618199	2
84	0.391781892934644	587	84	    -0.22424	    0.844342	    0.381801	    0.618199	2
84	-0.427236705097967	588	84	    -0.22424	    0.844342	    0.381801	    0.618199	2
85	-0.255880678447351	589	85	    -0.19405	    0.766388	    0.382749	    0.617251	2
85	-0.50040729583106	590	85	    -0.19405	    0.766388	    0.382749	    0.617251	2
85	0.127458920949122	591	85	    -0.19405	    0.766388	    0.382749	    0.617251	2
85	0.648394923472553	592	85	    -0.19405	    0.766388	    0.382749	    0.617251	2
86	-0.14003867205955	593	86	   -0.119401	    0.830378	    0.574515	    0.425485	1
86	-0.361886763949411	594	86	   -0.119401	    0.830378	    0.574515	    0.425485	1
86	-1.26328592406006	595	86	   -0.119401	    0.830378	    0.574515	    0.425485	1
86	0.97326702869209	596	86	   -0.119401	    0.830378	    0.574515	    0.425485	1
86	-0.334010660778168	597	86	   -0.119401	    0.830378	    0.574515	    0.425485	1
86	-0.535828315467311	598	86	   -0.119401	    0.830378	    0.574515	    0.425485	1
87	-0.998624004674177	599	87	   -0.273442	    0.583797	    0.122197	    0.877803	2
87	1.34623386239708	600	87	   -0.273442	    0.583797	    0.122197	    0.877803	2
87	-0.534101830060841	601	87	   -0.273442	    0.583797	    0.122197	    0.877803	2
87	0.975236131872674	602	87	   -0.273442	    0.583797	    0.122197	    0.877803	2
87	0.77081403661524	603	87	   -0.273442	    0.583797	    0.122197	    0.877803	2
87	0.537961166124795	604	87	   -0.273442	    0.583797	    0.122197	    0.877803	2
87	-0.0238861387809906	605	87	   -0.273442	    0.583797	    0.122197	    0.877803	2
87	0.91851235706261	606	87	   -0.273442	    0.583797	    0.122197	    0.877803	2
88	-1.37259226505605	607	88	  -0.0826585	    0.857134	    0.617158	    0.382842	1
88	0.246778851445649	608	88	  -0.0826585	    0.857134	    0.617158	    0.382842	1
88	0.259026641149978	609	88	  -0.0826585	    0.857134	    0.617158	    0.382842	1
88	-0.397819277561938	610	88	  -0.0826585	    0.857134	    0.617158	    0.382842	1
88	-1.30451493896607	611	88	  -0.0826585	    0.857134	    0.617158	    0.382842	1
88	-1.01064011881559	612	88	  -0.0826585	    0.857134	    0.617158	    0.382842	1
88	-0.607218654026494	613	88	  -0.0826585	    0.857134	    0.617158	    0.382842	1
88	0.897180648019873	614	88	  -0.0826585	    0.857134	    0.617158	    0.382842	1
88	0.788712058599435	615	88	  -0.0826585	    0.857134	    0.617158	    0.382842	1
88	-0.853377723434381	616	88	  -0.0826585	    0.857134	    0.617158	    0.382842	1
89	-0.516518764577666	617	89	   -0.863473	    0.446643	    0.974417	   0.0255831	1
89	-3.90412533765044	618	89	   -0.863473	    0.446643	    0.974417	   0.0255831	1
89	-2.31538635293956	619	89	   -0.863473	    0.446643	    0.974417	   0.0255831	1
89	-2.5127015279887	620	89	   -0.863473	    0.446643	    0.974417	   0.0255831	1
90	1.17294811538221	621	90	    0.933918	    0.328753	 0.000108663	    0.999891	2
90	2.92909186491097	622	90	    0.933918	    0.328753	 0.000108663	    0.999891	2
90	2.49213723173955	623	90	    0.933918	    0.328753	 0.000108663	    0.999891	2
90	2.21071360410405	624	90	    0.933918	    0.328753	 0.000108663	    0.999891	2
90	1.08807975828321	625	90	    0.933918	    0.328753	 0.000108663	    0.999891	2
90	1.8928055985663	626	90	    0.933918	    0.328753	 0.000108663	    0.999891	2
91	-1.28631399340361	627	91	   -0.364085	    0.479108	     0.94684	     0.05316	1
91	-1.39434908019754	628	91	   -0.364085	    0.479108	     0.94684	     0.05316	1
91	-1.38950593834464	629	91	   -0.364085	    0.479108	     0.94684	     0.05316	1
91	-1.47939770594392	630	91	   -0.364085	    0.479108	     0.94684	     0.05316	1
91	-1.44346306350976	631	91	   -0.364085	    0.479108	     0.94684	     0.05316	1
91	-2.38640464738965	632	91	   -0.364085	    0.479108	     0.94684	     0.05316	1
91	-0.775193795126453	633	91	   -0.364085	    0.479108	     0.94684	     0.05316	1
91	-0.840703331907083	634	91	   -0.364085	    0.479108	     0.94684	     0.05316	1
92	0.138962300731569	635	92	   -0.303663	    0.620881	    0.141392	    0.858608	2
92	0.143399016088907	636	92	   -0.303663	    0.620881	    0.141392	    0.858608	2
92	0.203285079292666	637	92	   -0.303663	    0.620881	    0.141392	    0.858608	2
92	-0.346205833516099	638	92	   -0.303663	    0.620881	    0.141392	    0.858608	2
92	0.682806966732275	639	92	   -0.303663	    0.620881	    0.141392	    0.858608	2
92	0.512038689310404	640	92	   -0.303663	    0.620881	    0.141392	    0.858608	2
92	-0.178859905784415	641	92	   -0.303663	    0.620881	    0.141392	    0.858608	2
92	1.79504369466488	642	92	   -0.303663	    0.620881	    0.141392	    0.858608	2
92	0.726199564070956	643	92	   -0.303663	    0.620881	    0.141392	    0.858608	2
92	-0.586229520566334	644	92	   -0.303663	    0.620881	    0.141392	    0.858608	2
93	1.90223043044784	645	93	  -0.0496049	    0.476452	    0.052395	    0.947605	2
93	-0.129962876427003	646	93	  -0.0496049	    0.476452	    0.052395	    0.947605	2
93	0.699433964405036	647	93	  -0.0496049	    0.476452	    0.052395	    0.947605	2
93	0.52318390083746	648	93	  -0.0496049	    0.476452	    0.052395	    0.947605	2
94	1.80595188593195	649	94	    0.341368	     0.33806	  0.00363909	    0.996361	2
94	1.30250058158801	650	94	    0.341368	     0.33806	  0.00363909	    0.996361	2
94	0.74402656945731	651	94	    0.341368	     0.33806	  0.00363909	    0.996361	2
94	1.72706516133978	652	94	    0.341368	     0.33806	  0.00363909	    0.996361	2
94	1.04122579052297	653	94	    0.341368	     0.33806	  0.00363909	    0.996361	2
94	1.04037150897459	654	94	    0.341368	     0.33806	  0.00363909	    0.996361	2
95	1.13515139278029	655	95	   0.0774146	    0.328933	   0.0113198	     0.98868	2
95	1.33058517197279	656	95	   0.0774146	    0.328933	   0.0113198	     0.98868	2
95	0.293779900429695	657	95	   0.0774146	    0.328933	   0.0113198	     0.98868	2
95	1.26683273129789	658	95	   0.0774146	    0.328933	   0.0113198	     0.98868	2
95	0.397428338208645	659	95	   0.0774146	    0.328933	   0.0113198	     0.98868	2
95	1.38758489966826	660	95	   0.0774146	    0.328933	   0.0113198	     0.98868	2
95	1.60405643335396	661	95	   0.0774146	    0.328933	   0.0113198	     0.98868	2
95	0.240085977020479	662	95	   0.0774146	    0.328933	   0.0113198	     0.98868	2
96	1.25609085127315	663	96	   -0.287756	    0.561632	    0.106768	    0.893232	2
96	0.419403476840276	664	96	   -0.287756	    0.561632	    0.106768	    0.893232	2
96	-1.05975109189914	665	96	   -0.287756	    0.561632	    0.106768	    0.893232	2
96	-1.1422378509994	666	96	   -0.287756	    0.561632	    0.106768	    0.893232	2
96	2.64996994333312	667	96	   -0.287756	    0.561632	    0.106768	    0.893232	2
96	0.146558368969537	668	96	   -0.287756	    0.561632	    0.106768	    0.893232	2
96	1.04913391994816	669	96	   -0.287756	    0.561632	    0.106768	    0.893232	2
96	0.939453333736399	670	96	   -0.287756	    0.561632	    0.106768	    0.893232	2
96	-0.530376110990961	671	96	   -0.287756	    0.561632	    0.106768	    0.893232	2
96	0.156470429331615	672	96	   -0.287756	    0.561632	    0.106768	    0.893232	2
97	-2.18372200560739	673	97	   -0.638415	    0.468689	    0.965199	   0.0348015	1
97	-1.3525641194585	674	97	   -0.638415	    0.468689	    0.965199	   0.0348015	1
97	-1.13650222075773	675	97	   -0.638415	    0.468689	    0.965199	   0.0348015	1
97	-3.07140071029515	676	97	   -0.638415	    0.468689	    0.965199	   0.0348015	1
98	1.42926630809949	677	98	    0.360734	    0.337062	  0.00326755	    0.996732	2
98	0.885553267263396	678	98	    0.360734	    0.337062	  0.00326755	    0.996732	2
98	1.70637215830587	679	98	    0.360734	    0.337062	  0.00326755	    0.996732	2
98	1.24909706834667	680	98	    0.360734	    0.337062	  0.00326755	    0.996732	2
98	0.714521988822543	681	98	    0.360734	    0.337062	  0.00326755	    0.996732	2
98	1.81355372763578	682	98	    0.360734	    0.337062	  0.00326755	    0.996732	2
99	-3.19819265117964	683	99	   -0.552962	    0.429815	    0.964056	   0.0359445	1
99	-0.681780231181318	684	99	   -0.552962	    0.429815	    0.964056	   0.0359445	1
99	-2.87047945455531	685	99	   -0.552962	    0.429815	    0.964056	   0.0359445	1
99	-1.07733518215186	686	99	   -0.552962	    0.429815	    0.964056	   0.0359445	1
99	-1.64904593136989	687	99	   -0.552962	    0.429815	    0.964056	   0.0359445	1
99	-0.672191077474418	688	99	   -0.552962	    0.429815	    0.964056	   0.0359445	1
99	-2.25760016374208	689	99	   -0.552962	    0.429815	    0.964056	   0.0359445	1
99	-0.831919190125741	690	99	   -0.552962	    0.429815	    0.964056	   0.0359445	1
100	2.43257027160836	691	100	     1.18445	    0.262461	 8.36528e-06	    0.999992	2
100	1.42937794330521	692	100	     1.18445	    0.262461	 8.36528e-06	    0.999992	2
100	1.91449893020757	693	100	     1.18445	    0.262461	 8.36528e-06	    0.999992	2
100	2.63871845902355	694	100	     1.18445	    0.262461	 8.36528e-06	    0.999992	2
100	4.03429930434064	695	100	     1.18445	    0.262461	 8.36528e-06	    0.999992	2
100	2.26454328703734	696	100	     1.18445	    0.262461	 8.36528e-06	    0.999992	2
100	2.27190888218883	697	100	     1.18445	    0.262461	 8.36528e-06	    0.999992	2
100	3.270433141806	698	100	     1.18445	    0.262461	 8.36528e-06	    0.999992	2
100	1.05978367641675	699	100	     1.18445	    0.262461	 8.36528e-06	    0.999992	2
100	0.497915876559298	700	100	     1.18445	    0.262461	 8.36528e-06	    0.999992	2
101	0.267879325584515	701	101	   -0.145609	    0.795969	    0.530264	    0.469736	1
101	0.501086870441616	702	101	   -0.145609	    0.795969	    0.530264	    0.469736	1
101	-1.30845605755403	703	101	   -0.145609	    0.795969	    0.530264	    0.469736	1
101	-0.300331340849941	704	101	   -0.145609	    0.795969	    0.530264	    0.469736	1
102	-0.12663491840135	705	102	   -0.143451	    0.463703	   0.0564793	    0.943521	2
102	0.105414439928725	706	102	   -0.143451	    0.463703	   0.0564793	    0.943521	2
102	1.43375178327466	707	102	   -0.143451	    0.463703	   0.0564793	    0.943521	2
102	1.18924780019437	708	102	   -0.143451	    0.463703	   0.0564793	    0.943521	2
102	0.666651152483181	709	102	   -0.143451	    0.463703	   0.0564793	    0.943521	2
102	0.522327174728745	710	102	   -0.143451	    0.463703	   0.0564793	    0.943521	2
103	1.72880499951562	711	103	    0.548214	    0.291744	 0.000756905	    0.999243	2
103	-0.0845704726467134	712	103	    0.548214	    0.291744	 0.000756905	    0.999243	2
103	2.04604198937263	713	103	    0.548214	    0.291744	 0.000756905	    0.999243	2
103	0.640695373916412	714	103	    0.548214	    0.291744	 0.000756905	    0.999243	2
103	2.47507016999887	715	103	    0.548214	    0.291744	 0.000756905	    0.999243	2
103	1.74725988999163	716	103	    0.548214	    0.291744	 0.000756905	    0.999243	2
103	1.88602924634244	717	103	    0.548214	    0.291744	 0.000756905	    0.999243	2
103	1.54902540018224	718	103	    0.548214	    0.291744	 0.000756905	    0.999243	2
104	-0.384784427179792	719	104	   -0.191974	    0.862806	    0.435022	    0.564978	2
104	0.254212984163345	720	104	   -0.191974	    0.862806	    0.435022	    0.564978	2
104	-1.05252972194476	721	104	   -0.191974	    0.862806	    0.435022	    0.564978	2
104	-0.106807002166823	722	104	   -0.191974	    0.862806	    0.435022	    0.564978	2
104	-0.236602567449037	723	104	   -0.191974	    0.862806	    0.435022	    0.564978	2
104	-0.564907555735998	724	104	   -0.191974	    0.862806	    0.435022	    0.564978	2
104	1.14463644415562	725	104	   -0.191974	    0.862806	    0.435022	    0.564978	2
104	1.28979593203947	726	104	   -0.191974	    0.862806	    0.435022	    0.564978	2
104	-0.988976520107554	727	104	   -0.191974	    0.862806	    0.435022	    0.564978	2
104	-0.43601417682087	728	104	   -0.191974	    0.862806	    0.435022	    0.564978	2
105	-0.561532150159329	729	105	   -0.162122	    0.792097	    0.482083	    0.517917	2
105	-0.625623562230103	730	105	   -0.162122	    0.792097	    0.482083	    0.517917	2
105	0.11227438385909	731	105	   -0.162122	    0.792097	    0.482083	    0.517917	2
105	0.518816423531373	732	105	   -0.162122	    0.792097	    0.482083	    0.517917	2
106	0.229811883823796	733	106	  -0.0794103	    0.705184	     0.80967	     0.19033	1
106	-0.626898381949998	734	106	  -0.0794103	    0.705184	     0.80967	     0.19033	1
106	-1.67129491163014	735	106	  -0.0794103	    0.705184	     0.80967	     0.19033	1
106	-1.41956435611776	736	106	  -0.0794103	    0.705184	     0.80967	     0.19033	1
106	-0.434005874540912	737	106	  -0.0794103	    0.705184	     0.80967	     0.19033	1
106	-0.342377093199986	738	106	  -0.0794103	    0.705184	     0.80967	     0.19033	1
107	-2.99927126483103	739	107	   -0.904082	    0.386872	    0.977105	   0.0228954	1
107	-3.47512138117622	740	107	   -0.904082	    0.386872	    0.977105	   0.0228954	1
107	-2.15420498045579	741	107	   -0.904082	    0.386872	    0.977105	   0.0228954	1
107	-2.65673888448726	742	107	   -0.904082	    0.386872	    0.977105	   0.0228954	1
107	-0.965835556100602	743	107	   -0.904082	    0.386872	    0.977105	   0.0228954	1
107	-0.711254945976806	744	107	   -0.904082	    0.386872	    0.977105	   0.0228954	1
107	-0.501597365178378	745	107	   -0.904082	    0.386872	    0.977105	   0.0228954	1
107	-3.61477536216788	746	107	   -0.904082	    0.386872	    0.977105	   0.0228954	1
108	-2.36538405561757	747	108	   -0.101311	    0.619714	    0.879386	    0.120614	1
108	-0.461333239570558	748	108	   -0.101311	    0.619714	    0.879386	    0.120614	1
108	0.191286244035306	749	108	   -0.101311	    0.619714	    0.879386	    0.120614	1
108	-0.73723434742261	750	108	   -0.101311	    0.619714	    0.879386	    0.120614	1
108	-1.10729627930411	751	108	   -0.101311	    0.619714	    0.879386	    0.120614	1
108	-0.623813786624887	752	108	   -0.101311	    0.619714	    0.879386	    0.120614	1
108	-1.67123088026672	753	108	   -0.101311	    0.619714	    0.879386	    0.120614	1
108	-1.08330898822728	754	108	   -0.101311	    0.619714	    0.879386	    0.120614	1
108	0.726484269959976	755	108	   -0.101311	    0.619714	    0.879386	    0.120614	1
108	-1.79617957728211	756	108	   -0.101311	    0.619714	    0.879386	    0.120614	1
109	0.711944610844056	757	109	    0.667722	    0.391363	  0.00111926	    0.998881	2
109	1.8365362060366	758	109	    0.667722	    0.391363	  0.00111926	    0.998881	2
109	1.69465974369503	759	109	    0.667722	    0.391363	  0.00111926	    0.998881	2
109	2.5848853938885	760	109	    0.667722	    0.391363	  0.00111926	    0.998881	2
110	1.71650088557357	761	110	    -0.12772	    0.452272	   0.0509447	    0.949055	2
110	0.319550658866291	762	110	    -0.12772	    0.452272	   0.0509447	    0.949055	2
110	-0.804885209252307	763	110	    -0.12772	    0.452272	   0.0509447	    0.949055	2
110	-0.531313437534558	764	110	    -0.12772	    0.452272	   0.0509447	    0.949055	2
110	2.5188151569571	765	110	    -0.12772	    0.452272	   0.0509447	    0.949055	2
110	0.736587536381996	766	110	    -0.12772	    0.452272	   0.0509447	    0.949055	2
111	1.34357499338732	767	111	  -0.0666738	    0.820495	    0.673751	    0.326249	1
111	-0.878290110639668	768	111	  -0.0666738	    0.820495	    0.673751	    0.326249	1
111	-0.37918583941927	769	111	  -0.0666738	    0.820495	    0.673751	    0.326249	1
111	0.171859726276143	770	111	  -0.0666738	    0.820495	    0.673751	    0.326249	1
111	-2.10604389400493	771	111	  -0.0666738	    0.820495	    0.673751	    0.326249	1
111	-1.40828565555765	772	111	  -0.0666738	    0.820495	    0.673751	    0.326249	1
111	0.763652200693994	773	111	  -0.0666738	    0.820495	    0.673751	    0.326249	1
111	-0.87474647243384	774	111	  -0.0666738	    0.820495	    0.673751	    0.326249	1
112	0.713945688808268	775	112	     1.28968	    0.261646	 3.91334e-06	    0.999996	2
112	2.44544045558064	776	112	     1.28968	    0.261646	 3.91334e-06	    0.999996	2
112	2.09120279019237	777	112	     1.28968	    0.261646	 3.91334e-06	    0.999996	2
112	3.80561309650342	778	112	     1.28968	    0.261646	 3.91334e-06	    0.999996	2
112	3.59272914903584	779	112	     1.28968	    0.261646	 3.91334e-06	    0.999996	2
112	2.67592770449522	780	112	     1.28968	    0.261646	 3.91334e-06	    0.999996	2
112	2.60824485702898	781	112	     1.28968	    0.261646	 3.91334e-06	    0.999996	2
112	1.83932946369128	782	112	     1.28968	    0.261646	 3.91334e-06	    0.999996	2
112	2.48744733938505	783	112	     1.28968	    0.261646	 3.91334e-06	    0.999996	2
112	0.69495277642445	784	112	     1.28968	    0.261646	 3.91334e-06	    0.999996	2
113	-0.624649296365871	785	113	   -0.550463	    0.482698	    0.959089	   0.0409111	1
113	-2.50699235498726	786	113	   -0.550463	    0.482698	    0.959089	   0.0409111	1
113	-2.92715489683211	787	113	   -0.550463	    0.482698	    0.959089	   0.0409111	1
113	-1.07303680139465	788	113	   -0.550463	    0.482698	    0.959089	   0.0409111	1
114	0.476043430200508	789	114	  -0.0753325	     0.71629	    0.798503	    0.201497	1
114	-1.26061654644043	790	114	  -0.0753325	     0.71629	    0.798503	    0.201497	1
114	-0.134687704087734	791	114	  -0.0753325	     0.71629	    0.798503	    0.201497	1
114	-0.694837563735205	792	114	  -0.0753325	     0.71629	    0.798503	    0.201497	1
114	-0.788974994112776	793	114	  -0.0753325	     0.71629	    0.798503	    0.201497	1
114	-1.68471113202114	794	114	  -0.0753325	     0.71629	    0.798503	    0.201497	1
115	-0.837415977503016	795	115	   -0.247437	    0.527816	   0.0905609	    0.909439	2
115	3.33576943485143	796	115	   -0.247437	    0.527816	   0.0905609	    0.909439	2
115	-0.896898268750077	797	115	   -0.247437	    0.527816	   0.0905609	    0.909439	2
115	-0.540155428371753	798	115	   -0.247437	    0.527816	   0.0905609	    0.909439	2
115	0.551017812131156	799	115	   -0.247437	    0.527816	   0.0905609	    0.909439	2
115	-0.177747541634357	800	115	   -0.247437	    0.527816	   0.0905609	    0.909439	2
115	1.40778473648322	801	115	   -0.247437	    0.527816	   0.0905609	    0.909439	2
115	0.826236986978144	802	115	   -0.247437	    0.527816	   0.0905609	    0.909439	2
116	1.5060744536145	803	116	    0.436437	    0.267164	   0.0011417	    0.998858	2
116	1.79437880471129	804	116	    0.436437	    0.267164	   0.0011417	    0.998858	2
116	1.34785729176988	805	116	    0.436437	    0.267164	   0.0011417	    0.998858	2
116	2.75324055720367	806	116	    0.436437	    0.267164	   0.0011417	    0.998858	2
116	0.587457696404052	807	116	    0.436437	    0.267164	   0.0011417	    0.998858	2
116	1.60128247321818	808	116	    0.436437	    0.267164	   0.0011417	    0.998858	2
116	0.828708510915088	809	116	    0.436437	    0.267164	   0.0011417	    0.998858	2
116	2.0250126323138	810	116	    0.436437	    0.267164	   0.0011417	    0.998858	2
116	-0.301094186873534	811	116	    0.436437	    0.267164	   0.0011417	    0.998858	2
116	1.49043103714774	812	116	    0.436437	    0.267164	   0.0011417	    0.998858	2
117	1.71484325056614	813	117	     1.03246	    0.389928	 0.000133261	    0.999867	2
117	1.55766691410116	814	117	     1.03246	    0.389928	 0.000133261	    0.999867	2
117	2.48436457415911	815	117	     1.03246	    0.389928	 0.000133261	    0.999867	2
117	2.8658038851185	816	117	     1.03246	    0.389928	 0.000133261	    0.999867	2
118	-0.958286898111858	817	118	   -0.257972	    0.708683	    0.235191	    0.764809	2
118	0.232934880100544	818	118	   -0.257972	    0.708683	    0.235191	    0.764809	2
118	1.23359632813093	819	118	   -0.257972	    0.708683	    0.235191	    0.764809	2
118	0.0581759616951096	820	118	   -0.257972	    0.708683	    0.235191	    0.764809	2
118	1.15359867457272	821	118	   -0.257972	    0.708683	    0.235191	    0.764809	2
118	-0.582268142727998	822	118	   -0.257972	    0.708683	    0.235191	    0.764809	2
119	-1.66862021078021	823	119	   -0.234622	    0.813117	    0.351561	    0.648439	2
119	1.78477808826064	824	119	   -0.234622	    0.813117	    0.351561	    0.648439	2
119	-0.497369128842546	825	119	   -0.234622	    0.813117	    0.351561	    0.648439	2
119	-0.548180894320773	826	119	   -0.234622	    0.813117	    0.351561	    0.648439	2
119	-0.16844086666713	827	119	   -0.234622	    0.813117	    0.351561	    0.648439	2
119	1.02399444258339	828	119	   -0.234622	    0.813117	    0.351561	    0.648439	2
119	-0.0308943089462596	829	119	   -0.234622	    0.813117	    0.351561	    0.648439	2
119	0.131211241171852	830	119	   -0.234622	    0.813117	    0.351561	    0.648439	2
120	0.970252921517683	831	120	    0.771936	    0.262906	 0.000140272	     0.99986	2
120	2.15973271040723	832	120	    0.771936	    0.262906	 0.000140272	     0.99986	2
120	1.26959581440975	833	120	    0.771936	    0.262906	 0.000140272	     0.99986	2
120	2.25715103051725	834	120	    0.771936	    0.262906	 0.000140272	     0.99986	2
120	0.510588226006888	835	120	    0.771936	    0.262906	 0.000140272	     0.99986	2
120	0.868807117965826	836	120	    0.771936	    0.262906	 0.000140272	     0.99986	2
120	2.50186088550914	837	120	    0.771936	    0.262906	 0.000140272	     0.99986	2
120	3.209843464654	838	120	    0.771936	    0.262906	 0.000140272	     0.99986	2
120	0.739894206037504	839	120	    0.771936	    0.262906	 0.000140272	     0.99986	2
120	2.82617962389501	840	120	    0.771936	    0.262906	 0.000140272	     0.99986	2
121	1.41292092437494	841	121	     1.30641	    0.389791	 2.38158e-05	    0.999976	2
121	1.97934409905728	842	121	     1.30641	    0.389791	 2.38158e-05	    0.999976	2
121	2.53222143795992	843	121	     1.30641	    0.389791	 2.38158e-05	    0.999976	2
121	4.04277689081083	844	121	     1.30641	    0.389791	 2.38158e-05	    0.999976	2
122	-1.41872891110958	845	122	   -0.115274	    0.647683	    0.858639	    0.141361	1
122	-0.0287169116413515	846	122	   -0.115274	    0.647683	    0.858639	    0.141361	1
122	-2.19364162712628	847	122	   -0.115274	    0.647683	    0.858639	    0.141361	1
122	-1.04145927776949	848	122	   -0.115274	    0.647683	    0.858639	    0.141361	1
122	-0.711319643646851	849	122	   -0.115274	    0.647683	    0.858639	    0.141361	1
122	0.201372440937453	850	122	   -0.115274	    0.647683	    0.858639	    0.141361	1
123	0.629915808007143	851	123	   0.0502203	    0.335229	   0.0131925	    0.986807	2
123	0.905326874479699	852	123	   0.0502203	    0.335229	   0.0131925	    0.986807	2
123	1.403667230073	853	123	   0.0502203	    0.335229	   0.0131925	    0.986807	2
123	2.02549773499883	854	123	   0.0502203	    0.335229	   0.0131925	    0.986807	2
123	1.60648940656702	855	123	   0.0502203	    0.335229	   0.0131925	    0.986807	2
123	0.513830940953049	856	123	   0.0502203	    0.335229	   0.0131925	    0.986807	2
123	-0.649402168731924	857	123	   0.0502203	    0.335229	   0.0131925	    0.986807	2
123	0.953071615120286	858	123	   0.0502203	    0.335229	   0.0131925	    0.986807	2
124	-0.096441106131822	859	124	    0.362179	    0.269851	  0.00176963	     0.99823	2
124	0.95320174936799	860	124	    0.362179	    0.269851	  0.00176963	     0.99823	2
124	0.753843077031804	861	124	    0.362179	    0.269851	  0.00176963	     0.99823	2
124	2.20396118493862	862	124	    0.362179	    0.269851	  0.00176963	     0.99823	2
124	1.68159834592796	863	124	    0.362179	    0.269851	  0.00176963	     0.99823	2
124	1.89968923659241	864	124	    0.362179	    0.269851	  0.00176963	     0.99823	2
124	2.46254360985787	865	124	    0.362179	    0.269851	  0.00176963	     0.99823	2
124	2.06877888191278	866	124	    0.362179	    0.269851	  0.00176963	     0.99823	2
124	-0.605944512174534	867	124	    0.362179	    0.269851	  0.00176963	     0.99823	2
124	1.49757862189445	868	124	    0.362179	    0.269851	  0.00176963	     0.99823	2
125	0.74518130417114	869	125	   0.0171692	    0.450171	   0.0359173	    0.964083	2
125	2.08964170396151	870	125	   0.0171692	    0.450171	   0.0359173	    0.964083	2
125	-0.035833265887502	871	125	   0.0171692	    0.450171	   0.0359173	    0.964083	2
125	0.627469689393464	872	125	   0.0171692	    0.450171	   0.0359173	    0.964083	2
126	1.76820296684494	873	126	    0.205849	     0.34891	  0.00767033	     0.99233	2
126	1.22033972372971	874	126	    0.205849	     0.34891	  0.00767033	     0.99233	2
126	1.78365394917183	875	126	    0.205849	     0.34891	  0.00767033	     0.99233	2
126	0.948732575479849	876	126	    0.205849	     0.34891	  0.00767033	     0.99233	2
126	0.599380680895848	877	126	    0.205849	     0.34891	  0.00767033	     0.99233	2
126	0.36659357648454	878	126	    0.205849	     0.34891	  0.00767033	     0.99233	2
127	-0.397019997940685	879	127	   -0.253969	    0.788578	    0.310593	    0.689407	2
127	-1.09759889237933	880	127	   -0.253969	    0.788578	    0.310593	    0.689407	2
127	-0.30045534758039	881	127	   -0.253969	    0.788578	    0.310593	    0.689407	2
127	-0.383729033293955	882	127	   -0.253969	    0.788578	    0.310593	    0.689407	2
127	0.961706770123617	883	127	   -0.253969	    0.788578	    0.310593	    0.689407	2
127	0.036972940494111	884	127	   -0.253969	    0.788578	    0.310593	    0.689407	2
127	1.61666575911478	885	127	   -0.253969	    0.788578	    0.310593	    0.689407	2
127	0.0177748178893604	886	127	   -0.253969	    0.788578	    0.310593	    0.689407	2
128	-0.460532678219282	887	128	   -0.194136	    0.861885	    0.431535	    0.568465	2
128	-1.19747269930585	888	128	   -0.194136	    0.861885	    0.431535	    0.568465	2
128	-1.62162813349736	889	128	   -0.194136	    0.861885	    0.431535	    0.568465	2
128	1.19586950258611	890	128	   -0.194136	    0.861885	    0.431535	    0.568465	2
128	1.46621880371191	891	128	   -0.194136	    0.861885	    0.431535	    0.568465	2
128	0.132952491662934	892	128	   -0.194136	    0.861885	    0.431535	    0.568465	2
128	-0.725849075035522	893	128	   -0.194136	    0.861885	    0.431535	    0.568465	2
128	0.284197114922906	894	128	   -0.194136	    0.861885	    0.431535	    0.568465	2
128	0.448500555076456	895	128	   -0.194136	    0.861885	    0.431535	    0.568465	2
128	-0.56250266510836	896	128	   -0.194136	    0.861885	    0.431535	    0.568465	2
129	-2.27161143786103	897	129	   -0.672728	    0.464184	    0.967106	   0.0328936	1
129	-1.08762666140827	898	129	   -0.672728	    0.464184	    0.967106	   0.0328936	1
129	-2.30343692393964	899	129	   -0.672728	    0.464184	    0.967106	   0.0328936	1
129	-2.31583059559666	900	129	   -0.672728	    0.464184	    0.967106	   0.0328936	1
130	-2.1526478275019	901	130	    -0.46008	     0.47077	    0.954781	    0.045219	1
130	-0.592451918099314	902	130	    -0.46008	     0.47077	    0.954781	    0.045219	1
130	-1.76991397736583	903	130	    -0.46008	     0.47077	    0.954781	    0.045219	1
130	-1.90792746078484	904	130	    -0.46008	     0.47077	    0.954781	    0.045219	1
130	-1.74524492211631	905	130	    -0.46008	     0.47077	    0.954781	    0.045219	1
130	-1.15306284460984	906	130	    -0.46008	     0.47077	    0.954781	    0.045219	1
131	0.700821421300129	907	131	   -0.284298	    0.626309	     0.15008	     0.84992	2
131	0.386546169952421	908	131	   -0.284298	    0.626309	     0.15008	     0.84992	2
131	0.150183548056891	909	131	   -0.284298	    0.626309	     0.15008	     0.84992	2
131	0.346750816474109	910	131	   -0.284298	    0.626309	     0.15008	     0.84992	2
131	0.749674790814423	911	131	   -0.284298	    0.626309	     0.15008	     0.84992	2
131	-0.737614550189632	912	131	   -0.284298	    0.626309	     0.15008	     0.84992	2
131	0.632261307164611	913	131	   -0.284298	    0.626309	     0.15008	     0.84992	2
131	0.271524707890893	914	131	   -0.284298	    0.626309	     0.15008	     0.84992	2
132	-1.64067833540183	915	132	    -0.41638	    0.448785	      0.9546	   0.0454002	1
132	-0.881272617638863	916	132	    -0.41638	    0.448785	      0.9546	   0.0454002	1
132	-0.0531365660383074	917	132	    -0.41638	    0.448785	      0.9546	   0.0454002	1
132	-2.21692813961616	918	132	    -0.41638	    0.448785	      0.9546	   0.0454002	1
132	-1.60962589419432	919	132	    -0.41638	    0.448785	      0.9546	   0.0454002	1
132	-2.08188620472231	920	132	    -0.41638	    0.448785	      0.9546	   0.0454002	1
132	-1.93059033073356	921	132	    -0.41638	    0.448785	      0.9546	   0.0454002	1
132	-1.50143976119778	922	132	    -0.41638	    0.448785	      0.9546	   0.0454002	1
132	-1.02378703262989	923	132	    -0.41638	    0.448785	      0.9546	   0.0454002	1
132	-1.44044089791644	924	132	    -0.41638	    0.448785	      0.9546	   0.0454002	1
133	-1.25797371073482	925	133	   -0.321949	    0.544357	    0.927995	    0.072005	1
133	-0.644890737825706	926	133	   -0.321949	    0.544357	    0.927995	    0.072005	1
133	-1.43796059505358	927	133	   -0.321949	    0.544357	    0.927995	    0.072005	1
133	-2.05707936144833	928	133	   -0.321949	    0.544357	    0.927995	    0.072005	1
134	3.38297408729952	929	134	     1.51817	    0.328524	 2.04525e-06	    0.999998	2
134	1.95224579897215	930	134	     1.51817	    0.328524	 2.04525e-06	    0.999998	2
134	0.80906294099996	931	134	     1.51817	    0.328524	 2.04525e-06	    0.999998	2
134	2.89945052911627	932	134	     1.51817	    0.328524	 2.04525e-06	    0.999998	2
134	3.45151875230803	933	134	     1.51817	    0.328524	 2.04525e-06	    0.999998	2
134	3.32635881655009	934	134	     1.51817	    0.328524	 2.04525e-06	    0.999998	2
135	-1.10728042347173	935	135	   -0.381397	    0.473354	       0.949	   0.0510002	1
135	-1.66215725030384	936	135	   -0.381397	    0.473354	       0.949	   0.0510002	1
135	-2.46568671661702	937	135	   -0.381397	    0.473354	       0.949	   0.0510002	1
135	-1.3383855192307	938	135	   -0.381397	    0.473354	       0.949	   0.0510002	1
135	-0.689297322030667	939	135	   -0.381397	    0.473354	       0.949	   0.0510002	1
135	-1.29377912823161	940	135	   -0.381397	    0.473354	       0.949	   0.0510002	1
135	-1.65672849242121	941	135	   -0.381397	    0.473354	       0.949	   0.0510002	1
135	-0.99759297777417	942	135	   -0.381397	    0.473354	       0.949	   0.0510002	1
136	0.176001589006253	943	136	  -0.0360679	    0.780792	    0.749904	    0.250096	1
136	0.204582424798354	944	136	  -0.0360679	    0.780792	    0.749904	    0.250096	1
136	-0.803448793736346	945	136	  -0.0360679	    0.780792	    0.749904	    0.250096	1
136	-0.720300250789275	946	136	  -0.0360679	    0.780792	    0.749904	    0.250096	1
136	-1.01961107005272	947	136	  -0.0360679	    0.780792	    0.749904	    0.250096	1
136	-1.86665895884402	948	136	  -0.0360679	    0.780792	    0.749904	    0.250096	1
136	-1.41960791680016	949	136	  -0.0360679	    0.780792	    0.749904	    0.250096	1
136	0.535226963447123	950	136	  -0.0360679	    0.780792	    0.749904	    0.250096	1
136	-0.379983280074511	951	136	  -0.0360679	    0.780792	    0.749904	    0.250096	1
136	-0.167398440551868	952	136	  -0.0360679	    0.780792	    0.749904	    0.250096	1
137	2.99124515443244	953	137	      1.0584	    0.389902	 0.000113734	    0.999886	2
137	0.647914905979115	954	137	      1.0584	    0.389902	 0.000113734	    0.999886	2
137	3.37995801615369	955	137	      1.0584	    0.389902	 0.000113734	    0.999886	2
137	1.73093386674761	956	137	      1.0584	    0.389902	 0.000113734	    0.999886	2
138	2.9402870861466	957	138	   -0.251361	    0.614563	    0.149088	    0.850912	2
138	-1.74526172235131	958	138	   -0.251361	    0.614563	    0.149088	    0.850912	2
138	0.343254295199978	959	138	   -0.251361	    0.614563	    0.149088	    0.850912	2
138	0.810148814429947	960	138	   -0.251361	    0.614563	    0.149088	    0.850912	2
138	-0.71381269231995	961	138	   -0.251361	    0.614563	    0.149088	    0.850912	2
138	0.457690736399321	962	138	   -0.251361	    0.614563	    0.149088	    0.850912	2
139	0.0211887575162112	963	139	   -0.177605	    0.850813	    0.456385	    0.543615	2
139	0.883831355460811	964	139	   -0.177605	    0.850813	    0.456385	    0.543615	2
139	-0.577553589884388	965	139	   -0.177605	    0.850813	    0.456385	    0.543615	2
139	-0.530399257023338	966	139	   -0.177605	    0.850813	    0.456385	    0.543615	2
139	-0.681482597236206	967	139	   -0.177605	    0.850813	    0.456385	    0.543615	2
139	0.231740216664412	968	139	   -0.177605	    0.850813	    0.456385	    0.543615	2
139	0.311775869588684	969	139	   -0.177605	    0.850813	    0.456385	    0.543615	2
139	-0.679422420377143	970	139	   -0.177605	    0.850813	    0.456385	    0.543615	2
140	-0.918376488601621	971	140	    -1.07949	    0.362353	    0.979855	   0.0201454	1
140	-1.22029319416677	972	140	    -1.07949	    0.362353	    0.979855	   0.0201454	1
140	-2.04351462818793	973	140	    -1.07949	    0.362353	    0.979855	   0.0201454	1
140	-2.68072524297731	974	140	    -1.07949	    0.362353	    0.979855	   0.0201454	1
140	-4.27468371674218	975	140	    -1.07949	    0.362353	    0.979855	   0.0201454	1
140	-3.39640959897694	976	140	    -1.07949	    0.362353	    0.979855	   0.0201454	1
140	-1.32026785272418	977	140	    -1.07949	    0.362353	    0.979855	   0.0201454	1
140	-3.75734752962577	978	140	    -1.07949	    0.362353	    0.979855	   0.0201454	1
140	-1.97559458596382	979	140	    -1.07949	    0.362353	    0.979855	   0.0201454	1
140	-1.47788969020507	980	140	    -1.07949	    0.362353	    0.979855	   0.0201454	1
141	3.13131837715006	981	141	    0.776657	     0.39059	 0.000604206	    0.999396	2
141	0.955642174463909	982	141	    0.776657	     0.39059	 0.000604206	    0.999396	2
141	1.3327534994699	983	141	    0.776657	     0.39059	 0.000604206	    0.999396	2
141	1.94553042320051	984	141	    0.776657	     0.39059	 0.000604206	    0.999396	2
142	-0.816217191363488	985	142	  -0.0776347	    0.795158	    0.688248	    0.311752	1
142	-0.35756299260295	986	142	  -0.0776347	    0.795158	    0.688248	    0.311752	1
142	-0.929092803190601	987	142	  -0.0776347	    0.795158	    0.688248	    0.311752	1
142	-0.19778724014578	988	142	  -0.0776347	    0.795158	    0.688248	    0.311752	1
142	0.0875002123130623	989	142	  -0.0776347	    0.795158	    0.688248	    0.311752	1
142	-0.503582970559237	990	142	  -0.0776347	    0.795158	    0.688248	    0.311752	1
143	0.80488042201542	991	143	    0.267823	    0.302895	  0.00387404	    0.996126	2
143	-0.509302937383366	992	143	    0.267823	    0.302895	  0.00387404	    0.996126	2
143	-0.063800097487763	993	143	    0.267823	    0.302895	  0.00387404	    0.996126	2
143	2.93093765801566	994	143	    0.267823	    0.302895	  0.00387404	    0.996126	2
143	2.49249724117154	995	143	    0.267823	    0.302895	  0.00387404	    0.996126	2
143	-0.201788304081266	996	143	    0.267823	    0.302895	  0.00387404	    0.996126	2
143	2.06920646528225	997	143	    0.267823	    0.302895	  0.00387404	    0.996126	2
143	1.92914671898797	998	143	    0.267823	    0.302895	  0.00387404	    0.996126	2
144	-1.91444380377673	999	144	   -0.312695	    0.484453	    0.942077	   0.0579234	1
144	-2.15500599505696	1000	144	   -0.312695	    0.484453	    0.942077	   0.0579234	1
144	-0.712660121116104	1001	144	   -0.312695	    0.484453	    0.942077	   0.0579234	1
144	-3.25137393281248	1002	144	   -0.312695	    0.484453	    0.942077	   0.0579234	1
144	-0.489312893169016	1003	144	   -0.312695	    0.484453	    0.942077	   0.0579234	1
144	-1.91006778096132	1004	144	   -0.312695	    0.484453	    0.942077	   0.0579234	1
144	-0.264076910071425	1005	144	   -0.312695	    0.484453	    0.942077	   0.0579234	1
144	0.232360719854881	1006	144	   -0.312695	    0.484453	    0.942077	   0.0579234	1
144	-1.84206086091464	1007	144	   -0.312695	    0.484453	    0.942077	   0.0579234	1
144	-0.533741441559211	1008	144	   -0.312695	    0.484453	    0.942077	   0.0579234	1
145	-0.0651687174502469	1009	145	   -0.170627	    0.568234	    0.119354	    0.880646	2
145	0.77402360694382	1010	145	   -0.170627	    0.568234	    0.119354	    0.880646	2
145	0.17536486078871	1011	145	   -0.170627	    0.568234	    0.119354	    0.880646	2
145	1.08123444067858	1012	145	   -0.170627	    0.568234	    0.119354	    0.880646	2
146	-0.353139087512071	1013	146	   -0.088362	    0.810846	     0.65211	     0.34789	1
146	-0.360438101819551	1014	146	   -0.088362	    0.810846	     0.65211	     0.34789	1
146	0.0231399403365761	1015	146	   -0.088362	    0.810846	     0.65211	     0.34789	1
146	0.674479273571484	1016	146	   -0.088362	    0.810846	     0.65211	     0.34789	1
146	-1.58408235125655	1017	146	   -0.088362	    0.810846	     0.65211	     0.34789	1
146	-0.756929505522781	1018	146	   -0.088362	    0.810846	     0.65211	     0.34789	1
147	-0.0251431235711274	1019	147	   -0.158013	    0.584055	    0.899328	    0.100672	1
147	-1.68321264921168	1020	147	   -0.158013	    0.584055	    0.899328	    0.100672	1
147	-1.2988654867967	1021	147	   -0.158013	    0.584055	    0.899328	    0.100672	1
147	0.689455851527469	1022	147	   -0.158013	    0.584055	    0.899328	    0.100672	1
147	-2.01973259214724	1023	147	   -0.158013	    0.584055	    0.899328	    0.100672	1
147	-1.46380059360755	1024	147	   -0.158013	    0.584055	    0.899328	    0.100672	1
147	-1.04600209489817	1025	147	   -0.158013	    0.584055	    0.899328	    0.100672	1
147	-1.21162723934429	1026	147	   -0.158013	    0.584055	    0.899328	    0.100672	1
148	-0.99184998406809	1027	148	   -0.296223	    0.491279	    0.939502	   0.0604982	1
148	-0.519956050367644	1028	148	   -0.296223	    0.491279	    0.939502	   0.0604982	1
148	-0.500175119539609	1029	148	   -0.296223	    0.491279	    0.939502	   0.0604982	1
148	-3.45809841452689	1030	148	   -0.296223	    0.491279	    0.939502	   0.0604982	1
148	-1.2232549554758	1031	148	   -0.296223	    0.491279	    0.939502	   0.0604982	1
148	-1.46724068079489	1032	148	   -0.296223	    0.491279	    0.939502	   0.0604982	1
148	-2.061355507853	1033	148	   -0.296223	    0.491279	    0.939502	   0.0604982	1
148	-1.52710913896381	1034	148	   -0.296223	    0.491279	    0.939502	   0.0604982	1
148	-0.472533900055079	1035	148	   -0.296223	    0.491279	    0.939502	   0.0604982	1
148	-0.362061886638357	1036	148	   -0.296223	    0.491279	    0.939502	   0.0604982	1
149	-1.90334267494174	1037	149	   -0.282567	    0.561045	    0.918176	   0.0818238	1
149	-1.18955485629855	1038	149	   -0.282567	    0.561045	    0.918176	   0.0818238	1
149	-0.870643615319924	1039	149	   -0.282567	    0.561045	    0.918176	   0.0818238	1
149	-1.09448123993297	1040	149	   -0.282567	    0.561045	    0.918176	   0.0818238	1
150	1.08261269708215	1041	150	    0.237272	     0.34565	  0.00645869	    0.993541	2
150	2.6081543633368	1042	150	    0.237272	     0.34565	  0.00645869	    0.993541	2
150	-0.146001829338007	1043	150	    0.237272	     0.34565	  0.00645869	    0.993541	2
150	3.03728063377236	1044	150	    0.237272	     0.34565	  0.00645869	    0.993541	2
150	0.193582764533	1045	150	    0.237272	     0.34565	  0.00645869	    0.993541	2
150	0.139883483598931	1046	150	    0.237272	     0.34565	  0.00645869	    0.993541	2
