g	y1	id	g	F1	F1_std	GClass#1	GClass#2	GClass#
1	-1.13277964149064	1	1	   -0.107449	    0.709107	    0.477377	    0.522623	2
1	0.13266110961287	2	1	   -0.107449	    0.709107	    0.477377	    0.522623	2
1	0.142665550147523	3	1	   -0.107449	    0.709107	    0.477377	    0.522623	2
1	0.073003641644013	4	1	   -0.107449	    0.709107	    0.477377	    0.522623	2
2	-0.543056674991278	5	2	   -0.155991	    0.605325	    0.178247	    0.821753	2
2	-0.527148728456438	6	2	   -0.155991	    0.605325	    0.178247	    0.821753	2
2	0.79052678157697	7	2	   -0.155991	    0.605325	    0.178247	    0.821753	2
2	1.79326497525574	8	2	   -0.155991	    0.605325	    0.178247	    0.821753	2
2	0.752269097929843	9	2	   -0.155991	    0.605325	    0.178247	    0.821753	2
2	-0.596424825513996	10	2	   -0.155991	    0.605325	    0.178247	    0.821753	2
3	-1.63397465779879	11	3	   -0.324471	    0.361117	    0.973361	   0.0266389	1
3	-0.87309040313163	12	3	   -0.324471	    0.361117	    0.973361	   0.0266389	1
3	-1.44752979037933	13	3	   -0.324471	    0.361117	    0.973361	   0.0266389	1
3	-2.19413823864694	14	3	   -0.324471	    0.361117	    0.973361	   0.0266389	1
3	-1.46920201635501	15	3	   -0.324471	    0.361117	    0.973361	   0.0266389	1
3	-2.02569062413152	16	3	   -0.324471	    0.361117	    0.973361	   0.0266389	1
3	0.279651380692108	17	3	   -0.324471	    0.361117	    0.973361	   0.0266389	1
3	-1.0448919306908	18	3	   -0.324471	    0.361117	    0.973361	   0.0266389	1
4	-0.592679972709962	19	4	   -0.193018	    0.715324	    0.281214	    0.718786	2
4	0.386716795231207	20	4	   -0.193018	    0.715324	    0.281214	    0.718786	2
4	0.798314390875259	21	4	   -0.193018	    0.715324	    0.281214	    0.718786	2
4	1.78907962138676	22	4	   -0.193018	    0.715324	    0.281214	    0.718786	2
4	-0.938090167122473	23	4	   -0.193018	    0.715324	    0.281214	    0.718786	2
4	-1.92816846226732	24	4	   -0.193018	    0.715324	    0.281214	    0.718786	2
4	0.565176767966217	25	4	   -0.193018	    0.715324	    0.281214	    0.718786	2
4	0.186602766208444	26	4	   -0.193018	    0.715324	    0.281214	    0.718786	2
4	0.364378742459182	27	4	   -0.193018	    0.715324	    0.281214	    0.718786	2
4	0.100476053737348	28	4	   -0.193018	    0.715324	    0.281214	    0.718786	2
5	2.45002318912232	29	5	    0.590262	    0.373051	  0.00563386	    0.994366	2
5	1.56019468189961	30	5	    0.590262	    0.373051	  0.00563386	    0.994366	2
5	0.934606578801797	31	5	    0.590262	    0.373051	  0.00563386	    0.994366	2
5	1.54377311771669	32	5	    0.590262	    0.373051	  0.00563386	    0.994366	2
6	-0.478149124412289	33	6	      -0.118	    0.505064	    0.904999	   0.0950015	1
6	-1.69904694236543	34	6	      -0.118	    0.505064	    0.904999	   0.0950015	1
6	0.23450948064303	35	6	      -0.118	    0.505064	    0.904999	   0.0950015	1
6	-2.38710607585703	36	6	      -0.118	    0.505064	    0.904999	   0.0950015	1
6	-1.17023255794223	37	6	      -0.118	    0.505064	    0.904999	   0.0950015	1
6	-0.138481041488947	38	6	      -0.118	    0.505064	    0.904999	   0.0950015	1
7	0.475717176720792	39	7	   -0.131299	    0.763685	    0.432692	    0.567308	2
7	0.540772440926185	40	7	   -0.131299	    0.763685	    0.432692	    0.567308	2
7	-0.267206191326451	41	7	   -0.131299	    0.763685	    0.432692	    0.567308	2
7	-1.80336172061629	42	7	   -0.131299	    0.763685	    0.432692	    0.567308	2
7	-0.285059951996823	43	7	   -0.131299	    0.763685	    0.432692	    0.567308	2
7	-0.397650286609662	44	7	   -0.131299	    0.763685	    0.432692	    0.567308	2
7	0.471897635156272	45	7	   -0.131299	    0.763685	    0.432692	    0.567308	2
7	0.271268440638507	46	7	   -0.131299	    0.763685	    0.432692	    0.567308	2
8	-1.10400157128307	47	8	   -0.154424	    0.522891	    0.105795	    0.894205	2
8	0.195492072330705	48	8	   -0.154424	    0.522891	    0.105795	    0.894205	2
8	0.371817993010974	49	8	   -0.154424	    0.522891	    0.105795	    0.894205	2
8	-0.169209187166815	50	8	   -0.154424	    0.522891	    0.105795	    0.894205	2
8	2.35828777490759	51	8	   -0.154424	    0.522891	    0.105795	    0.894205	2
8	0.22114076299624	52	8	   -0.154424	    0.522891	    0.105795	    0.894205	2
8	1.67726504504842	53	8	   -0.154424	    0.522891	    0.105795	    0.894205	2
8	-0.0802154131551678	54	8	   -0.154424	    0.522891	    0.105795	    0.894205	2
8	-0.0733891047277156	55	8	   -0.154424	    0.522891	    0.105795	    0.894205	2
8	0.844294638352173	56	8	   -0.154424	    0.522891	    0.105795	    0.894205	2
9	0.580081219315263	57	9	    0.191821	    0.418034	   0.0303904	     0.96961	2
9	0.809493111474637	58	9	    0.191821	    0.418034	   0.0303904	     0.96961	2
9	0.694298735662571	59	9	    0.191821	    0.418034	   0.0303904	     0.96961	2
9	1.95706204904944	60	9	    0.191821	    0.418034	   0.0303904	     0.96961	2
10	0.608184657522768	61	10	    0.774238	    0.317209	  0.00203743	    0.997963	2
10	2.31307627417247	62	10	    0.774238	    0.317209	  0.00203743	    0.997963	2
10	2.20207976202699	63	10	    0.774238	    0.317209	  0.00203743	    0.997963	2
10	2.79077613476096	64	10	    0.774238	    0.317209	  0.00203743	    0.997963	2
10	2.22517835993199	65	10	    0.774238	    0.317209	  0.00203743	    0.997963	2
10	0.545010866487627	66	10	    0.774238	    0.317209	  0.00203743	    0.997963	2
11	-1.81004352949148	67	11	   -0.119206	    0.767774	    0.461343	    0.538657	2
11	0.502466201157958	68	11	   -0.119206	    0.767774	    0.461343	    0.538657	2
11	-0.210207563566731	69	11	   -0.119206	    0.767774	    0.461343	    0.538657	2
11	0.897541832315741	70	11	   -0.119206	    0.767774	    0.461343	    0.538657	2
11	0.545220292275955	71	11	   -0.119206	    0.767774	    0.461343	    0.538657	2
11	-0.763840918008966	72	11	   -0.119206	    0.767774	    0.461343	    0.538657	2
11	-0.957940860156629	73	11	   -0.119206	    0.767774	    0.461343	    0.538657	2
11	0.521056909456334	74	11	   -0.119206	    0.767774	    0.461343	    0.538657	2
12	-2.77084508240193	75	12	    -1.54722	    0.253263	    0.999839	 0.000161013	1
12	-2.03935320759424	76	12	    -1.54722	    0.253263	    0.999839	 0.000161013	1
12	-2.56949516220592	77	12	    -1.54722	    0.253263	    0.999839	 0.000161013	1
12	-3.32785030351867	78	12	    -1.54722	    0.253263	    0.999839	 0.000161013	1
12	-2.07082863916152	79	12	    -1.54722	    0.253263	    0.999839	 0.000161013	1
12	-3.78004658840704	80	12	    -1.54722	    0.253263	    0.999839	 0.000161013	1
12	-2.61362495954218	81	12	    -1.54722	    0.253263	    0.999839	 0.000161013	1
12	-1.74418535390317	82	12	    -1.54722	    0.253263	    0.999839	 0.000161013	1
12	-3.45186327807208	83	12	    -1.54722	    0.253263	    0.999839	 0.000161013	1
12	-3.28405905738779	84	12	    -1.54722	    0.253263	    0.999839	 0.000161013	1
13	-0.152014993252459	85	13	   0.0324068	    0.471547	    0.065709	    0.934291	2
13	-0.0216582984141349	86	13	   0.0324068	    0.471547	    0.065709	    0.934291	2
13	2.0100396048746	87	13	   0.0324068	    0.471547	    0.065709	    0.934291	2
13	1.04807575622165	88	13	   0.0324068	    0.471547	    0.065709	    0.934291	2
14	-0.646157195191929	89	14	  -0.0842856	    0.742927	    0.552021	    0.447979	1
14	-1.99590866106986	90	14	  -0.0842856	    0.742927	    0.552021	    0.447979	1
14	1.25846301306258	91	14	  -0.0842856	    0.742927	    0.552021	    0.447979	1
14	0.394500217180592	92	14	  -0.0842856	    0.742927	    0.552021	    0.447979	1
14	-0.512411237640742	93	14	  -0.0842856	    0.742927	    0.552021	    0.447979	1
14	-0.185381674905845	94	14	  -0.0842856	    0.742927	    0.552021	    0.447979	1
15	0.895317937816879	95	15	  -0.0430337	    0.740015	    0.647606	    0.352394	1
15	0.36819385046891	96	15	  -0.0430337	    0.740015	    0.647606	    0.352394	1
15	-1.39881861691897	97	15	  -0.0430337	    0.740015	    0.647606	    0.352394	1
15	-1.27479729817611	98	15	  -0.0430337	    0.740015	    0.647606	    0.352394	1
15	0.685845309283173	99	15	  -0.0430337	    0.740015	    0.647606	    0.352394	1
15	-0.548306432366604	100	15	  -0.0430337	    0.740015	    0.647606	    0.352394	1
15	-1.66641039298713	101	15	  -0.0430337	    0.740015	    0.647606	    0.352394	1
15	-0.194551790223505	102	15	  -0.0430337	    0.740015	    0.647606	    0.352394	1
16	-0.62085110180008	103	16	    -0.25589	    0.365822	    0.967324	   0.0326759	1
16	-0.235184253020261	104	16	    -0.25589	    0.365822	    0.967324	   0.0326759	1
16	-2.81657675530756	105	16	    -0.25589	    0.365822	    0.967324	   0.0326759	1
16	-0.2230472624164	106	16	    -0.25589	    0.365822	    0.967324	   0.0326759	1
16	-1.30892677683193	107	16	    -0.25589	    0.365822	    0.967324	   0.0326759	1
16	-0.859755478199829	108	16	    -0.25589	    0.365822	    0.967324	   0.0326759	1
16	-2.47475363865272	109	16	    -0.25589	    0.365822	    0.967324	   0.0326759	1
16	-0.9612138950175	110	16	    -0.25589	    0.365822	    0.967324	   0.0326759	1
16	-2.85871396220229	111	16	    -0.25589	    0.365822	    0.967324	   0.0326759	1
16	0.394930200859952	112	16	    -0.25589	    0.365822	    0.967324	   0.0326759	1
17	0.97667356041937	113	17	   0.0999042	    0.444041	   0.0466813	    0.953319	2
17	0.80706626649813	114	17	   0.0999042	    0.444041	   0.0466813	    0.953319	2
17	0.770246453383243	115	17	   0.0999042	    0.444041	   0.0466813	    0.953319	2
17	0.84852678911508	116	17	   0.0999042	    0.444041	   0.0466813	    0.953319	2
18	0.224845758016583	117	18	   -0.122648	    0.742173	    0.442424	    0.557576	2
18	0.401286716922088	118	18	   -0.122648	    0.742173	    0.442424	    0.557576	2
18	-0.227056296804502	119	18	   -0.122648	    0.742173	    0.442424	    0.557576	2
18	-0.136122874391094	120	18	   -0.122648	    0.742173	    0.442424	    0.557576	2
18	-1.2768094117649	121	18	   -0.122648	    0.742173	    0.442424	    0.557576	2
18	0.177423773536111	122	18	   -0.122648	    0.742173	    0.442424	    0.557576	2
19	-2.58135116157091	123	19	   -0.498393	     0.31981	    0.987553	   0.0124474	1
19	-1.20898742061003	124	19	   -0.498393	     0.31981	    0.987553	   0.0124474	1
19	-0.0010270687331233	125	19	   -0.498393	     0.31981	    0.987553	   0.0124474	1
19	-1.68054002780709	126	19	   -0.498393	     0.31981	    0.987553	   0.0124474	1
19	-1.52283700827313	127	19	   -0.498393	     0.31981	    0.987553	   0.0124474	1
19	-0.264427346898255	128	19	   -0.498393	     0.31981	    0.987553	   0.0124474	1
19	-2.35912102480766	129	19	   -0.498393	     0.31981	    0.987553	   0.0124474	1
19	-2.67724248598933	130	19	   -0.498393	     0.31981	    0.987553	   0.0124474	1
20	0.0865417905463061	131	20	   -0.136528	    0.499397	   0.0922788	    0.907721	2
20	0.942917482471238	132	20	   -0.136528	    0.499397	   0.0922788	    0.907721	2
20	-0.259394381470968	133	20	   -0.136528	    0.499397	   0.0922788	    0.907721	2
20	0.0501430841316767	134	20	   -0.136528	    0.499397	   0.0922788	    0.907721	2
20	0.0390525512551583	135	20	   -0.136528	    0.499397	   0.0922788	    0.907721	2
20	0.954699126556244	136	20	   -0.136528	    0.499397	   0.0922788	    0.907721	2
20	1.48562118619399	137	20	   -0.136528	    0.499397	   0.0922788	    0.907721	2
20	-0.406362627902268	138	20	   -0.136528	    0.499397	   0.0922788	    0.907721	2
20	1.43827837852297	139	20	   -0.136528	    0.499397	   0.0922788	    0.907721	2
20	0.355135117521834	140	20	   -0.136528	    0.499397	   0.0922788	    0.907721	2
21	0.858306227021169	141	21	    0.388482	    0.387165	   0.0129655	    0.987035	2
21	0.65738442032576	142	21	    0.388482	    0.387165	   0.0129655	    0.987035	2
21	2.15738161776613	143	21	    0.388482	    0.387165	   0.0129655	    0.987035	2
21	1.61226600376454	144	21	    0.388482	    0.387165	   0.0129655	    0.987035	2
22	0.0206928882380544	145	22	  -0.0310952	    0.461139	   0.0674637	    0.932536	2
22	0.463344223757512	146	22	  -0.0310952	    0.461139	   0.0674637	    0.932536	2
22	0.208566965936535	147	22	  -0.0310952	    0.461139	   0.0674637	    0.932536	2
22	1.78070880364637	148	22	  -0.0310952	    0.461139	   0.0674637	    0.932536	2
22	1.12232125072117	149	22	  -0.0310952	    0.461139	   0.0674637	    0.932536	2
22	0.195376951771926	150	22	  -0.0310952	    0.461139	   0.0674637	    0.932536	2
23	1.27047566405659	151	23	    -0.14835	     0.54198	    0.119371	    0.880629	2
23	1.85039893114119	152	23	    -0.14835	     0.54198	    0.119371	    0.880629	2
23	-0.065572074808552	153	23	    -0.14835	     0.54198	    0.119371	    0.880629	2
23	-0.0427210404864795	154	23	    -0.14835	     0.54198	    0.119371	    0.880629	2
23	0.0289452727764347	155	23	    -0.14835	     0.54198	    0.119371	    0.880629	2
23	-0.563449714659648	156	23	    -0.14835	     0.54198	    0.119371	    0.880629	2
23	0.0878171484799994	157	23	    -0.14835	     0.54198	    0.119371	    0.880629	2
23	0.644140546965762	158	23	    -0.14835	     0.54198	    0.119371	    0.880629	2
24	-2.20096325766778	159	24	   -0.622644	    0.280059	    0.993346	  0.00665352	1
24	-1.77692513709389	160	24	   -0.622644	    0.280059	    0.993346	  0.00665352	1
24	-1.88293838395495	161	24	   -0.622644	    0.280059	    0.993346	  0.00665352	1
24	-2.74161746118932	162	24	   -0.622644	    0.280059	    0.993346	  0.00665352	1
24	-1.21131403297194	163	24	   -0.622644	    0.280059	    0.993346	  0.00665352	1
24	-2.19476231693144	164	24	   -0.622644	    0.280059	    0.993346	  0.00665352	1
24	0.658254075956542	165	24	   -0.622644	    0.280059	    0.993346	  0.00665352	1
24	-1.49350757578763	166	24	   -0.622644	    0.280059	    0.993346	  0.00665352	1
24	-2.12138555652892	167	24	   -0.622644	    0.280059	    0.993346	  0.00665352	1
24	-1.74716000362698	168	24	   -0.622644	    0.280059	    0.993346	  0.00665352	1
25	2.0772092909345	169	25	    0.849119	    0.365727	  0.00197727	    0.998023	2
25	0.63606346194348	170	25	    0.849119	    0.365727	  0.00197727	    0.998023	2
25	2.9639149583171	171	25	    0.849119	    0.365727	  0.00197727	    0.998023	2
25	2.31495047254241	172	25	    0.849119	    0.365727	  0.00197727	    0.998023	2
26	-0.958083409016524	173	26	     -0.6615	    0.332298	    0.992586	  0.00741432	1
26	-1.95733366484989	174	26	     -0.6615	    0.332298	    0.992586	  0.00741432	1
26	-1.92143409456055	175	26	     -0.6615	    0.332298	    0.992586	  0.00741432	1
26	-1.69315220636375	176	26	     -0.6615	    0.332298	    0.992586	  0.00741432	1
26	-2.72418878841154	177	26	     -0.6615	    0.332298	    0.992586	  0.00741432	1
26	-1.49067715204582	178	26	     -0.6615	    0.332298	    0.992586	  0.00741432	1
27	-0.349561551904417	179	27	   -0.140245	    0.530219	    0.111423	    0.888577	2
27	0.838794365691662	180	27	   -0.140245	    0.530219	    0.111423	    0.888577	2
27	1.20871497595424	181	27	   -0.140245	    0.530219	    0.111423	    0.888577	2
27	0.310366793279527	182	27	   -0.140245	    0.530219	    0.111423	    0.888577	2
27	1.28438045932643	183	27	   -0.140245	    0.530219	    0.111423	    0.888577	2
27	1.15835569702968	184	27	   -0.140245	    0.530219	    0.111423	    0.888577	2
27	-0.433271122133704	185	27	   -0.140245	    0.530219	    0.111423	    0.888577	2
27	-0.618212740790638	186	27	   -0.140245	    0.530219	    0.111423	    0.888577	2
28	-1.33561253244713	187	28	   -0.211497	    0.387272	    0.959458	   0.0405424	1
28	-2.89173341539777	188	28	   -0.211497	    0.387272	    0.959458	   0.0405424	1
28	-0.0343465414379875	189	28	   -0.211497	    0.387272	    0.959458	   0.0405424	1
28	-1.57274648695303	190	28	   -0.211497	    0.387272	    0.959458	   0.0405424	1
28	-1.91540797243907	191	28	   -0.211497	    0.387272	    0.959458	   0.0405424	1
28	0.392457881949623	192	28	   -0.211497	    0.387272	    0.959458	   0.0405424	1
28	-1.17114200337452	193	28	   -0.211497	    0.387272	    0.959458	   0.0405424	1
28	-0.389164907567258	194	28	   -0.211497	    0.387272	    0.959458	   0.0405424	1
28	-0.320205236838726	195	28	   -0.211497	    0.387272	    0.959458	   0.0405424	1
28	-2.06922261017251	196	28	   -0.211497	    0.387272	    0.959458	   0.0405424	1
29	-0.797869726142293	197	29	   -0.141155	    0.533891	    0.882846	    0.117154	1
29	-0.458869891295679	198	29	   -0.141155	    0.533891	    0.882846	    0.117154	1
29	-1.42395897718765	199	29	   -0.141155	    0.533891	    0.882846	    0.117154	1
29	-1.12331906000409	200	29	   -0.141155	    0.533891	    0.882846	    0.117154	1
30	-0.354307739042849	201	30	    0.286098	    0.352584	   0.0151384	    0.984862	2
30	1.36328380797034	202	30	    0.286098	    0.352584	   0.0151384	    0.984862	2
30	1.72893407080263	203	30	    0.286098	    0.352584	   0.0151384	    0.984862	2
30	-0.397558994499656	204	30	    0.286098	    0.352584	   0.0151384	    0.984862	2
30	2.87595633034795	205	30	    0.286098	    0.352584	   0.0151384	    0.984862	2
30	1.56747824908725	206	30	    0.286098	    0.352584	   0.0151384	    0.984862	2
31	0.0481079582973321	207	31	   -0.143317	    0.534538	    0.114303	    0.885697	2
31	0.411043781608543	208	31	   -0.143317	    0.534538	    0.114303	    0.885697	2
31	-1.37342789067006	209	31	   -0.143317	    0.534538	    0.114303	    0.885697	2
31	0.849833774921509	210	31	   -0.143317	    0.534538	    0.114303	    0.885697	2
31	2.01668386720398	211	31	   -0.143317	    0.534538	    0.114303	    0.885697	2
31	1.33551163495726	212	31	   -0.143317	    0.534538	    0.114303	    0.885697	2
31	-0.189279996505452	213	31	   -0.143317	    0.534538	    0.114303	    0.885697	2
31	0.23110760869276	214	31	   -0.143317	    0.534538	    0.114303	    0.885697	2
32	-1.78261605923968	215	32	   -0.366308	    0.326585	    0.980263	   0.0197366	1
32	-1.20676586053015	216	32	   -0.366308	    0.326585	    0.980263	   0.0197366	1
32	-1.10725966832611	217	32	   -0.366308	    0.326585	    0.980263	   0.0197366	1
32	-2.20859393919622	218	32	   -0.366308	    0.326585	    0.980263	   0.0197366	1
32	-0.922824343924671	219	32	   -0.366308	    0.326585	    0.980263	   0.0197366	1
32	-1.69356699115952	220	32	   -0.366308	    0.326585	    0.980263	   0.0197366	1
32	-0.318376808130271	221	32	   -0.366308	    0.326585	    0.980263	   0.0197366	1
32	-0.805786064732806	222	32	   -0.366308	    0.326585	    0.980263	   0.0197366	1
32	-1.58342305260449	223	32	   -0.366308	    0.326585	    0.980263	   0.0197366	1
32	-1.85338186117095	224	32	   -0.366308	    0.326585	    0.980263	   0.0197366	1
33	-1.44228704699121	225	33	   -0.102434	    0.576156	    0.839276	    0.160724	1
33	-0.72390403821749	226	33	   -0.102434	    0.576156	    0.839276	    0.160724	1
33	-0.67677153561268	227	33	   -0.102434	    0.576156	    0.839276	    0.160724	1
33	-0.436168048352493	228	33	   -0.102434	    0.576156	    0.839276	    0.160724	1
34	-0.730753788183836	229	34	    0.167266	    0.377518	   0.0254498	     0.97455	2
34	2.35799838868536	230	34	    0.167266	    0.377518	   0.0254498	     0.97455	2
34	0.671548536868511	231	34	    0.167266	    0.377518	   0.0254498	     0.97455	2
34	0.603372389851343	232	34	    0.167266	    0.377518	   0.0254498	     0.97455	2
34	1.36630317596251	233	34	    0.167266	    0.377518	   0.0254498	     0.97455	2
34	1.4912963637225	234	34	    0.167266	    0.377518	   0.0254498	     0.97455	2
35	2.07296449489285	235	35	  -0.0660987	    0.455059	   0.0676849	    0.932315	2
35	1.04839791383737	236	35	  -0.0660987	    0.455059	   0.0676849	    0.932315	2
35	-0.0559845502546465	237	35	  -0.0660987	    0.455059	   0.0676849	    0.932315	2
35	-0.266256881219835	238	35	  -0.0660987	    0.455059	   0.0676849	    0.932315	2
35	0.353086912967356	239	35	  -0.0660987	    0.455059	   0.0676849	    0.932315	2
35	0.59542125241205	240	35	  -0.0660987	    0.455059	   0.0676849	    0.932315	2
35	0.00985038440599428	241	35	  -0.0660987	    0.455059	   0.0676849	    0.932315	2
35	0.971960860341171	242	35	  -0.0660987	    0.455059	   0.0676849	    0.932315	2
36	-1.73700496262228	243	36	  -0.0226952	    0.572317	    0.861894	    0.138106	1
36	-2.15303659042806	244	36	  -0.0226952	    0.572317	    0.861894	    0.138106	1
36	-1.0112781459165	245	36	  -0.0226952	    0.572317	    0.861894	    0.138106	1
36	-0.89883976824402	246	36	  -0.0226952	    0.572317	    0.861894	    0.138106	1
36	-0.00676312728324135	247	36	  -0.0226952	    0.572317	    0.861894	    0.138106	1
36	-0.644094248960591	248	36	  -0.0226952	    0.572317	    0.861894	    0.138106	1
36	-0.361021047716461	249	36	  -0.0226952	    0.572317	    0.861894	    0.138106	1
36	-1.41728977498132	250	36	  -0.0226952	    0.572317	    0.861894	    0.138106	1
36	-0.035141494395188	251	36	  -0.0226952	    0.572317	    0.861894	    0.138106	1
36	0.868846545744847	252	36	  -0.0226952	    0.572317	    0.861894	    0.138106	1
37	-0.630236542612257	253	37	  -0.0816291	    0.612129	    0.794008	    0.205992	1
37	-1.44576385365912	254	37	  -0.0816291	    0.612129	    0.794008	    0.205992	1
37	-0.766379219793215	255	37	  -0.0816291	    0.612129	    0.794008	    0.205992	1
37	-0.00233288416652022	256	37	  -0.0816291	    0.612129	    0.794008	    0.205992	1
38	1.11656566235681	257	38	  -0.0596724	    0.481584	   0.0797462	    0.920254	2
38	0.778507546490969	258	38	  -0.0596724	    0.481584	   0.0797462	    0.920254	2
38	0.636887634992141	259	38	  -0.0596724	    0.481584	   0.0797462	    0.920254	2
38	0.947402762841928	260	38	  -0.0596724	    0.481584	   0.0797462	    0.920254	2
38	-0.14095136005171	261	38	  -0.0596724	    0.481584	   0.0797462	    0.920254	2
38	0.103813783833147	262	38	  -0.0596724	    0.481584	   0.0797462	    0.920254	2
39	-1.5271514230143	263	39	  -0.0219707	    0.621742	     0.81603	     0.18397	1
39	-0.616202430522713	264	39	  -0.0219707	    0.621742	     0.81603	     0.18397	1
39	-0.258184856829932	265	39	  -0.0219707	    0.621742	     0.81603	     0.18397	1
39	-1.58394513461602	266	39	  -0.0219707	    0.621742	     0.81603	     0.18397	1
39	-0.889763455999833	267	39	  -0.0219707	    0.621742	     0.81603	     0.18397	1
39	0.391943468962859	268	39	  -0.0219707	    0.621742	     0.81603	     0.18397	1
39	-0.920120972176469	269	39	  -0.0219707	    0.621742	     0.81603	     0.18397	1
39	0.125754191916092	270	39	  -0.0219707	    0.621742	     0.81603	     0.18397	1
40	0.218517889476416	271	40	  -0.0869915	    0.784528	    0.532025	    0.467975	1
40	0.503147437416268	272	40	  -0.0869915	    0.784528	    0.532025	    0.467975	1
40	-1.40539660376451	273	40	  -0.0869915	    0.784528	    0.532025	    0.467975	1
40	-0.664662431014177	274	40	  -0.0869915	    0.784528	    0.532025	    0.467975	1
40	-1.70607674807572	275	40	  -0.0869915	    0.784528	    0.532025	    0.467975	1
40	-0.829022860633799	276	40	  -0.0869915	    0.784528	    0.532025	    0.467975	1
40	0.43215014338934	277	40	  -0.0869915	    0.784528	    0.532025	    0.467975	1
40	1.04170896056655	278	40	  -0.0869915	    0.784528	    0.532025	    0.467975	1
40	0.423956684404994	279	40	  -0.0869915	    0.784528	    0.532025	    0.467975	1
40	-0.412879545372836	280	40	  -0.0869915	    0.784528	    0.532025	    0.467975	1
41	0.890860715684869	281	41	   -0.128547	    0.690344	    0.365384	    0.634616	2
41	-0.640071528790204	282	41	   -0.128547	    0.690344	    0.365384	    0.634616	2
41	0.35300693377457	283	41	   -0.128547	    0.690344	    0.365384	    0.634616	2
41	-0.727846653506694	284	41	   -0.128547	    0.690344	    0.365384	    0.634616	2
42	1.09311671879742	285	42	  -0.0487921	    0.473382	   0.0747118	    0.925288	2
42	-0.412812116402586	286	42	  -0.0487921	    0.473382	   0.0747118	    0.925288	2
42	0.769495832168627	287	42	  -0.0487921	    0.473382	   0.0747118	    0.925288	2
42	0.199601798034087	288	42	  -0.0487921	    0.473382	   0.0747118	    0.925288	2
42	0.257896064745576	289	42	  -0.0487921	    0.473382	   0.0747118	    0.925288	2
42	1.67146723633478	290	42	  -0.0487921	    0.473382	   0.0747118	    0.925288	2
43	-1.09160679009284	291	43	  -0.0818669	    0.508663	    0.902306	   0.0976944	1
43	-0.631021250120346	292	43	  -0.0818669	    0.508663	    0.902306	   0.0976944	1
43	-0.177506682113266	293	43	  -0.0818669	    0.508663	    0.902306	   0.0976944	1
43	-1.29623756253813	294	43	  -0.0818669	    0.508663	    0.902306	   0.0976944	1
43	0.232623369821317	295	43	  -0.0818669	    0.508663	    0.902306	   0.0976944	1
43	-1.79008255104986	296	43	  -0.0818669	    0.508663	    0.902306	   0.0976944	1
43	-1.43157080342693	297	43	  -0.0818669	    0.508663	    0.902306	   0.0976944	1
43	-0.876950633097731	298	43	  -0.0818669	    0.508663	    0.902306	   0.0976944	1
44	-0.664920819060219	299	44	    -0.12455	    0.444331	    0.935532	   0.0644675	1
44	0.343263621785348	300	44	    -0.12455	    0.444331	    0.935532	   0.0644675	1
44	-1.83122176763618	301	44	    -0.12455	    0.444331	    0.935532	   0.0644675	1
44	-2.17035514669167	302	44	    -0.12455	    0.444331	    0.935532	   0.0644675	1
44	-0.996683521172304	303	44	    -0.12455	    0.444331	    0.935532	   0.0644675	1
44	-1.9301805542272	304	44	    -0.12455	    0.444331	    0.935532	   0.0644675	1
44	-1.57760036009393	305	44	    -0.12455	    0.444331	    0.935532	   0.0644675	1
44	-0.643950371728862	306	44	    -0.12455	    0.444331	    0.935532	   0.0644675	1
44	0.101590251780642	307	44	    -0.12455	    0.444331	    0.935532	   0.0644675	1
44	-0.501873369686726	308	44	    -0.12455	    0.444331	    0.935532	   0.0644675	1
45	-1.642574368765	309	45	   -0.497298	    0.399192	    0.980479	   0.0195214	1
45	-1.37233631928052	310	45	   -0.497298	    0.399192	    0.980479	   0.0195214	1
45	-1.74289498407312	311	45	   -0.497298	    0.399192	    0.980479	   0.0195214	1
45	-1.76048245984237	312	45	   -0.497298	    0.399192	    0.980479	   0.0195214	1
46	0.126981352233429	313	46	   -0.150449	     0.71861	    0.351609	    0.648391	2
46	-0.243667868690304	314	46	   -0.150449	     0.71861	    0.351609	    0.648391	2
46	0.328157149622837	315	46	   -0.150449	     0.71861	    0.351609	    0.648391	2
46	-0.655626161465371	316	46	   -0.150449	     0.71861	    0.351609	    0.648391	2
46	-1.30572610148164	317	46	   -0.150449	     0.71861	    0.351609	    0.648391	2
46	1.64890516967058	318	46	   -0.150449	     0.71861	    0.351609	    0.648391	2
47	2.3462937062465	319	47	     1.02004	    0.279751	 0.000647953	    0.999352	2
47	2.2891605388199	320	47	     1.02004	    0.279751	 0.000647953	    0.999352	2
47	1.26755245806	321	47	     1.02004	    0.279751	 0.000647953	    0.999352	2
47	2.83895984366832	322	47	     1.02004	    0.279751	 0.000647953	    0.999352	2
47	1.20008521989953	323	47	     1.02004	    0.279751	 0.000647953	    0.999352	2
47	1.71486967795972	324	47	     1.02004	    0.279751	 0.000647953	    0.999352	2
47	1.87364024023759	325	47	     1.02004	    0.279751	 0.000647953	    0.999352	2
47	2.67998027398107	326	47	     1.02004	    0.279751	 0.000647953	    0.999352	2
48	-1.83924770705153	327	48	    -0.35761	    0.329099	    0.979488	   0.0205116	1
48	-0.672625063989146	328	48	    -0.35761	    0.329099	    0.979488	   0.0205116	1
48	-1.46081908340763	329	48	    -0.35761	    0.329099	    0.979488	   0.0205116	1
48	-2.49906987648901	330	48	    -0.35761	    0.329099	    0.979488	   0.0205116	1
48	-0.531066993906344	331	48	    -0.35761	    0.329099	    0.979488	   0.0205116	1
48	-0.760710386191013	332	48	    -0.35761	    0.329099	    0.979488	   0.0205116	1
48	-1.3393965449179	333	48	    -0.35761	    0.329099	    0.979488	   0.0205116	1
48	-1.77577617459029	334	48	    -0.35761	    0.329099	    0.979488	   0.0205116	1
48	-1.12375474203416	335	48	    -0.35761	    0.329099	    0.979488	   0.0205116	1
48	-1.36477573409137	336	48	    -0.35761	    0.329099	    0.979488	   0.0205116	1
49	-1.28780732706808	337	49	   -0.118741	    0.556078	    0.861045	    0.138955	1
49	-0.759889470601309	338	49	   -0.118741	    0.556078	    0.861045	    0.138955	1
49	-0.872256031677767	339	49	   -0.118741	    0.556078	    0.861045	    0.138955	1
49	-0.60407647649816	340	49	   -0.118741	    0.556078	    0.861045	    0.138955	1
50	0.928296143778868	341	50	    0.216554	    0.365713	   0.0204523	    0.979548	2
50	1.95072850702793	342	50	    0.216554	    0.365713	   0.0204523	    0.979548	2
50	2.43948126198365	343	50	    0.216554	    0.365713	   0.0204523	    0.979548	2
50	0.460215782364045	344	50	    0.216554	    0.365713	   0.0204523	    0.979548	2
50	0.0788194213245864	345	50	    0.216554	    0.365713	   0.0204523	    0.979548	2
50	0.334490656924316	346	50	    0.216554	    0.365713	   0.0204523	    0.979548	2
51	1.25284311760614	347	51	     0.58792	    0.290691	  0.00368673	    0.996313	2
51	1.77692818465326	348	51	     0.58792	    0.290691	  0.00368673	    0.996313	2
51	1.80670001983791	349	51	     0.58792	    0.290691	  0.00368673	    0.996313	2
51	0.498753539984012	350	51	     0.58792	    0.290691	  0.00368673	    0.996313	2
51	2.05606667851284	351	51	     0.58792	    0.290691	  0.00368673	    0.996313	2
51	1.14124593389319	352	51	     0.58792	    0.290691	  0.00368673	    0.996313	2
51	2.22640462668316	353	51	     0.58792	    0.290691	  0.00368673	    0.996313	2
51	1.2133872754673	354	51	     0.58792	    0.290691	  0.00368673	    0.996313	2
52	-1.27815073539085	355	52	  -0.0797897	    0.486445	    0.914727	   0.0852728	1
52	-0.128121941643256	356	52	  -0.0797897	    0.486445	    0.914727	   0.0852728	1
52	0.293985173548571	357	52	  -0.0797897	    0.486445	    0.914727	   0.0852728	1
52	-1.6527415216569	358	52	  -0.0797897	    0.486445	    0.914727	   0.0852728	1
52	-1.0753602468077	359	52	  -0.0797897	    0.486445	    0.914727	   0.0852728	1
52	-1.1554368283487	360	52	  -0.0797897	    0.486445	    0.914727	   0.0852728	1
52	0.371615639335725	361	52	  -0.0797897	    0.486445	    0.914727	   0.0852728	1
52	-1.8862915727994	362	52	  -0.0797897	    0.486445	    0.914727	   0.0852728	1
52	-0.347604739354851	363	52	  -0.0797897	    0.486445	    0.914727	   0.0852728	1
52	-2.12704584679581	364	52	  -0.0797897	    0.486445	    0.914727	   0.0852728	1
53	-1.08510932116777	365	53	   -0.532191	    0.394277	    0.983193	   0.0168074	1
53	-1.87172578372162	366	53	   -0.532191	    0.394277	    0.983193	   0.0168074	1
53	-2.14527463815195	367	53	   -0.532191	    0.394277	    0.983193	   0.0168074	1
53	-1.6343370895951	368	53	   -0.532191	    0.394277	    0.983193	   0.0168074	1
54	-1.95130515692977	369	54	   -0.849773	    0.321221	    0.996563	  0.00343704	1
54	-2.55195657989731	370	54	   -0.849773	    0.321221	    0.996563	  0.00343704	1
54	-3.6232142983833	371	54	   -0.849773	    0.321221	    0.996563	  0.00343704	1
54	-1.44350806283847	372	54	   -0.849773	    0.321221	    0.996563	  0.00343704	1
54	-1.52322748322773	373	54	   -0.849773	    0.321221	    0.996563	  0.00343704	1
54	-1.144818266094	374	54	   -0.849773	    0.321221	    0.996563	  0.00343704	1
55	0.810945371409296	375	55	  -0.0234314	    0.425677	   0.0534098	     0.94659	2
55	0.664760173543694	376	55	  -0.0234314	    0.425677	   0.0534098	     0.94659	2
55	0.69808383244499	377	55	  -0.0234314	    0.425677	   0.0534098	     0.94659	2
55	0.626447571016447	378	55	  -0.0234314	    0.425677	   0.0534098	     0.94659	2
55	1.04362509404095	379	55	  -0.0234314	    0.425677	   0.0534098	     0.94659	2
55	0.763174157813679	380	55	  -0.0234314	    0.425677	   0.0534098	     0.94659	2
55	-0.125657996359819	381	55	  -0.0234314	    0.425677	   0.0534098	     0.94659	2
55	0.861422450530067	382	55	  -0.0234314	    0.425677	   0.0534098	     0.94659	2
56	1.57097747044394	383	56	 -0.00678383	    0.622022	    0.822765	    0.177235	1
56	0.357713457998334	384	56	 -0.00678383	    0.622022	    0.822765	    0.177235	1
56	-1.19995940247559	385	56	 -0.00678383	    0.622022	    0.822765	    0.177235	1
56	0.0390245932085721	386	56	 -0.00678383	    0.622022	    0.822765	    0.177235	1
56	-1.59505934746608	387	56	 -0.00678383	    0.622022	    0.822765	    0.177235	1
56	-0.374205741827883	388	56	 -0.00678383	    0.622022	    0.822765	    0.177235	1
56	-1.29568063138841	389	56	 -0.00678383	    0.622022	    0.822765	    0.177235	1
56	-2.59745632674235	390	56	 -0.00678383	    0.622022	    0.822765	    0.177235	1
56	-0.990758044353461	391	56	 -0.00678383	    0.622022	    0.822765	    0.177235	1
56	-0.441840180210031	392	56	 -0.00678383	    0.622022	    0.822765	    0.177235	1
57	-1.68172626710328	393	57	   -0.382097	    0.421538	    0.967505	   0.0324955	1
57	0.127467817307087	394	57	   -0.382097	    0.421538	    0.967505	   0.0324955	1
57	-3.52844602074787	395	57	   -0.382097	    0.421538	    0.967505	   0.0324955	1
57	-0.687339639100811	396	57	   -0.382097	    0.421538	    0.967505	   0.0324955	1
58	0.0906093092442493	397	58	   -0.161228	    0.696029	    0.301557	    0.698443	2
58	0.0607548717572239	398	58	   -0.161228	    0.696029	    0.301557	    0.698443	2
58	-0.503292476282807	399	58	   -0.161228	    0.696029	    0.301557	    0.698443	2
58	0.979371367746796	400	58	   -0.161228	    0.696029	    0.301557	    0.698443	2
58	0.593064050200098	401	58	   -0.161228	    0.696029	    0.301557	    0.698443	2
58	-0.881113252275889	402	58	   -0.161228	    0.696029	    0.301557	    0.698443	2
59	2.58319480702651	403	59	    0.526252	    0.294368	  0.00473881	    0.995261	2
59	2.63912209733018	404	59	    0.526252	    0.294368	  0.00473881	    0.995261	2
59	2.18378227841622	405	59	    0.526252	    0.294368	  0.00473881	    0.995261	2
59	0.197483505844333	406	59	    0.526252	    0.294368	  0.00473881	    0.995261	2
59	1.23232726666765	407	59	    0.526252	    0.294368	  0.00473881	    0.995261	2
59	1.55017076783971	408	59	    0.526252	    0.294368	  0.00473881	    0.995261	2
59	1.17642463205441	409	59	    0.526252	    0.294368	  0.00473881	    0.995261	2
59	-0.203629404484319	410	59	    0.526252	    0.294368	  0.00473881	    0.995261	2
60	1.12295556927779	411	60	  -0.0935773	    0.455415	   0.0696663	    0.930334	2
60	1.72901145678635	412	60	  -0.0935773	    0.455415	   0.0696663	    0.930334	2
60	2.16942092540155	413	60	  -0.0935773	    0.455415	   0.0696663	    0.930334	2
60	0.31723433878504	414	60	  -0.0935773	    0.455415	   0.0696663	    0.930334	2
60	-0.5083364024094	415	60	  -0.0935773	    0.455415	   0.0696663	    0.930334	2
60	0.42033484569982	416	60	  -0.0935773	    0.455415	   0.0696663	    0.930334	2
60	-0.818704675241052	417	60	  -0.0935773	    0.455415	   0.0696663	    0.930334	2
60	1.15648157497425	418	60	  -0.0935773	    0.455415	   0.0696663	    0.930334	2
60	-0.547805679018909	419	60	  -0.0935773	    0.455415	   0.0696663	    0.930334	2
60	0.543144677658288	420	60	  -0.0935773	    0.455415	   0.0696663	    0.930334	2
61	2.19597722673533	421	61	    0.419044	    0.384227	   0.0114081	    0.988592	2
61	0.744195763664108	422	61	    0.419044	    0.384227	   0.0114081	    0.988592	2
61	1.06846581086193	423	61	    0.419044	    0.384227	   0.0114081	    0.988592	2
61	1.46206794127359	424	61	    0.419044	    0.384227	   0.0114081	    0.988592	2
62	0.117908567759828	425	62	  -0.0476821	    0.706189	    0.677869	    0.322131	1
62	0.538545190614007	426	62	  -0.0476821	    0.706189	    0.677869	    0.322131	1
62	-1.5332641546132	427	62	  -0.0476821	    0.706189	    0.677869	    0.322131	1
62	-0.972276319675759	428	62	  -0.0476821	    0.706189	    0.677869	    0.322131	1
62	-0.801353275914584	429	62	  -0.0476821	    0.706189	    0.677869	    0.322131	1
62	-0.0704548178918305	430	62	  -0.0476821	    0.706189	    0.677869	    0.322131	1
63	0.54070903650968	431	63	    0.121952	    0.360294	   0.0263352	    0.973665	2
63	0.925480198704111	432	63	    0.121952	    0.360294	   0.0263352	    0.973665	2
63	1.08759848362928	433	63	    0.121952	    0.360294	   0.0263352	    0.973665	2
63	1.77555966734354	434	63	    0.121952	    0.360294	   0.0263352	    0.973665	2
63	1.33118657217688	435	63	    0.121952	    0.360294	   0.0263352	    0.973665	2
63	0.53450024200466	436	63	    0.121952	    0.360294	   0.0263352	    0.973665	2
63	-0.114635061996779	437	63	    0.121952	    0.360294	   0.0263352	    0.973665	2
63	1.05161109628666	438	63	    0.121952	    0.360294	   0.0263352	    0.973665	2
64	0.833951261881435	439	64	     0.24786	    0.305628	   0.0135516	    0.986448	2
64	2.08463454951987	440	64	     0.24786	    0.305628	   0.0135516	    0.986448	2
64	1.67848004832028	441	64	     0.24786	    0.305628	   0.0135516	    0.986448	2
64	0.508390120963157	442	64	     0.24786	    0.305628	   0.0135516	    0.986448	2
64	1.72045493902237	443	64	     0.24786	    0.305628	   0.0135516	    0.986448	2
64	0.0553526601568658	444	64	     0.24786	    0.305628	   0.0135516	    0.986448	2
64	2.65148241975077	445	64	     0.24786	    0.305628	   0.0135516	    0.986448	2
64	-0.900698998964282	446	64	     0.24786	    0.305628	   0.0135516	    0.986448	2
64	0.199581693208595	447	64	     0.24786	    0.305628	   0.0135516	    0.986448	2
64	1.72845953781775	448	64	     0.24786	    0.305628	   0.0135516	    0.986448	2
65	1.9473345176157	449	65	  -0.0100229	    0.494467	   0.0831547	    0.916845	2
65	0.872969988334624	450	65	  -0.0100229	    0.494467	   0.0831547	    0.916845	2
65	0.767876027491106	451	65	  -0.0100229	    0.494467	   0.0831547	    0.916845	2
65	-1.06764677476773	452	65	  -0.0100229	    0.494467	   0.0831547	    0.916845	2
66	0.0841344755131119	453	66	  -0.0824903	    0.500837	   0.0921583	    0.907842	2
66	0.577010659338732	454	66	  -0.0824903	    0.500837	   0.0921583	    0.907842	2
66	1.21979431738472	455	66	  -0.0824903	    0.500837	   0.0921583	    0.907842	2
66	0.123349698570691	456	66	  -0.0824903	    0.500837	   0.0921583	    0.907842	2
66	1.28560468607615	457	66	  -0.0824903	    0.500837	   0.0921583	    0.907842	2
66	-0.153405208922564	458	66	  -0.0824903	    0.500837	   0.0921583	    0.907842	2
67	0.647077709758058	459	67	  -0.0478803	    0.556341	    0.870447	    0.129553	1
67	-0.929832587193048	460	67	  -0.0478803	    0.556341	    0.870447	    0.129553	1
67	-0.862076674727535	461	67	  -0.0478803	    0.556341	    0.870447	    0.129553	1
67	-1.66818221459206	462	67	  -0.0478803	    0.556341	    0.870447	    0.129553	1
67	-2.31833969914552	463	67	  -0.0478803	    0.556341	    0.870447	    0.129553	1
67	-1.48089086392964	464	67	  -0.0478803	    0.556341	    0.870447	    0.129553	1
67	0.656277313204797	465	67	  -0.0478803	    0.556341	    0.870447	    0.129553	1
67	-0.332117271162432	466	67	  -0.0478803	    0.556341	    0.870447	    0.129553	1
68	1.32239993201631	467	68	    0.730778	    0.260584	  0.00186237	    0.998138	2
68	2.2775325817603	468	68	    0.730778	    0.260584	  0.00186237	    0.998138	2
68	1.78551901993018	469	68	    0.730778	    0.260584	  0.00186237	    0.998138	2
68	1.75088876186393	470	68	    0.730778	    0.260584	  0.00186237	    0.998138	2
68	1.59429566635311	471	68	    0.730778	    0.260584	  0.00186237	    0.998138	2
68	1.87948037362271	472	68	    0.730778	    0.260584	  0.00186237	    0.998138	2
68	0.840064045876408	473	68	    0.730778	    0.260584	  0.00186237	    0.998138	2
68	1.91405578539158	474	68	    0.730778	    0.260584	  0.00186237	    0.998138	2
68	0.888195098236557	475	68	    0.730778	    0.260584	  0.00186237	    0.998138	2
68	2.16632242998007	476	68	    0.730778	    0.260584	  0.00186237	    0.998138	2
69	-1.03567448527269	477	69	   -0.117121	    0.599194	    0.188634	    0.811366	2
69	0.507590634903955	478	69	   -0.117121	    0.599194	    0.188634	    0.811366	2
69	0.653565306184068	479	69	   -0.117121	    0.599194	    0.188634	    0.811366	2
69	1.04808580088571	480	69	   -0.117121	    0.599194	    0.188634	    0.811366	2
70	-0.975627182719273	481	70	  -0.0698753	     0.73493	    0.595547	    0.404453	1
70	-1.39492825138089	482	70	  -0.0698753	     0.73493	    0.595547	    0.404453	1
70	-0.110988062179415	483	70	  -0.0698753	     0.73493	    0.595547	    0.404453	1
70	0.283986049379516	484	70	  -0.0698753	     0.73493	    0.595547	    0.404453	1
70	0.285702733002974	485	70	  -0.0698753	     0.73493	    0.595547	    0.404453	1
70	-0.119167805558136	486	70	  -0.0698753	     0.73493	    0.595547	    0.404453	1
71	-0.606021032137052	487	71	   -0.152362	    0.548288	    0.123777	    0.876223	2
71	0.65485606483849	488	71	   -0.152362	    0.548288	    0.123777	    0.876223	2
71	-0.313910320505103	489	71	   -0.152362	    0.548288	    0.123777	    0.876223	2
71	1.41149497811761	490	71	   -0.152362	    0.548288	    0.123777	    0.876223	2
71	-0.0957030873110374	491	71	   -0.152362	    0.548288	    0.123777	    0.876223	2
71	1.43802237675422	492	71	   -0.152362	    0.548288	    0.123777	    0.876223	2
71	0.821908830230904	493	71	   -0.152362	    0.548288	    0.123777	    0.876223	2
71	-0.201000480619127	494	71	   -0.152362	    0.548288	    0.123777	    0.876223	2
72	0.352383434790825	495	72	   -0.014724	    0.399064	   0.0451182	    0.954882	2
72	-0.0425278858055632	496	72	   -0.014724	    0.399064	   0.0451182	    0.954882	2
72	1.16643219717928	497	72	   -0.014724	    0.399064	   0.0451182	    0.954882	2
72	0.422967046685835	498	72	   -0.014724	    0.399064	   0.0451182	    0.954882	2
72	0.170542465178635	499	72	   -0.014724	    0.399064	   0.0451182	    0.954882	2
72	1.48125684018159	500	72	   -0.014724	    0.399064	   0.0451182	    0.954882	2
72	2.06463681378888	501	72	   -0.014724	    0.399064	   0.0451182	    0.954882	2
72	0.3106831237151	502	72	   -0.014724	    0.399064	   0.0451182	    0.954882	2
72	0.970160493881249	503	72	   -0.014724	    0.399064	   0.0451182	    0.954882	2
72	0.0384869157517167	504	72	   -0.014724	    0.399064	   0.0451182	    0.954882	2
73	-1.18221050163072	505	73	   -0.118186	    0.703841	    0.425826	    0.574174	2
73	-0.556900286732413	506	73	   -0.118186	    0.703841	    0.425826	    0.574174	2
73	1.63782304941429	507	73	   -0.118186	    0.703841	    0.425826	    0.574174	2
73	-0.385031496423711	508	73	   -0.118186	    0.703841	    0.425826	    0.574174	2
74	-1.91035234173593	509	74	    -0.29847	    0.400383	    0.964254	   0.0357456	1
74	-1.12742618622743	510	74	    -0.29847	    0.400383	    0.964254	   0.0357456	1
74	-0.665704058728093	511	74	    -0.29847	    0.400383	    0.964254	   0.0357456	1
74	-1.47936401547004	512	74	    -0.29847	    0.400383	    0.964254	   0.0357456	1
74	-1.72192418438836	513	74	    -0.29847	    0.400383	    0.964254	   0.0357456	1
74	-0.744872626231428	514	74	    -0.29847	    0.400383	    0.964254	   0.0357456	1
75	0.693414442406046	515	75	     0.39279	    0.306119	  0.00820482	    0.991795	2
75	1.33789048819008	516	75	     0.39279	    0.306119	  0.00820482	    0.991795	2
75	0.986632734822795	517	75	     0.39279	    0.306119	  0.00820482	    0.991795	2
75	1.77828800044586	518	75	     0.39279	    0.306119	  0.00820482	    0.991795	2
75	1.45477715743378	519	75	     0.39279	    0.306119	  0.00820482	    0.991795	2
75	0.290144378520459	520	75	     0.39279	    0.306119	  0.00820482	    0.991795	2
75	1.65506632228091	521	75	     0.39279	    0.306119	  0.00820482	    0.991795	2
75	1.8184239179027	522	75	     0.39279	    0.306119	  0.00820482	    0.991795	2
76	1.50261470851445	523	76	    0.347319	    0.288698	  0.00890618	    0.991094	2
76	1.01827916734459	524	76	    0.347319	    0.288698	  0.00890618	    0.991094	2
76	1.13195816306499	525	76	    0.347319	    0.288698	  0.00890618	    0.991094	2
76	2.4248192587914	526	76	    0.347319	    0.288698	  0.00890618	    0.991094	2
76	1.10699778089362	527	76	    0.347319	    0.288698	  0.00890618	    0.991094	2
76	2.06828285592296	528	76	    0.347319	    0.288698	  0.00890618	    0.991094	2
76	0.199801468398648	529	76	    0.347319	    0.288698	  0.00890618	    0.991094	2
76	1.09847578149249	530	76	    0.347319	    0.288698	  0.00890618	    0.991094	2
76	0.0516002137757708	531	76	    0.347319	    0.288698	  0.00890618	    0.991094	2
76	1.20286426009102	532	76	    0.347319	    0.288698	  0.00890618	    0.991094	2
77	-1.02216621623213	533	77	   -0.875652	    0.369931	    0.995936	  0.00406362	1
77	-1.08883014734325	534	77	   -0.875652	    0.369931	    0.995936	  0.00406362	1
77	-4.75370217557298	535	77	   -0.875652	    0.369931	    0.995936	  0.00406362	1
77	-1.9217235292505	536	77	   -0.875652	    0.369931	    0.995936	  0.00406362	1
78	0.0927764554901757	537	78	     0.15162	    0.381791	   0.0273114	    0.972689	2
78	0.302260092791526	538	78	     0.15162	    0.381791	   0.0273114	    0.972689	2
78	0.758766798066999	539	78	     0.15162	    0.381791	   0.0273114	    0.972689	2
78	0.569511867338305	540	78	     0.15162	    0.381791	   0.0273114	    0.972689	2
78	1.03100159942987	541	78	     0.15162	    0.381791	   0.0273114	    0.972689	2
78	2.8653465741775	542	78	     0.15162	    0.381791	   0.0273114	    0.972689	2
79	1.72934482290024	543	79	    0.189186	    0.341118	   0.0195007	    0.980499	2
79	0.745081112096176	544	79	    0.189186	    0.341118	   0.0195007	    0.980499	2
79	1.1321095835625	545	79	    0.189186	    0.341118	   0.0195007	    0.980499	2
79	1.0631080825931	546	79	    0.189186	    0.341118	   0.0195007	    0.980499	2
79	1.03273215123648	547	79	    0.189186	    0.341118	   0.0195007	    0.980499	2
79	0.759695066864099	548	79	    0.189186	    0.341118	   0.0195007	    0.980499	2
79	1.18254536666775	549	79	    0.189186	    0.341118	   0.0195007	    0.980499	2
79	0.235534904055542	550	79	    0.189186	    0.341118	   0.0195007	    0.980499	2
80	-1.17479977839259	551	80	   -0.521814	    0.293233	    0.989879	   0.0101207	1
80	-0.398838669668701	552	80	   -0.521814	    0.293233	    0.989879	   0.0101207	1
80	-0.581496522188043	553	80	   -0.521814	    0.293233	    0.989879	   0.0101207	1
80	-1.33432070218246	554	80	   -0.521814	    0.293233	    0.989879	   0.0101207	1
80	-2.87753474072944	555	80	   -0.521814	    0.293233	    0.989879	   0.0101207	1
80	-2.11887646818808	556	80	   -0.521814	    0.293233	    0.989879	   0.0101207	1
80	-1.36172562980164	557	80	   -0.521814	    0.293233	    0.989879	   0.0101207	1
80	-1.94453670864037	558	80	   -0.521814	    0.293233	    0.989879	   0.0101207	1
80	-1.99898923661675	559	80	   -0.521814	    0.293233	    0.989879	   0.0101207	1
80	-1.68006816651794	560	80	   -0.521814	    0.293233	    0.989879	   0.0101207	1
81	-1.71158649613957	561	81	   -0.848518	    0.370874	    0.995463	  0.00453659	1
81	-2.03033469978369	562	81	   -0.848518	    0.370874	    0.995463	  0.00453659	1
81	-2.69804936044245	563	81	   -0.848518	    0.370874	    0.995463	  0.00453659	1
81	-2.18822218956352	564	81	   -0.848518	    0.370874	    0.995463	  0.00453659	1
82	-0.91335528535096	565	82	     -0.1535	    0.475397	    0.924065	   0.0759351	1
82	-2.12768848886415	566	82	     -0.1535	    0.475397	    0.924065	   0.0759351	1
82	-1.09549346493975	567	82	     -0.1535	    0.475397	    0.924065	   0.0759351	1
82	0.240561667505036	568	82	     -0.1535	    0.475397	    0.924065	   0.0759351	1
82	-0.334813651322546	569	82	     -0.1535	    0.475397	    0.924065	   0.0759351	1
82	-1.88082444528587	570	82	     -0.1535	    0.475397	    0.924065	   0.0759351	1
83	-1.57120350480308	571	83	    -0.61529	    0.304213	    0.992368	  0.00763177	1
83	-1.21324145729526	572	83	    -0.61529	    0.304213	    0.992368	  0.00763177	1
83	-3.02144303778404	573	83	    -0.61529	    0.304213	    0.992368	  0.00763177	1
83	-3.07094313187263	574	83	    -0.61529	    0.304213	    0.992368	  0.00763177	1
83	-2.97302460889314	575	83	    -0.61529	    0.304213	    0.992368	  0.00763177	1
83	-0.582038982379274	576	83	    -0.61529	    0.304213	    0.992368	  0.00763177	1
83	-0.968843201823276	577	83	    -0.61529	    0.304213	    0.992368	  0.00763177	1
83	-0.0970022802568387	578	83	    -0.61529	    0.304213	    0.992368	  0.00763177	1
84	0.710597447846259	579	84	   -0.196192	    0.612768	    0.169344	    0.830656	2
84	0.797183872247402	580	84	   -0.196192	    0.612768	    0.169344	    0.830656	2
84	0.16953156977333	581	84	   -0.196192	    0.612768	    0.169344	    0.830656	2
84	-0.0175462201669137	582	84	   -0.196192	    0.612768	    0.169344	    0.830656	2
84	-0.193705023799516	583	84	   -0.196192	    0.612768	    0.169344	    0.830656	2
84	-0.579858641206217	584	84	   -0.196192	    0.612768	    0.169344	    0.830656	2
84	-0.375883032948937	585	84	   -0.196192	    0.612768	    0.169344	    0.830656	2
84	0.857926645555698	586	84	   -0.196192	    0.612768	    0.169344	    0.830656	2
84	0.463943233899096	587	84	   -0.196192	    0.612768	    0.169344	    0.830656	2
84	0.812456067373264	588	84	   -0.196192	    0.612768	    0.169344	    0.830656	2
85	-2.42337942881571	589	85	   -0.126601	    0.547731	    0.869503	    0.130497	1
85	-1.13221251921421	590	85	   -0.126601	    0.547731	    0.869503	    0.130497	1
85	0.00320559896603811	591	85	   -0.126601	    0.547731	    0.869503	    0.130497	1
85	-0.075488900828601	592	85	   -0.126601	    0.547731	    0.869503	    0.130497	1
86	2.64039632694651	593	86	    0.857656	    0.315526	  0.00145683	    0.998543	2
86	1.97857062984848	594	86	    0.857656	    0.315526	  0.00145683	    0.998543	2
86	0.618829425984948	595	86	    0.857656	    0.315526	  0.00145683	    0.998543	2
86	3.34987164124185	596	86	    0.857656	    0.315526	  0.00145683	    0.998543	2
86	1.54521071235461	597	86	    0.857656	    0.315526	  0.00145683	    0.998543	2
86	1.20064777796664	598	86	    0.857656	    0.315526	  0.00145683	    0.998543	2
87	2.97319098478909	599	87	     1.29188	    0.278165	 0.000218559	    0.999781	2
87	2.16562665600235	600	87	     1.29188	    0.278165	 0.000218559	    0.999781	2
87	0.872846696621612	601	87	     1.29188	    0.278165	 0.000218559	    0.999781	2
87	1.34364930835941	602	87	     1.29188	    0.278165	 0.000218559	    0.999781	2
87	3.57046221831265	603	87	     1.29188	    0.278165	 0.000218559	    0.999781	2
87	2.12400865163032	604	87	     1.29188	    0.278165	 0.000218559	    0.999781	2
87	2.58980951793539	605	87	     1.29188	    0.278165	 0.000218559	    0.999781	2
87	3.21646066357061	606	87	     1.29188	    0.278165	 0.000218559	    0.999781	2
88	0.866863721038843	607	88	     1.06968	    0.254647	 0.000478385	    0.999522	2
88	1.80769543752682	608	88	     1.06968	    0.254647	 0.000478385	    0.999522	2
88	1.78623754568503	609	88	     1.06968	    0.254647	 0.000478385	    0.999522	2
88	1.82820814969124	610	88	     1.06968	    0.254647	 0.000478385	    0.999522	2
88	1.77009356936431	611	88	     1.06968	    0.254647	 0.000478385	    0.999522	2
88	2.47141150090697	612	88	     1.06968	    0.254647	 0.000478385	    0.999522	2
88	2.33277414104817	613	88	     1.06968	    0.254647	 0.000478385	    0.999522	2
88	2.79921814527518	614	88	     1.06968	    0.254647	 0.000478385	    0.999522	2
88	3.54264908122342	615	88	     1.06968	    0.254647	 0.000478385	    0.999522	2
88	1.20627887393578	616	88	     1.06968	    0.254647	 0.000478385	    0.999522	2
89	-0.508118722858678	617	89	  -0.0715216	    0.646662	     0.73935	     0.26065	1
89	-0.718444817233101	618	89	  -0.0715216	    0.646662	     0.73935	     0.26065	1
89	-1.00920450989111	619	89	  -0.0715216	    0.646662	     0.73935	     0.26065	1
89	-0.170133727486319	620	89	  -0.0715216	    0.646662	     0.73935	     0.26065	1
90	1.02586955035127	621	90	    0.280925	     0.35344	   0.0154772	    0.984523	2
90	1.60637984001452	622	90	    0.280925	     0.35344	   0.0154772	    0.984523	2
90	1.08897422533278	623	90	    0.280925	     0.35344	   0.0154772	    0.984523	2
90	2.16171433715662	624	90	    0.280925	     0.35344	   0.0154772	    0.984523	2
90	0.86442548811154	625	90	    0.280925	     0.35344	   0.0154772	    0.984523	2
90	-0.00700729769151742	626	90	    0.280925	     0.35344	   0.0154772	    0.984523	2
91	0.0544973779053014	627	91	  -0.0182731	    0.676393	    0.755888	    0.244112	1
91	0.0687872620176935	628	91	  -0.0182731	    0.676393	    0.755888	    0.244112	1
91	-1.28416299286354	629	91	  -0.0182731	    0.676393	    0.755888	    0.244112	1
91	-0.888959046848536	630	91	  -0.0182731	    0.676393	    0.755888	    0.244112	1
91	-1.32153399620173	631	91	  -0.0182731	    0.676393	    0.755888	    0.244112	1
91	0.656760528534057	632	91	  -0.0182731	    0.676393	    0.755888	    0.244112	1
91	-0.604092227267462	633	91	  -0.0182731	    0.676393	    0.755888	    0.244112	1
91	-1.08438206240842	634	91	  -0.0182731	    0.676393	    0.755888	    0.244112	1
92	-1.38638889509576	635	92	   -0.287326	    0.352855	    0.971803	    0.028197	1
92	-3.40152567772993	636	92	   -0.287326	    0.352855	    0.971803	    0.028197	1
92	1.0629555490725	637	92	   -0.287326	    0.352855	    0.971803	    0.028197	1
92	-0.87337748851384	638	92	   -0.287326	    0.352855	    0.971803	    0.028197	1
92	-1.50615608346305	639	92	   -0.287326	    0.352855	    0.971803	    0.028197	1
92	-1.4417669782767	640	92	   -0.287326	    0.352855	    0.971803	    0.028197	1
92	-1.31417142830901	641	92	   -0.287326	    0.352855	    0.971803	    0.028197	1
92	-2.15164361780579	642	92	   -0.287326	    0.352855	    0.971803	    0.028197	1
92	-0.228000952340396	643	92	   -0.287326	    0.352855	    0.971803	    0.028197	1
92	-1.17019548997789	644	92	   -0.287326	    0.352855	    0.971803	    0.028197	1
93	0.183736435920694	645	93	  -0.0313479	    0.508345	    0.094504	    0.905496	2
93	1.78327627411863	646	93	  -0.0313479	    0.508345	    0.094504	    0.905496	2
93	-0.687719397667454	647	93	  -0.0313479	    0.508345	    0.094504	    0.905496	2
93	1.04034503481263	648	93	  -0.0313479	    0.508345	    0.094504	    0.905496	2
94	-0.497584839328165	649	94	  -0.0427674	     0.46907	   0.0721235	    0.927876	2
94	0.56594420041094	650	94	  -0.0427674	     0.46907	   0.0721235	    0.927876	2
94	1.20599532804116	651	94	  -0.0427674	     0.46907	   0.0721235	    0.927876	2
94	0.110747676794942	652	94	  -0.0427674	     0.46907	   0.0721235	    0.927876	2
94	0.875323122337046	653	94	  -0.0427674	     0.46907	   0.0721235	    0.927876	2
94	1.39185965679424	654	94	  -0.0427674	     0.46907	   0.0721235	    0.927876	2
95	1.58758353566865	655	95	  -0.0334867	    0.585567	    0.847923	    0.152077	1
95	-1.21716593137308	656	95	  -0.0334867	    0.585567	    0.847923	    0.152077	1
95	-1.9424581035004	657	95	  -0.0334867	    0.585567	    0.847923	    0.152077	1
95	0.524330130914879	658	95	  -0.0334867	    0.585567	    0.847923	    0.152077	1
95	-1.70103665656402	659	95	  -0.0334867	    0.585567	    0.847923	    0.152077	1
95	-1.38434778011411	660	95	  -0.0334867	    0.585567	    0.847923	    0.152077	1
95	-0.499537497946548	661	95	  -0.0334867	    0.585567	    0.847923	    0.152077	1
95	-1.20158898585951	662	95	  -0.0334867	    0.585567	    0.847923	    0.152077	1
96	0.596237166825175	663	96	  -0.0737198	    0.780913	    0.559829	    0.440171	1
96	-1.10611442119516	664	96	  -0.0737198	    0.780913	    0.559829	    0.440171	1
96	0.558703190491653	665	96	  -0.0737198	    0.780913	    0.559829	    0.440171	1
96	-1.06027360187398	666	96	  -0.0737198	    0.780913	    0.559829	    0.440171	1
96	-0.374932404238709	667	96	  -0.0737198	    0.780913	    0.559829	    0.440171	1
96	-0.268261116750289	668	96	  -0.0737198	    0.780913	    0.559829	    0.440171	1
96	-0.0335727562575832	669	96	  -0.0737198	    0.780913	    0.559829	    0.440171	1
96	-0.687382624413596	670	96	  -0.0737198	    0.780913	    0.559829	    0.440171	1
96	-0.72696774956785	671	96	  -0.0737198	    0.780913	    0.559829	    0.440171	1
96	0.374772870929913	672	96	  -0.0737198	    0.780913	    0.559829	    0.440171	1
97	-0.344454756816378	673	97	  -0.0764676	    0.625717	    0.774154	    0.225846	1
97	-0.370281082209395	674	97	  -0.0764676	    0.625717	    0.774154	    0.225846	1
97	-0.613352800747374	675	97	  -0.0764676	    0.625717	    0.774154	    0.225846	1
97	-1.34872348194966	676	97	  -0.0764676	    0.625717	    0.774154	    0.225846	1
98	-2.87868711915365	677	98	    -1.03481	    0.316028	     0.99837	  0.00162953	1
98	-1.00964445574614	678	98	    -1.03481	    0.316028	     0.99837	  0.00162953	1
98	-3.4367006531898	679	98	    -1.03481	    0.316028	     0.99837	  0.00162953	1
98	-2.63660649219049	680	98	    -1.03481	    0.316028	     0.99837	  0.00162953	1
98	-1.05664488373256	681	98	    -1.03481	    0.316028	     0.99837	  0.00162953	1
98	-2.66523322079797	682	98	    -1.03481	    0.316028	     0.99837	  0.00162953	1
99	-0.0483426518647175	683	99	   -0.181996	    0.617189	    0.179672	    0.820328	2
99	0.563030613489236	684	99	   -0.181996	    0.617189	    0.179672	    0.820328	2
99	-0.0100989096775558	685	99	   -0.181996	    0.617189	    0.179672	    0.820328	2
99	0.367281164439527	686	99	   -0.181996	    0.617189	    0.179672	    0.820328	2
99	0.650428045955503	687	99	   -0.181996	    0.617189	    0.179672	    0.820328	2
99	0.870194766467672	688	99	   -0.181996	    0.617189	    0.179672	    0.820328	2
99	-0.442076338596364	689	99	   -0.181996	    0.617189	    0.179672	    0.820328	2
99	0.0920264354322723	690	99	   -0.181996	    0.617189	    0.179672	    0.820328	2
100	2.69550842544812	691	100	     1.15809	    0.254032	 0.000335946	    0.999664	2
100	3.89579113819443	692	100	     1.15809	    0.254032	 0.000335946	    0.999664	2
100	0.99359976585655	693	100	     1.15809	    0.254032	 0.000335946	    0.999664	2
100	3.62975571590166	694	100	     1.15809	    0.254032	 0.000335946	    0.999664	2
100	1.74785596630052	695	100	     1.15809	    0.254032	 0.000335946	    0.999664	2
100	2.1975430511461	696	100	     1.15809	    0.254032	 0.000335946	    0.999664	2
100	2.13277936216382	697	100	     1.15809	    0.254032	 0.000335946	    0.999664	2
100	1.72475025078304	698	100	     1.15809	    0.254032	 0.000335946	    0.999664	2
100	1.94475705959281	699	100	     1.15809	    0.254032	 0.000335946	    0.999664	2
100	0.486773935701446	700	100	     1.15809	    0.254032	 0.000335946	    0.999664	2
101	0.823063429611213	701	101	    0.540372	    0.375559	  0.00690883	    0.993091	2
101	2.18772088246264	702	101	    0.540372	    0.375559	  0.00690883	    0.993091	2
101	1.04786712640759	703	101	    0.540372	    0.375559	  0.00690883	    0.993091	2
101	2.13619442404916	704	101	    0.540372	    0.375559	  0.00690883	    0.993091	2
102	0.783432728978805	705	102	    -0.16309	    0.630149	    0.205283	    0.794717	2
102	0.351041915291798	706	102	    -0.16309	    0.630149	    0.205283	    0.794717	2
102	-0.514245508973591	707	102	    -0.16309	    0.630149	    0.205283	    0.794717	2
102	-0.595294568501763	708	102	    -0.16309	    0.630149	    0.205283	    0.794717	2
102	0.646733947184879	709	102	    -0.16309	    0.630149	    0.205283	    0.794717	2
102	0.660272524709442	710	102	    -0.16309	    0.630149	    0.205283	    0.794717	2
103	0.263010067560142	711	103	   -0.187475	    0.657076	    0.220774	    0.779226	2
103	0.105367269821057	712	103	   -0.187475	    0.657076	    0.220774	    0.779226	2
103	-0.365695204906047	713	103	   -0.187475	    0.657076	    0.220774	    0.779226	2
103	-0.305142606789832	714	103	   -0.187475	    0.657076	    0.220774	    0.779226	2
103	-0.22565143709739	715	103	   -0.187475	    0.657076	    0.220774	    0.779226	2
103	0.661129349830695	716	103	   -0.187475	    0.657076	    0.220774	    0.779226	2
103	0.223192361987116	717	103	   -0.187475	    0.657076	    0.220774	    0.779226	2
103	1.05987431522304	718	103	   -0.187475	    0.657076	    0.220774	    0.779226	2
104	1.83567847098927	719	104	     1.08486	    0.254526	 0.000450213	     0.99955	2
104	1.08543686666273	720	104	     1.08486	    0.254526	 0.000450213	     0.99955	2
104	2.17142659360604	721	104	     1.08486	    0.254526	 0.000450213	     0.99955	2
104	2.61809350140764	722	104	     1.08486	    0.254526	 0.000450213	     0.99955	2
104	2.74822809778178	723	104	     1.08486	    0.254526	 0.000450213	     0.99955	2
104	2.15551863680996	724	104	     1.08486	    0.254526	 0.000450213	     0.99955	2
104	1.43883289481302	725	104	     1.08486	    0.254526	 0.000450213	     0.99955	2
104	1.55637850558482	726	104	     1.08486	    0.254526	 0.000450213	     0.99955	2
104	2.67649937064082	727	104	     1.08486	    0.254526	 0.000450213	     0.99955	2
104	2.30353424641233	728	104	     1.08486	    0.254526	 0.000450213	     0.99955	2
105	0.0161533497573252	729	105	  -0.0536817	    0.525192	    0.109168	    0.890832	2
105	1.10636144083894	730	105	  -0.0536817	    0.525192	    0.109168	    0.890832	2
105	-0.214589753815692	731	105	  -0.0536817	    0.525192	    0.109168	    0.890832	2
105	1.18194663526183	732	105	  -0.0536817	    0.525192	    0.109168	    0.890832	2
106	-1.02247489729441	733	106	  -0.0484783	    0.606904	    0.820133	    0.179867	1
106	-0.17573813269044	734	106	  -0.0484783	    0.606904	    0.820133	    0.179867	1
106	-1.61867159089995	735	106	  -0.0484783	    0.606904	    0.820133	    0.179867	1
106	-0.586573275488813	736	106	  -0.0484783	    0.606904	    0.820133	    0.179867	1
106	0.189514736939035	737	106	  -0.0484783	    0.606904	    0.820133	    0.179867	1
106	-1.00097503204819	738	106	  -0.0484783	    0.606904	    0.820133	    0.179867	1
107	0.391455464169317	739	107	    0.300982	    0.318564	    0.012052	    0.987948	2
107	-0.105438755592744	740	107	    0.300982	    0.318564	    0.012052	    0.987948	2
107	1.2139640252665	741	107	    0.300982	    0.318564	    0.012052	    0.987948	2
107	1.79610960413957	742	107	    0.300982	    0.318564	    0.012052	    0.987948	2
107	2.21030761368841	743	107	    0.300982	    0.318564	    0.012052	    0.987948	2
107	1.79709268842851	744	107	    0.300982	    0.318564	    0.012052	    0.987948	2
107	0.376729177108613	745	107	    0.300982	    0.318564	    0.012052	    0.987948	2
107	1.3893236526988	746	107	    0.300982	    0.318564	    0.012052	    0.987948	2
108	-1.0377686451893	747	108	 -0.00302852	    0.652074	    0.794786	    0.205214	1
108	-0.341813045784109	748	108	 -0.00302852	    0.652074	    0.794786	    0.205214	1
108	-1.32197518030152	749	108	 -0.00302852	    0.652074	    0.794786	    0.205214	1
108	-0.498920894164214	750	108	 -0.00302852	    0.652074	    0.794786	    0.205214	1
108	-1.91778920115584	751	108	 -0.00302852	    0.652074	    0.794786	    0.205214	1
108	-0.383515385923776	752	108	 -0.00302852	    0.652074	    0.794786	    0.205214	1
108	0.932634337086069	753	108	 -0.00302852	    0.652074	    0.794786	    0.205214	1
108	-0.938607708855387	754	108	 -0.00302852	    0.652074	    0.794786	    0.205214	1
108	-0.871998526930416	755	108	 -0.00302852	    0.652074	    0.794786	    0.205214	1
108	0.384186626424144	756	108	 -0.00302852	    0.652074	    0.794786	    0.205214	1
109	0.187876205392481	757	109	  -0.0729067	    0.542252	    0.125117	    0.874883	2
109	0.300238984134406	758	109	  -0.0729067	    0.542252	    0.125117	    0.874883	2
109	1.16504443647696	759	109	  -0.0729067	    0.542252	    0.125117	    0.874883	2
109	0.215732931024227	760	109	  -0.0729067	    0.542252	    0.125117	    0.874883	2
110	1.02183168694156	761	110	  -0.0231616	    0.456039	   0.0645356	    0.935464	2
110	0.874036064361367	762	110	  -0.0231616	    0.456039	   0.0645356	    0.935464	2
110	-0.120852907430644	763	110	  -0.0231616	    0.456039	   0.0645356	    0.935464	2
110	0.274318586776836	764	110	  -0.0231616	    0.456039	   0.0645356	    0.935464	2
110	1.19595848095121	765	110	  -0.0231616	    0.456039	   0.0645356	    0.935464	2
110	0.63751109701888	766	110	  -0.0231616	    0.456039	   0.0645356	    0.935464	2
111	2.35549904031481	767	111	    0.811085	    0.282859	  0.00149763	    0.998502	2
111	1.19722600846723	768	111	    0.811085	    0.282859	  0.00149763	    0.998502	2
111	1.82358376442175	769	111	    0.811085	    0.282859	  0.00149763	    0.998502	2
111	2.6163146271475	770	111	    0.811085	    0.282859	  0.00149763	    0.998502	2
111	0.931421939174121	771	111	    0.811085	    0.282859	  0.00149763	    0.998502	2
111	2.42040395131754	772	111	    0.811085	    0.282859	  0.00149763	    0.998502	2
111	0.662199947334312	773	111	    0.811085	    0.282859	  0.00149763	    0.998502	2
111	2.16311319764361	774	111	    0.811085	    0.282859	  0.00149763	    0.998502	2
112	-0.456330932731303	775	112	   -0.181091	    0.739643	    0.321398	    0.678602	2
112	0.227329926535195	776	112	   -0.181091	    0.739643	    0.321398	    0.678602	2
112	-0.511806883853066	777	112	   -0.181091	    0.739643	    0.321398	    0.678602	2
112	0.315098795793723	778	112	   -0.181091	    0.739643	    0.321398	    0.678602	2
112	-0.373293059652146	779	112	   -0.181091	    0.739643	    0.321398	    0.678602	2
112	-0.377251415557965	780	112	   -0.181091	    0.739643	    0.321398	    0.678602	2
112	0.293352189028522	781	112	   -0.181091	    0.739643	    0.321398	    0.678602	2
112	0.367088695590933	782	112	   -0.181091	    0.739643	    0.321398	    0.678602	2
112	0.687375746902081	783	112	   -0.181091	    0.739643	    0.321398	    0.678602	2
112	-0.000535189642507844	784	112	   -0.181091	    0.739643	    0.321398	    0.678602	2
113	-1.82103816876165	785	113	   -0.328613	    0.436296	    0.958334	   0.0416658	1
113	-0.331849877937148	786	113	   -0.328613	    0.436296	    0.958334	   0.0416658	1
113	-1.30651658284165	787	113	   -0.328613	    0.436296	    0.958334	   0.0416658	1
113	-1.94131332439298	788	113	   -0.328613	    0.436296	    0.958334	   0.0416658	1
114	1.16602492242996	789	114	  -0.0598805	    0.481747	   0.0798474	    0.920153	2
114	0.875546046335865	790	114	  -0.0598805	    0.481747	   0.0798474	    0.920153	2
114	1.06691696373215	791	114	  -0.0598805	    0.481747	   0.0798474	    0.920153	2
114	0.58191593863815	792	114	  -0.0598805	    0.481747	   0.0798474	    0.920153	2
114	-0.390607890190827	793	114	  -0.0598805	    0.481747	   0.0798474	    0.920153	2
114	0.139767993622758	794	114	  -0.0598805	    0.481747	   0.0798474	    0.920153	2
115	1.34130461061209	795	115	  -0.0731467	    0.460622	   0.0705507	    0.929449	2
115	-0.236802479541703	796	115	  -0.0731467	    0.460622	   0.0705507	    0.929449	2
115	2.17759527878295	797	115	  -0.0731467	    0.460622	   0.0705507	    0.929449	2
115	-0.7586903198632	798	115	  -0.0731467	    0.460622	   0.0705507	    0.929449	2
115	1.115075791403	799	115	  -0.0731467	    0.460622	   0.0705507	    0.929449	2
115	1.17546180537934	800	115	  -0.0731467	    0.460622	   0.0705507	    0.929449	2
115	-0.786680917149104	801	115	  -0.0731467	    0.460622	   0.0705507	    0.929449	2
115	0.593777782654432	802	115	  -0.0731467	    0.460622	   0.0705507	    0.929449	2
116	-0.836480351711838	803	116	   -0.392971	    0.319379	    0.982445	   0.0175551	1
116	-2.72266895950304	804	116	   -0.392971	    0.319379	    0.982445	   0.0175551	1
116	-0.202373998984034	805	116	   -0.392971	    0.319379	    0.982445	   0.0175551	1
116	-0.777236361405754	806	116	   -0.392971	    0.319379	    0.982445	   0.0175551	1
116	-1.42712540597778	807	116	   -0.392971	    0.319379	    0.982445	   0.0175551	1
116	-1.35232877009967	808	116	   -0.392971	    0.319379	    0.982445	   0.0175551	1
116	-2.138334111879	809	116	   -0.392971	    0.319379	    0.982445	   0.0175551	1
116	-1.82157446042442	810	116	   -0.392971	    0.319379	    0.982445	   0.0175551	1
116	-2.80991914281934	811	116	   -0.392971	    0.319379	    0.982445	   0.0175551	1
116	0.255202293046478	812	116	   -0.392971	    0.319379	    0.982445	   0.0175551	1
117	2.47150924588399	813	117	    0.562869	    0.374366	  0.00630083	    0.993699	2
117	0.443847712289296	814	117	    0.562869	    0.374366	  0.00630083	    0.993699	2
117	0.841813296729066	815	117	    0.562869	    0.374366	  0.00630083	    0.993699	2
117	2.57036597443413	816	117	    0.562869	    0.374366	  0.00630083	    0.993699	2
118	2.30627671385734	817	118	    0.807024	     0.31648	   0.0017856	    0.998214	2
118	2.30528596900552	818	118	    0.807024	     0.31648	   0.0017856	    0.998214	2
118	1.44756613773882	819	118	    0.807024	     0.31648	   0.0017856	    0.998214	2
118	1.68242561408018	820	118	    0.807024	     0.31648	   0.0017856	    0.998214	2
118	1.33004586969791	821	118	    0.807024	     0.31648	   0.0017856	    0.998214	2
118	1.86811750717055	822	118	    0.807024	     0.31648	   0.0017856	    0.998214	2
119	0.719795146111655	823	119	  -0.0177973	    0.670443	     0.76337	     0.23663	1
119	0.62773411090069	824	119	  -0.0177973	    0.670443	     0.76337	     0.23663	1
119	0.401499758316392	825	119	  -0.0177973	    0.670443	     0.76337	     0.23663	1
119	-0.056261378139553	826	119	  -0.0177973	    0.670443	     0.76337	     0.23663	1
119	-1.82429460531421	827	119	  -0.0177973	    0.670443	     0.76337	     0.23663	1
119	-1.28358137702285	828	119	  -0.0177973	    0.670443	     0.76337	     0.23663	1
119	-1.11341666386999	829	119	  -0.0177973	    0.670443	     0.76337	     0.23663	1
119	-1.97427900349031	830	119	  -0.0177973	    0.670443	     0.76337	     0.23663	1
120	0.148882234710788	831	120	  -0.0630147	    0.776239	    0.582845	    0.417155	1
120	-1.86416693960638	832	120	  -0.0630147	    0.776239	    0.582845	    0.417155	1
120	-0.410001084371979	833	120	  -0.0630147	    0.776239	    0.582845	    0.417155	1
120	-0.567109535647943	834	120	  -0.0630147	    0.776239	    0.582845	    0.417155	1
120	1.28473349536797	835	120	  -0.0630147	    0.776239	    0.582845	    0.417155	1
120	-0.791707447492935	836	120	  -0.0630147	    0.776239	    0.582845	    0.417155	1
120	0.754857720907402	837	120	  -0.0630147	    0.776239	    0.582845	    0.417155	1
120	-1.14612652144268	838	120	  -0.0630147	    0.776239	    0.582845	    0.417155	1
120	1.02793668318076	839	120	  -0.0630147	    0.776239	    0.582845	    0.417155	1
120	-1.44092953851385	840	120	  -0.0630147	    0.776239	    0.582845	    0.417155	1
121	1.60275339395937	841	121	  -0.0263659	    0.504931	   0.0916536	    0.908346	2
121	0.942855006270395	842	121	  -0.0263659	    0.504931	   0.0916536	    0.908346	2
121	0.606475952450442	843	121	  -0.0263659	    0.504931	   0.0916536	    0.908346	2
121	-0.784124831841598	844	121	  -0.0263659	    0.504931	   0.0916536	    0.908346	2
122	0.543591333427852	845	122	    0.259376	    0.357202	   0.0169787	    0.983021	2
122	0.536760886319855	846	122	    0.259376	    0.357202	   0.0169787	    0.983021	2
122	-0.155859972162252	847	122	    0.259376	    0.357202	   0.0169787	    0.983021	2
122	0.351529995846231	848	122	    0.259376	    0.357202	   0.0169787	    0.983021	2
122	2.03465504884303	849	122	    0.259376	    0.357202	   0.0169787	    0.983021	2
122	3.24783574167015	850	122	    0.259376	    0.357202	   0.0169787	    0.983021	2
123	0.583578554312328	851	123	   -0.172187	    0.724964	    0.319784	    0.680216	2
123	-0.34237148784189	852	123	   -0.172187	    0.724964	    0.319784	    0.680216	2
123	-0.454558677326507	853	123	   -0.172187	    0.724964	    0.319784	    0.680216	2
123	-0.648860234100868	854	123	   -0.172187	    0.724964	    0.319784	    0.680216	2
123	0.0106363952123263	855	123	   -0.172187	    0.724964	    0.319784	    0.680216	2
123	-0.430127855498492	856	123	   -0.172187	    0.724964	    0.319784	    0.680216	2
123	0.528429341647322	857	123	   -0.172187	    0.724964	    0.319784	    0.680216	2
123	0.937118223431724	858	123	   -0.172187	    0.724964	    0.319784	    0.680216	2
124	-1.43579261359146	859	124	   -0.288003	    0.352593	    0.971891	   0.0281087	1
124	-0.125306061607783	860	124	   -0.288003	    0.352593	    0.971891	   0.0281087	1
124	-1.59264153153927	861	124	   -0.288003	    0.352593	    0.971891	   0.0281087	1
124	-1.39034047746789	862	124	   -0.288003	    0.352593	    0.971891	   0.0281087	1
124	-0.635735515320055	863	124	   -0.288003	    0.352593	    0.971891	   0.0281087	1
124	-0.882201851859403	864	124	   -0.288003	    0.352593	    0.971891	   0.0281087	1
124	-1.47600770080787	865	124	   -0.288003	    0.352593	    0.971891	   0.0281087	1
124	-0.640753988117805	866	124	   -0.288003	    0.352593	    0.971891	   0.0281087	1
124	-2.49875844299987	867	124	   -0.288003	    0.352593	    0.971891	   0.0281087	1
124	-1.74220179341798	868	124	   -0.288003	    0.352593	    0.971891	   0.0281087	1
125	-0.11073092536077	869	125	   -0.126902	    0.693453	    0.376566	    0.623434	2
125	-0.423821334320809	870	125	   -0.126902	    0.693453	    0.376566	    0.623434	2
125	0.660825023115051	871	125	   -0.126902	    0.693453	    0.376566	    0.623434	2
125	-0.318897611556476	872	125	   -0.126902	    0.693453	    0.376566	    0.623434	2
126	0.449106383313207	873	126	  -0.0886464	    0.506601	   0.0960457	    0.903954	2
126	0.168467686896257	874	126	  -0.0886464	    0.506601	   0.0960457	    0.903954	2
126	1.29926913350604	875	126	  -0.0886464	    0.506601	   0.0960457	    0.903954	2
126	1.32286571683916	876	126	  -0.0886464	    0.506601	   0.0960457	    0.903954	2
126	0.392338485837511	877	126	  -0.0886464	    0.506601	   0.0960457	    0.903954	2
126	-0.583677420428504	878	126	  -0.0886464	    0.506601	   0.0960457	    0.903954	2
127	-0.440449295651465	879	127	    0.535702	    0.293745	  0.00455959	     0.99544	2
127	3.71248616084557	880	127	    0.535702	    0.293745	  0.00455959	     0.99544	2
127	0.384610449365133	881	127	    0.535702	    0.293745	  0.00455959	     0.99544	2
127	0.666419155221917	882	127	    0.535702	    0.293745	  0.00455959	     0.99544	2
127	1.74693570461738	883	127	    0.535702	    0.293745	  0.00455959	     0.99544	2
127	3.21840521497825	884	127	    0.535702	    0.293745	  0.00455959	     0.99544	2
127	2.33382175132311	885	127	    0.535702	    0.293745	  0.00455959	     0.99544	2
127	-0.16910062619879	886	127	    0.535702	    0.293745	  0.00455959	     0.99544	2
128	0.22113992743553	887	128	    0.117287	     0.34021	   0.0240247	    0.975975	2
128	1.46532841748566	888	128	    0.117287	     0.34021	   0.0240247	    0.975975	2
128	1.06153225042222	889	128	    0.117287	     0.34021	   0.0240247	    0.975975	2
128	1.4928652755001	890	128	    0.117287	     0.34021	   0.0240247	    0.975975	2
128	-0.249232794927796	891	128	    0.117287	     0.34021	   0.0240247	    0.975975	2
128	0.23508147922087	892	128	    0.117287	     0.34021	   0.0240247	    0.975975	2
128	1.29733991942156	893	128	    0.117287	     0.34021	   0.0240247	    0.975975	2
128	0.711064054777886	894	128	    0.117287	     0.34021	   0.0240247	    0.975975	2
128	0.19065187233194	895	128	    0.117287	     0.34021	   0.0240247	    0.975975	2
128	2.42275006054523	896	128	    0.117287	     0.34021	   0.0240247	    0.975975	2
129	-1.17802124478266	897	129	   -0.129555	     0.68812	    0.357953	    0.642047	2
129	-0.127863896123945	898	129	   -0.129555	     0.68812	    0.357953	    0.642047	2
129	0.0147838237362509	899	129	   -0.129555	     0.68812	    0.357953	    0.642047	2
129	1.21310540351267	900	129	   -0.129555	     0.68812	    0.357953	    0.642047	2
130	1.40164466385539	901	130	   -0.104264	    0.522605	    0.107281	    0.892719	2
130	0.0899304239939242	902	130	   -0.104264	    0.522605	    0.107281	    0.892719	2
130	0.881122505895501	903	130	   -0.104264	    0.522605	    0.107281	    0.892719	2
130	-0.765578973857078	904	130	   -0.104264	    0.522605	    0.107281	    0.892719	2
130	1.80284481138774	905	130	   -0.104264	    0.522605	    0.107281	    0.892719	2
130	-0.599511834830254	906	130	   -0.104264	    0.522605	    0.107281	    0.892719	2
131	0.857764678889454	907	131	    0.358351	    0.310277	   0.0094699	     0.99053	2
131	0.184184173880649	908	131	    0.358351	    0.310277	   0.0094699	     0.99053	2
131	2.00410017949342	909	131	    0.358351	    0.310277	   0.0094699	     0.99053	2
131	1.48630211244394	910	131	    0.358351	    0.310277	   0.0094699	     0.99053	2
131	1.88490110645411	911	131	    0.358351	    0.310277	   0.0094699	     0.99053	2
131	0.482967591779186	912	131	    0.358351	    0.310277	   0.0094699	     0.99053	2
131	0.943559136108676	913	131	    0.358351	    0.310277	   0.0094699	     0.99053	2
131	1.81881884250104	914	131	    0.358351	    0.310277	   0.0094699	     0.99053	2
132	0.810919961123507	915	132	    0.156767	    0.327874	   0.0201339	    0.979866	2
132	-0.582374318892716	916	132	    0.156767	    0.327874	   0.0201339	    0.979866	2
132	1.31020505166198	917	132	    0.156767	    0.327874	   0.0201339	    0.979866	2
132	0.854070971688413	918	132	    0.156767	    0.327874	   0.0201339	    0.979866	2
132	1.33865397088793	919	132	    0.156767	    0.327874	   0.0201339	    0.979866	2
132	1.39674502366775	920	132	    0.156767	    0.327874	   0.0201339	    0.979866	2
132	0.798802088400717	921	132	    0.156767	    0.327874	   0.0201339	    0.979866	2
132	3.26431860497567	922	132	    0.156767	    0.327874	   0.0201339	    0.979866	2
132	0.0697727498422841	923	132	    0.156767	    0.327874	   0.0201339	    0.979866	2
132	0.117539011571509	924	132	    0.156767	    0.327874	   0.0201339	    0.979866	2
133	1.67378117026431	925	133	     0.94093	    0.364486	  0.00136752	    0.998632	2
133	1.99242623034701	926	133	     0.94093	    0.364486	  0.00136752	    0.998632	2
133	1.75614308172719	927	133	     0.94093	    0.364486	  0.00136752	    0.998632	2
133	3.09827162288156	928	133	     0.94093	    0.364486	  0.00136752	    0.998632	2
134	1.32155944479542	929	134	   -0.139146	    0.731644	    0.391613	    0.608387	2
134	-0.550107914321512	930	134	   -0.139146	    0.731644	    0.391613	    0.608387	2
134	0.505285145477641	931	134	   -0.139146	    0.731644	    0.391613	    0.608387	2
134	-0.408343971542112	932	134	   -0.139146	    0.731644	    0.391613	    0.608387	2
134	0.0535901715568233	933	134	   -0.139146	    0.731644	    0.391613	    0.608387	2
134	-1.35419891571311	934	134	   -0.139146	    0.731644	    0.391613	    0.608387	2
135	-0.442027178153797	935	135	   -0.187519	    0.660368	    0.224565	    0.775435	2
135	1.0019675970742	936	135	   -0.187519	    0.660368	    0.224565	    0.775435	2
135	0.495014895108988	937	135	   -0.187519	    0.660368	    0.224565	    0.775435	2
135	-1.47932448900788	938	135	   -0.187519	    0.660368	    0.224565	    0.775435	2
135	1.49257997072721	939	135	   -0.187519	    0.660368	    0.224565	    0.775435	2
135	-0.0505880205500408	940	135	   -0.187519	    0.660368	    0.224565	    0.775435	2
135	0.510718622495304	941	135	   -0.187519	    0.660368	    0.224565	    0.775435	2
135	-0.165557400861897	942	135	   -0.187519	    0.660368	    0.224565	    0.775435	2
136	1.11703469126736	943	136	    0.584937	    0.266838	  0.00335746	    0.996643	2
136	0.995933197659005	944	136	    0.584937	    0.266838	  0.00335746	    0.996643	2
136	0.188377530016322	945	136	    0.584937	    0.266838	  0.00335746	    0.996643	2
136	1.26444179287481	946	136	    0.584937	    0.266838	  0.00335746	    0.996643	2
136	2.21477214344946	947	136	    0.584937	    0.266838	  0.00335746	    0.996643	2
136	0.419658195296776	948	136	    0.584937	    0.266838	  0.00335746	    0.996643	2
136	3.2357124546778	949	136	    0.584937	    0.266838	  0.00335746	    0.996643	2
136	2.13544559907017	950	136	    0.584937	    0.266838	  0.00335746	    0.996643	2
136	0.576252031570635	951	136	    0.584937	    0.266838	  0.00335746	    0.996643	2
136	2.53728153576872	952	136	    0.584937	    0.266838	  0.00335746	    0.996643	2
137	0.158778739065421	953	137	  -0.0614321	    0.531736	    0.115148	    0.884852	2
137	0.679967367286417	954	137	  -0.0614321	    0.531736	    0.115148	    0.884852	2
137	-0.781945521474148	955	137	  -0.0614321	    0.531736	    0.115148	    0.884852	2
137	1.94712233063073	956	137	  -0.0614321	    0.531736	    0.115148	    0.884852	2
138	-1.89583832791748	957	138	   -0.417362	    0.366635	    0.979165	   0.0208351	1
138	-0.921333276504696	958	138	   -0.417362	    0.366635	    0.979165	   0.0208351	1
138	-2.07426787026156	959	138	   -0.417362	    0.366635	    0.979165	   0.0208351	1
138	-1.84770397778794	960	138	   -0.417362	    0.366635	    0.979165	   0.0208351	1
138	-1.23412296630213	961	138	   -0.417362	    0.366635	    0.979165	   0.0208351	1
138	-0.748963505712412	962	138	   -0.417362	    0.366635	    0.979165	   0.0208351	1
139	0.103025801635981	963	139	    0.380005	    0.307598	  0.00865255	    0.991347	2
139	1.34195230487601	964	139	    0.380005	    0.307598	  0.00865255	    0.991347	2
139	-1.38068799543301	965	139	    0.380005	    0.307598	  0.00865255	    0.991347	2
139	2.0142070849882	966	139	    0.380005	    0.307598	  0.00865255	    0.991347	2
139	2.17532715237489	967	139	    0.380005	    0.307598	  0.00865255	    0.991347	2
139	1.27087508557521	968	139	    0.380005	    0.307598	  0.00865255	    0.991347	2
139	2.85636197073159	969	139	    0.380005	    0.307598	  0.00865255	    0.991347	2
139	1.50318815562064	970	139	    0.380005	    0.307598	  0.00865255	    0.991347	2
140	2.40338328370659	971	140	    0.881293	    0.256982	  0.00101722	    0.998983	2
140	2.12265690548609	972	140	    0.881293	    0.256982	  0.00101722	    0.998983	2
140	1.28102078583632	973	140	    0.881293	    0.256982	  0.00101722	    0.998983	2
140	2.43184256401687	974	140	    0.881293	    0.256982	  0.00101722	    0.998983	2
140	0.960943476810961	975	140	    0.881293	    0.256982	  0.00101722	    0.998983	2
140	2.15721156222	976	140	    0.881293	    0.256982	  0.00101722	    0.998983	2
140	1.09224404395717	977	140	    0.881293	    0.256982	  0.00101722	    0.998983	2
140	1.4177359737496	978	140	    0.881293	    0.256982	  0.00101722	    0.998983	2
140	1.70882740419708	979	140	    0.881293	    0.256982	  0.00101722	    0.998983	2
140	2.62011865417371	980	140	    0.881293	    0.256982	  0.00101722	    0.998983	2
141	0.302757279666145	981	141	  -0.0395432	    0.514216	   0.0994997	      0.9005	2
141	-0.87477864423819	982	141	  -0.0395432	    0.514216	   0.0994997	      0.9005	2
141	1.87421127585201	983	141	  -0.0395432	    0.514216	   0.0994997	      0.9005	2
141	0.935822287055695	984	141	  -0.0395432	    0.514216	   0.0994997	      0.9005	2
142	-1.20193151525188	985	142	   -0.125084	    0.498536	    0.909371	   0.0906294	1
142	-1.81606851204417	986	142	   -0.125084	    0.498536	    0.909371	   0.0906294	1
142	-0.638679079052325	987	142	   -0.125084	    0.498536	    0.909371	   0.0906294	1
142	-1.31537024150465	988	142	   -0.125084	    0.498536	    0.909371	   0.0906294	1
142	-0.973530902006979	989	142	   -0.125084	    0.498536	    0.909371	   0.0906294	1
142	0.206733021262944	990	142	   -0.125084	    0.498536	    0.909371	   0.0906294	1
143	1.71087903965672	991	143	    0.599102	    0.290114	  0.00352312	    0.996477	2
143	0.796684034516619	992	143	    0.599102	    0.290114	  0.00352312	    0.996477	2
143	2.18196276731521	993	143	    0.599102	    0.290114	  0.00352312	    0.996477	2
143	2.95933310275012	994	143	    0.599102	    0.290114	  0.00352312	    0.996477	2
143	0.774282670404721	995	143	    0.599102	    0.290114	  0.00352312	    0.996477	2
143	1.51092753177484	996	143	    0.599102	    0.290114	  0.00352312	    0.996477	2
143	1.56274874748531	997	143	    0.599102	    0.290114	  0.00352312	    0.996477	2
143	0.586371061861638	998	143	    0.599102	    0.290114	  0.00352312	    0.996477	2
144	-1.46042772534429	999	144	    -1.10354	    0.256688	    0.999051	 0.000949384	1
144	-2.79755862316991	1000	144	    -1.10354	    0.256688	    0.999051	 0.000949384	1
144	-2.89269250549195	1001	144	    -1.10354	    0.256688	    0.999051	 0.000949384	1
144	-2.37144921159292	1002	144	    -1.10354	    0.256688	    0.999051	 0.000949384	1
144	-1.59227338614316	1003	144	    -1.10354	    0.256688	    0.999051	 0.000949384	1
144	-1.18133803748899	1004	144	    -1.10354	    0.256688	    0.999051	 0.000949384	1
144	-3.54221504329697	1005	144	    -1.10354	    0.256688	    0.999051	 0.000949384	1
144	-2.54638225691136	1006	144	    -1.10354	    0.256688	    0.999051	 0.000949384	1
144	-4.27635546892757	1007	144	    -1.10354	    0.256688	    0.999051	 0.000949384	1
144	0.217731562438373	1008	144	    -1.10354	    0.256688	    0.999051	 0.000949384	1
145	-1.99636737176121	1009	145	   -0.085075	    0.702308	    0.583354	    0.416646	1
145	-0.761826790231226	1010	145	   -0.085075	    0.702308	    0.583354	    0.416646	1
145	1.49481761702506	1011	145	   -0.085075	    0.702308	    0.583354	    0.416646	1
145	-0.132235850396176	1012	145	   -0.085075	    0.702308	    0.583354	    0.416646	1
146	0.977958999655605	1013	146	    0.279579	    0.353665	   0.0155667	    0.984433	2
146	0.400850018682243	1014	146	    0.279579	    0.353665	   0.0155667	    0.984433	2
146	0.584338746755681	1015	146	    0.279579	    0.353665	   0.0155667	    0.984433	2
146	2.18745659619355	1016	146	    0.279579	    0.353665	   0.0155667	    0.984433	2
146	1.2880464156873	1017	146	    0.279579	    0.353665	   0.0155667	    0.984433	2
146	1.2903973490776	1018	146	    0.279579	    0.353665	   0.0155667	    0.984433	2
147	-0.443113579178031	1019	147	  -0.0213735	    0.694949	    0.730523	    0.269477	1
147	-1.80882047490665	1020	147	  -0.0213735	    0.694949	    0.730523	    0.269477	1
147	-0.454230415969123	1021	147	  -0.0213735	    0.694949	    0.730523	    0.269477	1
147	-0.0674521094745989	1022	147	  -0.0213735	    0.694949	    0.730523	    0.269477	1
147	0.164849397730795	1023	147	  -0.0213735	    0.694949	    0.730523	    0.269477	1
147	0.483935836856168	1024	147	  -0.0213735	    0.694949	    0.730523	    0.269477	1
147	-0.775716361465682	1025	147	  -0.0213735	    0.694949	    0.730523	    0.269477	1
147	-1.17893260791703	1026	147	  -0.0213735	    0.694949	    0.730523	    0.269477	1
148	-0.30794282172555	1027	148	  -0.0810117	    0.783181	    0.544478	    0.455522	1
148	-2.12757757752337	1028	148	  -0.0810117	    0.783181	    0.544478	    0.455522	1
148	-0.341022092294782	1029	148	  -0.0810117	    0.783181	    0.544478	    0.455522	1
148	-0.436388262780046	1030	148	  -0.0810117	    0.783181	    0.544478	    0.455522	1
148	-0.139534477994378	1031	148	  -0.0810117	    0.783181	    0.544478	    0.455522	1
148	1.73634698099209	1032	148	  -0.0810117	    0.783181	    0.544478	    0.455522	1
148	-0.67027339179436	1033	148	  -0.0810117	    0.783181	    0.544478	    0.455522	1
148	-0.996897383351927	1034	148	  -0.0810117	    0.783181	    0.544478	    0.455522	1
148	-0.34174974857854	1035	148	  -0.0810117	    0.783181	    0.544478	    0.455522	1
148	1.07943366586146	1036	148	  -0.0810117	    0.783181	    0.544478	    0.455522	1
149	1.21232010961767	1037	149	  -0.0438151	    0.517413	     0.10227	     0.89773	2
149	0.65561354461994	1038	149	  -0.0438151	    0.517413	     0.10227	     0.89773	2
149	0.304513036374746	1039	149	  -0.0438151	    0.517413	     0.10227	     0.89773	2
149	0.0218552623124024	1040	149	  -0.0438151	    0.517413	     0.10227	     0.89773	2
150	-1.56354342368892	1041	150	   -0.596258	    0.338507	    0.990283	  0.00971717	1
150	-1.86533240793864	1042	150	   -0.596258	    0.338507	    0.990283	  0.00971717	1
150	-1.19001972644525	1043	150	   -0.596258	    0.338507	    0.990283	  0.00971717	1
150	-1.53340200059866	1044	150	   -0.596258	    0.338507	    0.990283	  0.00971717	1
150	-2.51197638850222	1045	150	   -0.596258	    0.338507	    0.990283	  0.00971717	1
150	-1.55350178027096	1046	150	   -0.596258	    0.338507	    0.990283	  0.00971717	1
