g	y1	id	g	F1	F1_std	GClass#1	GClass#2	GClass#
1	-1.48795636249668	1	1	   0.0736219	    0.453728	    0.940935	   0.0590654	1
1	-1.21215824770703	2	1	   0.0736219	    0.453728	    0.940935	   0.0590654	1
1	0.215570242138655	3	1	   0.0736219	    0.453728	    0.940935	   0.0590654	1
1	-0.752579081909576	4	1	   0.0736219	    0.453728	    0.940935	   0.0590654	1
2	0.498140103623503	5	2	   -0.370864	    0.855293	    0.600199	    0.399801	1
2	-0.074580091179331	6	2	   -0.370864	    0.855293	    0.600199	    0.399801	1
2	0.0439135805179732	7	2	   -0.370864	    0.855293	    0.600199	    0.399801	1
2	-2.66032232136511	8	2	   -0.370864	    0.855293	    0.600199	    0.399801	1
2	-1.4689444093161	9	2	   -0.370864	    0.855293	    0.600199	    0.399801	1
2	-0.418603845130672	10	2	   -0.370864	    0.855293	    0.600199	    0.399801	1
3	-0.130359379209535	11	3	   -0.609949	    0.487084	   0.0355765	    0.964424	2
3	1.35319922403255	12	3	   -0.609949	    0.487084	   0.0355765	    0.964424	2
3	1.89002329682606	13	3	   -0.609949	    0.487084	   0.0355765	    0.964424	2
3	-1.54627388257235	14	3	   -0.609949	    0.487084	   0.0355765	    0.964424	2
3	-0.420683556232511	15	3	   -0.609949	    0.487084	   0.0355765	    0.964424	2
3	0.068118374471978	16	3	   -0.609949	    0.487084	   0.0355765	    0.964424	2
3	0.644804391793267	17	3	   -0.609949	    0.487084	   0.0355765	    0.964424	2
3	0.357211646220503	18	3	   -0.609949	    0.487084	   0.0355765	    0.964424	2
4	0.275122136211224	19	4	    0.892942	    0.340755	 5.87185e-11	           1	2
4	4.66571225376417	20	4	    0.892942	    0.340755	 5.87185e-11	           1	2
4	1.71756243352044	21	4	    0.892942	    0.340755	 5.87185e-11	           1	2
4	2.09555904725859	22	4	    0.892942	    0.340755	 5.87185e-11	           1	2
4	0.294582011892875	23	4	    0.892942	    0.340755	 5.87185e-11	           1	2
4	2.71692015965657	24	4	    0.892942	    0.340755	 5.87185e-11	           1	2
4	3.46478737713151	25	4	    0.892942	    0.340755	 5.87185e-11	           1	2
4	0.998245309901049	26	4	    0.892942	    0.340755	 5.87185e-11	           1	2
4	3.12716945721781	27	4	    0.892942	    0.340755	 5.87185e-11	           1	2
4	2.65078442193413	28	4	    0.892942	    0.340755	 5.87185e-11	           1	2
5	0.869930984497169	29	5	    0.649564	     0.48038	 9.16549e-07	    0.999999	2
5	1.56477416839953	30	5	    0.649564	     0.48038	 9.16549e-07	    0.999999	2
5	3.7638266628069	31	5	    0.649564	     0.48038	 9.16549e-07	    0.999999	2
5	2.23772873479389	32	5	    0.649564	     0.48038	 9.16549e-07	    0.999999	2
6	1.0963642500979	33	6	    0.456038	    0.416681	  9.8606e-07	    0.999999	2
6	1.7519095153033	34	6	    0.456038	    0.416681	  9.8606e-07	    0.999999	2
6	-0.38546459752865	35	6	    0.456038	    0.416681	  9.8606e-07	    0.999999	2
6	2.43761560408523	36	6	    0.456038	    0.416681	  9.8606e-07	    0.999999	2
6	3.39549560911843	37	6	    0.456038	    0.416681	  9.8606e-07	    0.999999	2
6	2.12094157988551	38	6	    0.456038	    0.416681	  9.8606e-07	    0.999999	2
7	-1.39238144574854	39	7	   -0.449483	    0.382047	  0.00238677	    0.997613	2
7	1.91179390797611	40	7	   -0.449483	    0.382047	  0.00238677	    0.997613	2
7	-0.32566197682046	41	7	   -0.449483	    0.382047	  0.00238677	    0.997613	2
7	1.27670770338808	42	7	   -0.449483	    0.382047	  0.00238677	    0.997613	2
7	0.417804061594612	43	7	   -0.449483	    0.382047	  0.00238677	    0.997613	2
7	1.9815877458412	44	7	   -0.449483	    0.382047	  0.00238677	    0.997613	2
7	0.859299434871636	45	7	   -0.449483	    0.382047	  0.00238677	    0.997613	2
7	-0.321611919701306	46	7	   -0.449483	    0.382047	  0.00238677	    0.997613	2
8	-0.443919586635033	47	8	    0.437895	    0.788337	    0.774624	    0.225376	1
8	-1.47583409134928	48	8	    0.437895	    0.788337	    0.774624	    0.225376	1
8	0.142810027919339	49	8	    0.437895	    0.788337	    0.774624	    0.225376	1
8	-0.122267928670054	50	8	    0.437895	    0.788337	    0.774624	    0.225376	1
8	-0.394874005729614	51	8	    0.437895	    0.788337	    0.774624	    0.225376	1
8	1.19287461706946	52	8	    0.437895	    0.788337	    0.774624	    0.225376	1
8	0.0802386431809418	53	8	    0.437895	    0.788337	    0.774624	    0.225376	1
8	0.222447233318115	54	8	    0.437895	    0.788337	    0.774624	    0.225376	1
8	0.727884471290579	55	8	    0.437895	    0.788337	    0.774624	    0.225376	1
8	-0.210133954256083	56	8	    0.437895	    0.788337	    0.774624	    0.225376	1
9	-0.901039877167908	57	9	    0.175807	    0.431324	    0.950915	   0.0490845	1
9	-1.23122365875272	58	9	    0.175807	    0.431324	    0.950915	   0.0490845	1
9	-0.0586609739272858	59	9	    0.175807	    0.431324	    0.950915	   0.0490845	1
9	-0.504606094534171	60	9	    0.175807	    0.431324	    0.950915	   0.0490845	1
10	1.35503270563708	61	10	    0.801074	    0.416678	 1.01055e-07	           1	2
10	1.95954637815316	62	10	    0.801074	    0.416678	 1.01055e-07	           1	2
10	1.01724871972721	63	10	    0.801074	    0.416678	 1.01055e-07	           1	2
10	3.04501577363433	64	10	    0.801074	    0.416678	 1.01055e-07	           1	2
10	1.97514986935433	65	10	    0.801074	    0.416678	 1.01055e-07	           1	2
10	3.85163359755295	66	10	    0.801074	    0.416678	 1.01055e-07	           1	2
11	-0.647931006717797	67	11	  -0.0815893	    0.328167	    0.981103	   0.0188975	1
11	-1.73140926335779	68	11	  -0.0815893	    0.328167	    0.981103	   0.0188975	1
11	-1.21376327145418	69	11	  -0.0815893	    0.328167	    0.981103	   0.0188975	1
11	-1.61892722637982	70	11	  -0.0815893	    0.328167	    0.981103	   0.0188975	1
11	0.124657828077097	71	11	  -0.0815893	    0.328167	    0.981103	   0.0188975	1
11	-0.024909716842151	72	11	  -0.0815893	    0.328167	    0.981103	   0.0188975	1
11	-1.63993396920266	73	11	  -0.0815893	    0.328167	    0.981103	   0.0188975	1
11	-2.16826459720386	74	11	  -0.0815893	    0.328167	    0.981103	   0.0188975	1
12	1.13635446080831	75	12	   -0.525006	    0.506957	   0.0471562	    0.952844	2
12	1.00388768825188	76	12	   -0.525006	    0.506957	   0.0471562	    0.952844	2
12	-1.77867137548174	77	12	   -0.525006	    0.506957	   0.0471562	    0.952844	2
12	0.554167208828034	78	12	   -0.525006	    0.506957	   0.0471562	    0.952844	2
12	0.944946211916588	79	12	   -0.525006	    0.506957	   0.0471562	    0.952844	2
12	1.24089174664557	80	12	   -0.525006	    0.506957	   0.0471562	    0.952844	2
12	0.971153016322828	81	12	   -0.525006	    0.506957	   0.0471562	    0.952844	2
12	0.295589244914864	82	12	   -0.525006	    0.506957	   0.0471562	    0.952844	2
12	-0.265206266724577	83	12	   -0.525006	    0.506957	   0.0471562	    0.952844	2
12	-0.241618606450693	84	12	   -0.525006	    0.506957	   0.0471562	    0.952844	2
13	1.8375579476416	85	13	   -0.204255	    0.480708	 0.000171092	    0.999829	2
13	0.450362537564635	86	13	   -0.204255	    0.480708	 0.000171092	    0.999829	2
13	-1.57564788368911	87	13	   -0.204255	    0.480708	 0.000171092	    0.999829	2
13	2.53411745980439	88	13	   -0.204255	    0.480708	 0.000171092	    0.999829	2
14	0.0583939085458813	89	14	     0.15066	    0.326271	    0.983792	   0.0162082	1
14	-0.513145473613967	90	14	     0.15066	    0.326271	    0.983792	   0.0162082	1
14	-1.48313910048331	91	14	     0.15066	    0.326271	    0.983792	   0.0162082	1
14	-0.859921861550856	92	14	     0.15066	    0.326271	    0.983792	   0.0162082	1
14	-1.2684043844261	93	14	     0.15066	    0.326271	    0.983792	   0.0162082	1
14	-0.80733624576213	94	14	     0.15066	    0.326271	    0.983792	   0.0162082	1
15	2.22341714504695	95	15	   -0.070041	     0.37345	 0.000107149	    0.999893	2
15	0.922418475918633	96	15	   -0.070041	     0.37345	 0.000107149	    0.999893	2
15	0.753754985822107	97	15	   -0.070041	     0.37345	 0.000107149	    0.999893	2
15	1.21280005634335	98	15	   -0.070041	     0.37345	 0.000107149	    0.999893	2
15	-0.272056283136791	99	15	   -0.070041	     0.37345	 0.000107149	    0.999893	2
15	1.26018971701851	100	15	   -0.070041	     0.37345	 0.000107149	    0.999893	2
15	2.88792526675344	101	15	   -0.070041	     0.37345	 0.000107149	    0.999893	2
15	-0.717964959755317	102	15	   -0.070041	     0.37345	 0.000107149	    0.999893	2
16	-3.23596723774582	103	16	   -0.545349	     0.22475	     0.99755	  0.00244984	1
16	-2.3978225441995	104	16	   -0.545349	     0.22475	     0.99755	  0.00244984	1
16	-0.871279418687981	105	16	   -0.545349	     0.22475	     0.99755	  0.00244984	1
16	-2.0556253857867	106	16	   -0.545349	     0.22475	     0.99755	  0.00244984	1
16	-1.3492895131722	107	16	   -0.545349	     0.22475	     0.99755	  0.00244984	1
16	-1.81588056443106	108	16	   -0.545349	     0.22475	     0.99755	  0.00244984	1
16	-1.60962854037669	109	16	   -0.545349	     0.22475	     0.99755	  0.00244984	1
16	-1.67520689981796	110	16	   -0.545349	     0.22475	     0.99755	  0.00244984	1
16	-1.60315253157296	111	16	   -0.545349	     0.22475	     0.99755	  0.00244984	1
16	-0.494983461610884	112	16	   -0.545349	     0.22475	     0.99755	  0.00244984	1
17	-1.37057932884841	113	17	   -0.224652	    0.315771	     0.99265	  0.00735001	1
17	-1.64380331244205	114	17	   -0.224652	    0.315771	     0.99265	  0.00735001	1
17	-1.3085635708316	115	17	   -0.224652	    0.315771	     0.99265	  0.00735001	1
17	-1.20840069905291	116	17	   -0.224652	    0.315771	     0.99265	  0.00735001	1
18	-2.16878863405684	117	18	   -0.603826	    0.258734	    0.998607	   0.0013932	1
18	-2.13208181362973	118	18	   -0.603826	    0.258734	    0.998607	   0.0013932	1
18	-2.1612716628362	119	18	   -0.603826	    0.258734	    0.998607	   0.0013932	1
18	-1.37167075357589	120	18	   -0.603826	    0.258734	    0.998607	   0.0013932	1
18	-1.50556114318328	121	18	   -0.603826	    0.258734	    0.998607	   0.0013932	1
18	-1.88937320761994	122	18	   -0.603826	    0.258734	    0.998607	   0.0013932	1
19	0.523813708849181	123	19	     1.10201	    0.373042	 1.32292e-09	           1	2
19	3.40182437729333	124	19	     1.10201	    0.373042	 1.32292e-09	           1	2
19	3.23694420613598	125	19	     1.10201	    0.373042	 1.32292e-09	           1	2
19	3.87805048094954	126	19	     1.10201	    0.373042	 1.32292e-09	           1	2
19	2.25638668756052	127	19	     1.10201	    0.373042	 1.32292e-09	           1	2
19	2.5486771837132	128	19	     1.10201	    0.373042	 1.32292e-09	           1	2
19	2.31450463362072	129	19	     1.10201	    0.373042	 1.32292e-09	           1	2
19	1.92256369192812	130	19	     1.10201	    0.373042	 1.32292e-09	           1	2
20	-2.37407673591871	131	20	   -0.391121	    0.265108	    0.991542	   0.0084583	1
20	-0.814733086144168	132	20	   -0.391121	    0.265108	    0.991542	   0.0084583	1
20	-0.544732737482406	133	20	   -0.391121	    0.265108	    0.991542	   0.0084583	1
20	-2.34743994165277	134	20	   -0.391121	    0.265108	    0.991542	   0.0084583	1
20	0.118144253854626	135	20	   -0.391121	    0.265108	    0.991542	   0.0084583	1
20	-2.27747413093159	136	20	   -0.391121	    0.265108	    0.991542	   0.0084583	1
20	-1.39105535219561	137	20	   -0.391121	    0.265108	    0.991542	   0.0084583	1
20	-2.09322730681737	138	20	   -0.391121	    0.265108	    0.991542	   0.0084583	1
20	-1.29640454371295	139	20	   -0.391121	    0.265108	    0.991542	   0.0084583	1
20	-2.07991062452498	140	20	   -0.391121	    0.265108	    0.991542	   0.0084583	1
21	1.04583992018748	141	21	    0.228601	    0.481519	 0.000598093	    0.999402	2
21	2.39017507294699	142	21	    0.228601	    0.481519	 0.000598093	    0.999402	2
21	0.845560652658899	143	21	    0.228601	    0.481519	 0.000598093	    0.999402	2
21	1.59150886789704	144	21	    0.228601	    0.481519	 0.000598093	    0.999402	2
22	-0.906408859453668	145	22	   -0.330312	    0.271774	    0.996057	  0.00394253	1
22	-1.50379909432313	146	22	   -0.330312	    0.271774	    0.996057	  0.00394253	1
22	-1.95109308420412	147	22	   -0.330312	    0.271774	    0.996057	  0.00394253	1
22	-0.918223928429866	148	22	   -0.330312	    0.271774	    0.996057	  0.00394253	1
22	-2.33798355164078	149	22	   -0.330312	    0.271774	    0.996057	  0.00394253	1
22	-1.34443503620444	150	22	   -0.330312	    0.271774	    0.996057	  0.00394253	1
23	0.85793263548433	151	23	   -0.677507	    0.572037	    0.070786	    0.929214	2
23	0.514463109765693	152	23	   -0.677507	    0.572037	    0.070786	    0.929214	2
23	0.604285522735988	153	23	   -0.677507	    0.572037	    0.070786	    0.929214	2
23	0.178995975506784	154	23	   -0.677507	    0.572037	    0.070786	    0.929214	2
23	-2.37054424412268	155	23	   -0.677507	    0.572037	    0.070786	    0.929214	2
23	-0.32279319415171	156	23	   -0.677507	    0.572037	    0.070786	    0.929214	2
23	0.612043562285464	157	23	   -0.677507	    0.572037	    0.070786	    0.929214	2
23	0.850663683347146	158	23	   -0.677507	    0.572037	    0.070786	    0.929214	2
24	2.9186710856141	159	24	   -0.416977	    0.340756	 9.25929e-10	           1	2
24	0.272866323694724	160	24	   -0.416977	    0.340756	 9.25929e-10	           1	2
24	3.84728354746465	161	24	   -0.416977	    0.340756	 9.25929e-10	           1	2
24	2.71854170724623	162	24	   -0.416977	    0.340756	 9.25929e-10	           1	2
24	-0.896242679562341	163	24	   -0.416977	    0.340756	 9.25929e-10	           1	2
24	0.471905612294843	164	24	   -0.416977	    0.340756	 9.25929e-10	           1	2
24	0.279981778535317	165	24	   -0.416977	    0.340756	 9.25929e-10	           1	2
24	-2.40538906977365	166	24	   -0.416977	    0.340756	 9.25929e-10	           1	2
24	-0.209057176681672	167	24	   -0.416977	    0.340756	 9.25929e-10	           1	2
24	-0.811627801246533	168	24	   -0.416977	    0.340756	 9.25929e-10	           1	2
25	0.921162700061888	169	25	   -0.015732	    0.485986	  0.00294552	    0.997054	2
25	-0.166058099362218	170	25	   -0.015732	    0.485986	  0.00294552	    0.997054	2
25	1.81259754760899	171	25	   -0.015732	    0.485986	  0.00294552	    0.997054	2
25	1.80048982390866	172	25	   -0.015732	    0.485986	  0.00294552	    0.997054	2
26	-0.52206276716914	173	26	    0.227227	    0.416678	 5.07379e-08	           1	2
26	4.94692680706234	174	26	    0.227227	    0.416678	 5.07379e-08	           1	2
26	0.966509399255896	175	26	    0.227227	    0.416678	 5.07379e-08	           1	2
26	1.1678261488468	176	26	    0.227227	    0.416678	 5.07379e-08	           1	2
26	1.27361120975118	177	26	    0.227227	    0.416678	 5.07379e-08	           1	2
26	0.736025560075681	178	26	    0.227227	    0.416678	 5.07379e-08	           1	2
27	-0.777008436215979	179	27	    0.396851	    0.768032	    0.773013	    0.226987	1
27	-0.290587508569794	180	27	    0.396851	    0.768032	    0.773013	    0.226987	1
27	1.0117790482812	181	27	    0.396851	    0.768032	    0.773013	    0.226987	1
27	-0.310132198543146	182	27	    0.396851	    0.768032	    0.773013	    0.226987	1
27	-0.998284031915746	183	27	    0.396851	    0.768032	    0.773013	    0.226987	1
27	0.264433011048478	184	27	    0.396851	    0.768032	    0.773013	    0.226987	1
27	0.631520159754958	185	27	    0.396851	    0.768032	    0.773013	    0.226987	1
27	0.0475835429874499	186	27	    0.396851	    0.768032	    0.773013	    0.226987	1
28	-0.36389336113244	187	28	    0.362846	    0.369861	      0.9706	   0.0294005	1
28	-1.69509573679527	188	28	    0.362846	    0.369861	      0.9706	   0.0294005	1
28	-0.212849981953076	189	28	    0.362846	    0.369861	      0.9706	   0.0294005	1
28	-0.631175067495448	190	28	    0.362846	    0.369861	      0.9706	   0.0294005	1
28	-0.508186552698629	191	28	    0.362846	    0.369861	      0.9706	   0.0294005	1
28	-0.164074545629406	192	28	    0.362846	    0.369861	      0.9706	   0.0294005	1
28	0.400408477900708	193	28	    0.362846	    0.369861	      0.9706	   0.0294005	1
28	0.378192524921947	194	28	    0.362846	    0.369861	      0.9706	   0.0294005	1
28	-1.34698458513284	195	28	    0.362846	    0.369861	      0.9706	   0.0294005	1
28	-1.3280831052169	196	28	    0.362846	    0.369861	      0.9706	   0.0294005	1
29	-1.7321358119836	197	29	   -0.240804	    0.338185	    0.985871	   0.0141286	1
29	-1.58545250562752	198	29	   -0.240804	    0.338185	    0.985871	   0.0141286	1
29	-0.45164368433616	199	29	   -0.240804	    0.338185	    0.985871	   0.0141286	1
29	-1.80171561300111	200	29	   -0.240804	    0.338185	    0.985871	   0.0141286	1
30	-0.263092711175134	201	30	    0.453352	    0.412499	    0.958778	   0.0412225	1
30	-0.80224959208904	202	30	    0.453352	    0.412499	    0.958778	   0.0412225	1
30	-0.299401707531798	203	30	    0.453352	    0.412499	    0.958778	   0.0412225	1
30	0.135686555336578	204	30	    0.453352	    0.412499	    0.958778	   0.0412225	1
30	-0.615566547068939	205	30	    0.453352	    0.412499	    0.958778	   0.0412225	1
30	-0.2292135059935	206	30	    0.453352	    0.412499	    0.958778	   0.0412225	1
31	2.11286337885843	207	31	     1.21935	    0.373042	 1.55814e-09	           1	2
31	3.31409362549507	208	31	     1.21935	    0.373042	 1.55814e-09	           1	2
31	2.27156873964164	209	31	     1.21935	    0.373042	 1.55814e-09	           1	2
31	2.97827832310805	210	31	     1.21935	    0.373042	 1.55814e-09	           1	2
31	2.80464299413906	211	31	     1.21935	    0.373042	 1.55814e-09	           1	2
31	1.20135343704955	212	31	     1.21935	    0.373042	 1.55814e-09	           1	2
31	2.61432149543081	213	31	     1.21935	    0.373042	 1.55814e-09	           1	2
31	3.96797712079226	214	31	     1.21935	    0.373042	 1.55814e-09	           1	2
32	0.733530325189271	215	32	    0.959914	    0.340756	 5.13687e-11	           1	2
32	3.65114682341863	216	32	    0.959914	    0.340756	 5.13687e-11	           1	2
32	3.44249047044899	217	32	    0.959914	    0.340756	 5.13687e-11	           1	2
32	1.4276074147409	218	32	    0.959914	    0.340756	 5.13687e-11	           1	2
32	2.03692870936996	219	32	    0.959914	    0.340756	 5.13687e-11	           1	2
32	1.26160334583299	220	32	    0.959914	    0.340756	 5.13687e-11	           1	2
32	3.13327935398773	221	32	    0.959914	    0.340756	 5.13687e-11	           1	2
32	4.64861204777549	222	32	    0.959914	    0.340756	 5.13687e-11	           1	2
32	1.9419957382879	223	32	    0.959914	    0.340756	 5.13687e-11	           1	2
32	0.538052350360629	224	32	    0.959914	    0.340756	 5.13687e-11	           1	2
33	1.00525675732301	225	33	    0.650809	     0.48038	  1.2204e-06	    0.999999	2
33	3.7291295336718	226	33	    0.650809	     0.48038	  1.2204e-06	    0.999999	2
33	2.10358429549308	227	33	    0.650809	     0.48038	  1.2204e-06	    0.999999	2
33	1.60585042754872	228	33	    0.650809	     0.48038	  1.2204e-06	    0.999999	2
34	2.90126874545078	229	34	    0.895881	    0.416678	 3.09544e-08	           1	2
34	2.94347374048097	230	34	    0.895881	    0.416678	 3.09544e-08	           1	2
34	1.12537056447385	231	34	    0.895881	    0.416678	 3.09544e-08	           1	2
34	3.30103456122234	232	34	    0.895881	    0.416678	 3.09544e-08	           1	2
34	2.88931976642071	233	34	    0.895881	    0.416678	 3.09544e-08	           1	2
34	0.808889369524502	234	34	    0.895881	    0.416678	 3.09544e-08	           1	2
35	-1.93098697104808	235	35	   -0.177389	    0.241326	    0.997545	  0.00245471	1
35	-1.14959299949459	236	35	   -0.177389	    0.241326	    0.997545	  0.00245471	1
35	-0.363264839828285	237	35	   -0.177389	    0.241326	    0.997545	  0.00245471	1
35	-1.64677455114942	238	35	   -0.177389	    0.241326	    0.997545	  0.00245471	1
35	-1.10154159016706	239	35	   -0.177389	    0.241326	    0.997545	  0.00245471	1
35	-0.674184562794726	240	35	   -0.177389	    0.241326	    0.997545	  0.00245471	1
35	-1.43671689842555	241	35	   -0.177389	    0.241326	    0.997545	  0.00245471	1
35	-1.87984241407974	242	35	   -0.177389	    0.241326	    0.997545	  0.00245471	1
36	-2.91343601836159	243	36	    -1.60409	    0.360819	  0.00446755	    0.995532	2
36	1.92409305127341	244	36	    -1.60409	    0.360819	  0.00446755	    0.995532	2
36	-1.88585524759136	245	36	    -1.60409	    0.360819	  0.00446755	    0.995532	2
36	-1.13602962539626	246	36	    -1.60409	    0.360819	  0.00446755	    0.995532	2
36	-1.43389030622403	247	36	    -1.60409	    0.360819	  0.00446755	    0.995532	2
36	-1.59855204341762	248	36	    -1.60409	    0.360819	  0.00446755	    0.995532	2
36	-0.331049410829659	249	36	    -1.60409	    0.360819	  0.00446755	    0.995532	2
36	-0.895412394941914	250	36	    -1.60409	    0.360819	  0.00446755	    0.995532	2
36	1.58493714620844	251	36	    -1.60409	    0.360819	  0.00446755	    0.995532	2
36	-1.5614056797934	252	36	    -1.60409	    0.360819	  0.00446755	    0.995532	2
37	-1.41023797281847	253	37	   -0.335458	    0.355317	    0.980343	   0.0196566	1
37	-2.2053258417559	254	37	   -0.335458	    0.355317	    0.980343	   0.0196566	1
37	-0.400379927428292	255	37	   -0.335458	    0.355317	    0.980343	   0.0196566	1
37	-2.08945355773567	256	37	   -0.335458	    0.355317	    0.980343	   0.0196566	1
38	1.01156475033587	257	38	   0.0100354	     0.41674	 2.12525e-05	    0.999979	2
38	3.14989421726081	258	38	   0.0100354	     0.41674	 2.12525e-05	    0.999979	2
38	0.304848263671017	259	38	   0.0100354	     0.41674	 2.12525e-05	    0.999979	2
38	1.56382544606681	260	38	   0.0100354	     0.41674	 2.12525e-05	    0.999979	2
38	-1.09569147994557	261	38	   0.0100354	     0.41674	 2.12525e-05	    0.999979	2
38	1.87992500335566	262	38	   0.0100354	     0.41674	 2.12525e-05	    0.999979	2
39	-0.193060770704074	263	39	   -0.102986	    0.438009	   0.0188802	     0.98112	2
39	1.655461090028	264	39	   -0.102986	    0.438009	   0.0188802	     0.98112	2
39	0.890301547779313	265	39	   -0.102986	    0.438009	   0.0188802	     0.98112	2
39	0.940354619511061	266	39	   -0.102986	    0.438009	   0.0188802	     0.98112	2
39	0.822265364939984	267	39	   -0.102986	    0.438009	   0.0188802	     0.98112	2
39	1.46365618365861	268	39	   -0.102986	    0.438009	   0.0188802	     0.98112	2
39	0.728032213516384	269	39	   -0.102986	    0.438009	   0.0188802	     0.98112	2
39	1.30742422178922	270	39	   -0.102986	    0.438009	   0.0188802	     0.98112	2
40	-1.0497225950293	271	40	   -0.576552	      0.2091	    0.999594	 0.000406163	1
40	-1.75919785657658	272	40	   -0.576552	      0.2091	    0.999594	 0.000406163	1
40	-1.95670182135386	273	40	   -0.576552	      0.2091	    0.999594	 0.000406163	1
40	-1.93829839430886	274	40	   -0.576552	      0.2091	    0.999594	 0.000406163	1
40	-1.0104891481218	275	40	   -0.576552	      0.2091	    0.999594	 0.000406163	1
40	-2.04794420115337	276	40	   -0.576552	      0.2091	    0.999594	 0.000406163	1
40	-1.48340718866376	277	40	   -0.576552	      0.2091	    0.999594	 0.000406163	1
40	-2.09843606986561	278	40	   -0.576552	      0.2091	    0.999594	 0.000406163	1
40	-2.71841119636212	279	40	   -0.576552	      0.2091	    0.999594	 0.000406163	1
40	-1.47067942472644	280	40	   -0.576552	      0.2091	    0.999594	 0.000406163	1
41	-0.915589341648316	281	41	   -0.214461	    0.325218	    0.989857	   0.0101433	1
41	-1.16834150692929	282	41	   -0.214461	    0.325218	    0.989857	   0.0101433	1
41	-1.4161972310903	283	41	   -0.214461	    0.325218	    0.989857	   0.0101433	1
41	-1.94370129725701	284	41	   -0.214461	    0.325218	    0.989857	   0.0101433	1
42	0.923210813451083	285	42	    0.545434	    0.416678	 2.89399e-07	           1	2
42	1.57022203288624	286	42	    0.545434	    0.416678	 2.89399e-07	           1	2
42	4.32598710325419	287	42	    0.545434	    0.416678	 2.89399e-07	           1	2
42	1.14928364314599	288	42	    0.545434	    0.416678	 2.89399e-07	           1	2
42	0.869434098028658	289	42	    0.545434	    0.416678	 2.89399e-07	           1	2
42	2.30075990991737	290	42	    0.545434	    0.416678	 2.89399e-07	           1	2
43	1.44107127732352	291	43	   -0.444323	    0.373843	 0.000209578	     0.99979	2
43	-1.84973310649176	292	43	   -0.444323	    0.373843	 0.000209578	     0.99979	2
43	2.27031612902944	293	43	   -0.444323	    0.373843	 0.000209578	     0.99979	2
43	0.796129405058377	294	43	   -0.444323	    0.373843	 0.000209578	     0.99979	2
43	0.980821955616841	295	43	   -0.444323	    0.373843	 0.000209578	     0.99979	2
43	1.86312907568864	296	43	   -0.444323	    0.373843	 0.000209578	     0.99979	2
43	-0.563532682353038	297	43	   -0.444323	    0.373843	 0.000209578	     0.99979	2
43	-0.441023005557557	298	43	   -0.444323	    0.373843	 0.000209578	     0.99979	2
44	4.98292642553153	299	44	     1.46811	    0.340756	 2.41012e-16	           1	2
44	2.85504967002239	300	44	     1.46811	    0.340756	 2.41012e-16	           1	2
44	2.50271201643315	301	44	     1.46811	    0.340756	 2.41012e-16	           1	2
44	0.175169086098963	302	44	     1.46811	    0.340756	 2.41012e-16	           1	2
44	1.01918391074773	303	44	     1.46811	    0.340756	 2.41012e-16	           1	2
44	2.34743356365457	304	44	     1.46811	    0.340756	 2.41012e-16	           1	2
44	4.77211855657225	305	44	     1.46811	    0.340756	 2.41012e-16	           1	2
44	5.29724033052072	306	44	     1.46811	    0.340756	 2.41012e-16	           1	2
44	1.8609740797266	307	44	     1.46811	    0.340756	 2.41012e-16	           1	2
44	3.13972402984319	308	44	     1.46811	    0.340756	 2.41012e-16	           1	2
45	0.544448623517761	309	45	  -0.0987332	    0.480765	 0.000201353	    0.999799	2
45	2.70398868825248	310	45	  -0.0987332	    0.480765	 0.000201353	    0.999799	2
45	1.75241268314621	311	45	  -0.0987332	    0.480765	 0.000201353	    0.999799	2
45	-1.11349339331956	312	45	  -0.0987332	    0.480765	 0.000201353	    0.999799	2
46	-1.28280415498709	313	46	   -0.294029	    0.285961	    0.993128	  0.00687191	1
46	-2.43286150147488	314	46	   -0.294029	    0.285961	    0.993128	  0.00687191	1
46	-0.988144496109091	315	46	   -0.294029	    0.285961	    0.993128	  0.00687191	1
46	-2.10607462125691	316	46	   -0.294029	    0.285961	    0.993128	  0.00687191	1
46	-1.19546192607619	317	46	   -0.294029	    0.285961	    0.993128	  0.00687191	1
46	-0.621658309668421	318	46	   -0.294029	    0.285961	    0.993128	  0.00687191	1
47	-0.0370223929370205	319	47	    0.205467	    0.607195	    0.882653	    0.117347	1
47	-1.53469054004761	320	47	    0.205467	    0.607195	    0.882653	    0.117347	1
47	0.106664962555301	321	47	    0.205467	    0.607195	    0.882653	    0.117347	1
47	0.697981997282744	322	47	    0.205467	    0.607195	    0.882653	    0.117347	1
47	0.158495908727712	323	47	    0.205467	    0.607195	    0.882653	    0.117347	1
47	-1.25923649457057	324	47	    0.205467	    0.607195	    0.882653	    0.117347	1
47	-0.923608534491615	325	47	    0.205467	    0.607195	    0.882653	    0.117347	1
47	-1.48751389131484	326	47	    0.205467	    0.607195	    0.882653	    0.117347	1
48	-0.440759198536153	327	48	   -0.972461	    0.340792	 7.88004e-06	    0.999992	2
48	3.16904643583093	328	48	   -0.972461	    0.340792	 7.88004e-06	    0.999992	2
48	0.522550321950996	329	48	   -0.972461	    0.340792	 7.88004e-06	    0.999992	2
48	1.44142990503394	330	48	   -0.972461	    0.340792	 7.88004e-06	    0.999992	2
48	-0.0543784882658916	331	48	   -0.972461	    0.340792	 7.88004e-06	    0.999992	2
48	-0.659242344888569	332	48	   -0.972461	    0.340792	 7.88004e-06	    0.999992	2
48	0.603283362606912	333	48	   -0.972461	    0.340792	 7.88004e-06	    0.999992	2
48	-3.22045405569417	334	48	   -0.972461	    0.340792	 7.88004e-06	    0.999992	2
48	-0.460251776613982	335	48	   -0.972461	    0.340792	 7.88004e-06	    0.999992	2
48	-1.42287962189912	336	48	   -0.972461	    0.340792	 7.88004e-06	    0.999992	2
49	-0.0195345759578778	337	49	    0.199019	    0.480467	 4.66933e-05	    0.999953	2
49	0.441559119677665	338	49	    0.199019	    0.480467	 4.66933e-05	    0.999953	2
49	2.47173820263216	339	49	    0.199019	    0.480467	 4.66933e-05	    0.999953	2
49	2.80427585937527	340	49	    0.199019	    0.480467	 4.66933e-05	    0.999953	2
50	-3.15728749781582	341	50	    -1.10438	    0.301311	    0.989879	   0.0101208	1
50	-2.94187303972601	342	50	    -1.10438	    0.301311	    0.989879	   0.0101208	1
50	-2.94587692780611	343	50	    -1.10438	    0.301311	    0.989879	   0.0101208	1
50	-2.93501777359967	344	50	    -1.10438	    0.301311	    0.989879	   0.0101208	1
50	-2.44504050708383	345	50	    -1.10438	    0.301311	    0.989879	   0.0101208	1
50	-0.774446674384193	346	50	    -1.10438	    0.301311	    0.989879	   0.0101208	1
51	1.46548217144606	347	51	    0.106989	    0.374632	 0.000418776	    0.999581	2
51	0.48489100000352	348	51	    0.106989	    0.374632	 0.000418776	    0.999581	2
51	1.57744351091834	349	51	    0.106989	    0.374632	 0.000418776	    0.999581	2
51	1.74538362212969	350	51	    0.106989	    0.374632	 0.000418776	    0.999581	2
51	2.91326527016198	351	51	    0.106989	    0.374632	 0.000418776	    0.999581	2
51	0.698114086170605	352	51	    0.106989	    0.374632	 0.000418776	    0.999581	2
51	0.514905748571929	353	51	    0.106989	    0.374632	 0.000418776	    0.999581	2
51	0.649510950661911	354	51	    0.106989	    0.374632	 0.000418776	    0.999581	2
52	-1.0021097856131	355	52	    0.197499	    0.222258	    0.997874	  0.00212647	1
52	-1.02947683685905	356	52	    0.197499	    0.222258	    0.997874	  0.00212647	1
52	-1.6803047901732	357	52	    0.197499	    0.222258	    0.997874	  0.00212647	1
52	-0.740765191137522	358	52	    0.197499	    0.222258	    0.997874	  0.00212647	1
52	-0.459064589090097	359	52	    0.197499	    0.222258	    0.997874	  0.00212647	1
52	-0.87861676406872	360	52	    0.197499	    0.222258	    0.997874	  0.00212647	1
52	-1.14352332707971	361	52	    0.197499	    0.222258	    0.997874	  0.00212647	1
52	-0.130482698685169	362	52	    0.197499	    0.222258	    0.997874	  0.00212647	1
52	-0.671926697801713	363	52	    0.197499	    0.222258	    0.997874	  0.00212647	1
52	-0.343364462933697	364	52	    0.197499	    0.222258	    0.997874	  0.00212647	1
53	-1.04774509478074	365	53	    0.233622	    0.468811	    0.933514	   0.0664861	1
53	0.109024765950779	366	53	    0.233622	    0.468811	    0.933514	   0.0664861	1
53	-0.640430634965759	367	53	    0.233622	    0.468811	    0.933514	   0.0664861	1
53	-0.607257104045572	368	53	    0.233622	    0.468811	    0.933514	   0.0664861	1
54	2.10323509232459	369	54	    0.438269	     0.41679	  3.8515e-05	    0.999961	2
54	1.96597764811731	370	54	    0.438269	     0.41679	  3.8515e-05	    0.999961	2
54	1.09527585698372	371	54	    0.438269	     0.41679	  3.8515e-05	    0.999961	2
54	0.950691471098598	372	54	    0.438269	     0.41679	  3.8515e-05	    0.999961	2
54	1.30639169047485	373	54	    0.438269	     0.41679	  3.8515e-05	    0.999961	2
54	2.85128787819282	374	54	    0.438269	     0.41679	  3.8515e-05	    0.999961	2
55	1.42933966474909	375	55	     1.40881	    0.373042	 2.80017e-12	           1	2
55	3.41303555259748	376	55	     1.40881	    0.373042	 2.80017e-12	           1	2
55	2.74986872579206	377	55	     1.40881	    0.373042	 2.80017e-12	           1	2
55	1.94423467114934	378	55	     1.40881	    0.373042	 2.80017e-12	           1	2
55	3.42498617213219	379	55	     1.40881	    0.373042	 2.80017e-12	           1	2
55	2.29468222831067	380	55	     1.40881	    0.373042	 2.80017e-12	           1	2
55	2.42131922874605	381	55	     1.40881	    0.373042	 2.80017e-12	           1	2
55	5.49681170840928	382	55	     1.40881	    0.373042	 2.80017e-12	           1	2
56	2.86062143027573	383	56	    0.375796	    0.340766	 2.15442e-06	    0.999998	2
56	-0.58008605041008	384	56	    0.375796	    0.340766	 2.15442e-06	    0.999998	2
56	0.11223204488642	385	56	    0.375796	    0.340766	 2.15442e-06	    0.999998	2
56	1.4868291007062	386	56	    0.375796	    0.340766	 2.15442e-06	    0.999998	2
56	2.16910700628536	387	56	    0.375796	    0.340766	 2.15442e-06	    0.999998	2
56	2.48645580017609	388	56	    0.375796	    0.340766	 2.15442e-06	    0.999998	2
56	1.86396375121123	389	56	    0.375796	    0.340766	 2.15442e-06	    0.999998	2
56	2.32511689923915	390	56	    0.375796	    0.340766	 2.15442e-06	    0.999998	2
56	1.48756517299931	391	56	    0.375796	    0.340766	 2.15442e-06	    0.999998	2
56	1.54916856257693	392	56	    0.375796	    0.340766	 2.15442e-06	    0.999998	2
57	-1.8994693404914	393	57	   -0.721591	     0.30622	    0.995417	  0.00458325	1
57	-2.67470753316051	394	57	   -0.721591	     0.30622	    0.995417	  0.00458325	1
57	-2.18147834498962	395	57	   -0.721591	     0.30622	    0.995417	  0.00458325	1
57	-1.86338619355758	396	57	   -0.721591	     0.30622	    0.995417	  0.00458325	1
58	-0.238205820930277	397	58	   0.0144313	    0.283204	    0.993685	  0.00631528	1
58	-1.38447148173041	398	58	   0.0144313	    0.283204	    0.993685	  0.00631528	1
58	-1.33182820232043	399	58	   0.0144313	    0.283204	    0.993685	  0.00631528	1
58	-0.977122412797343	400	58	   0.0144313	    0.283204	    0.993685	  0.00631528	1
58	-1.1191628717372	401	58	   0.0144313	    0.283204	    0.993685	  0.00631528	1
58	-1.06529058027402	402	58	   0.0144313	    0.283204	    0.993685	  0.00631528	1
59	0.102362177786484	403	59	   -0.156807	    0.373716	 0.000176687	    0.999823	2
59	0.996047847016522	404	59	   -0.156807	    0.373716	 0.000176687	    0.999823	2
59	-0.535873457957327	405	59	   -0.156807	    0.373716	 0.000176687	    0.999823	2
59	-0.621947370651373	406	59	   -0.156807	    0.373716	 0.000176687	    0.999823	2
59	1.76811571292071	407	59	   -0.156807	    0.373716	 0.000176687	    0.999823	2
59	1.90100046413634	408	59	   -0.156807	    0.373716	 0.000176687	    0.999823	2
59	2.74958993868227	409	59	   -0.156807	    0.373716	 0.000176687	    0.999823	2
59	1.03567501339237	410	59	   -0.156807	    0.373716	 0.000176687	    0.999823	2
60	-1.7142181211472	411	60	   -0.114527	    0.353716	    0.974434	   0.0255662	1
60	-0.158221955209173	412	60	   -0.114527	    0.353716	    0.974434	   0.0255662	1
60	-1.94148290424674	413	60	   -0.114527	    0.353716	    0.974434	   0.0255662	1
60	0.609195425333841	414	60	   -0.114527	    0.353716	    0.974434	   0.0255662	1
60	-1.23780362534908	415	60	   -0.114527	    0.353716	    0.974434	   0.0255662	1
60	-0.419636331203999	416	60	   -0.114527	    0.353716	    0.974434	   0.0255662	1
60	-1.27416153085868	417	60	   -0.114527	    0.353716	    0.974434	   0.0255662	1
60	-2.28500852152288	418	60	   -0.114527	    0.353716	    0.974434	   0.0255662	1
60	-1.06458985381105	419	60	   -0.114527	    0.353716	    0.974434	   0.0255662	1
60	-1.87562826485436	420	60	   -0.114527	    0.353716	    0.974434	   0.0255662	1
61	-1.34758959309882	421	61	   -0.144501	    0.579734	    0.868977	    0.131023	1
61	-1.83766941641554	422	61	   -0.144501	    0.579734	    0.868977	    0.131023	1
61	0.669834500615532	423	61	   -0.144501	    0.579734	    0.868977	    0.131023	1
61	-1.43087777356304	424	61	   -0.144501	    0.579734	    0.868977	    0.131023	1
62	0.598517707501127	425	62	   -0.604312	    0.570201	   0.0658996	      0.9341	2
62	-1.43228852457521	426	62	   -0.604312	    0.570201	   0.0658996	      0.9341	2
62	0.561742122503907	427	62	   -0.604312	    0.570201	   0.0658996	      0.9341	2
62	1.82952195621033	428	62	   -0.604312	    0.570201	   0.0658996	      0.9341	2
62	-0.685834292924059	429	62	   -0.604312	    0.570201	   0.0658996	      0.9341	2
62	0.126224212292003	430	62	   -0.604312	    0.570201	   0.0658996	      0.9341	2
63	-0.558196744019913	431	63	    0.227953	    0.322002	    0.982401	   0.0175988	1
63	-1.7357979680644	432	63	    0.227953	    0.322002	    0.982401	   0.0175988	1
63	-0.35079837570012	433	63	    0.227953	    0.322002	    0.982401	   0.0175988	1
63	-0.875390545217455	434	63	    0.227953	    0.322002	    0.982401	   0.0175988	1
63	-0.0565881774528748	435	63	    0.227953	    0.322002	    0.982401	   0.0175988	1
63	-1.2847544402748	436	63	    0.227953	    0.322002	    0.982401	   0.0175988	1
63	0.21824589133901	437	63	    0.227953	    0.322002	    0.982401	   0.0175988	1
63	-1.15411294647817	438	63	    0.227953	    0.322002	    0.982401	   0.0175988	1
64	-1.86600242154204	439	64	   -0.070236	     0.23684	    0.995849	  0.00415123	1
64	-0.875677032830668	440	64	   -0.070236	     0.23684	    0.995849	  0.00415123	1
64	-1.11772566463342	441	64	   -0.070236	     0.23684	    0.995849	  0.00415123	1
64	-1.50377717114878	442	64	   -0.070236	     0.23684	    0.995849	  0.00415123	1
64	-1.51059816054734	443	64	   -0.070236	     0.23684	    0.995849	  0.00415123	1
64	0.546841769802655	444	64	   -0.070236	     0.23684	    0.995849	  0.00415123	1
64	-1.53052211007213	445	64	   -0.070236	     0.23684	    0.995849	  0.00415123	1
64	-1.57384299917734	446	64	   -0.070236	     0.23684	    0.995849	  0.00415123	1
64	-0.588798219503195	447	64	   -0.070236	     0.23684	    0.995849	  0.00415123	1
64	-1.27199665149955	448	64	   -0.070236	     0.23684	    0.995849	  0.00415123	1
65	-0.777884424758584	449	65	   -0.134702	    0.722202	    0.733491	    0.266509	1
65	0.812410519786312	450	65	   -0.134702	    0.722202	    0.733491	    0.266509	1
65	-0.742530016787983	451	65	   -0.134702	    0.722202	    0.733491	    0.266509	1
65	-1.98739311836178	452	65	   -0.134702	    0.722202	    0.733491	    0.266509	1
66	2.73412938223397	453	66	    0.429919	    0.416846	 5.78004e-05	    0.999942	2
66	1.55805343116563	454	66	    0.429919	    0.416846	 5.78004e-05	    0.999942	2
66	1.99294339793486	455	66	    0.429919	    0.416846	 5.78004e-05	    0.999942	2
66	1.56104810824955	456	66	    0.429919	    0.416846	 5.78004e-05	    0.999942	2
66	1.61913606783268	457	66	    0.429919	    0.416846	 5.78004e-05	    0.999942	2
66	0.739862715988359	458	66	    0.429919	    0.416846	 5.78004e-05	    0.999942	2
67	0.595681589224578	459	67	    0.143676	    0.555922	    0.907259	   0.0927406	1
67	-1.04812842968797	460	67	    0.143676	    0.555922	    0.907259	   0.0927406	1
67	-1.94741493363098	461	67	    0.143676	    0.555922	    0.907259	   0.0927406	1
67	-1.45847651299247	462	67	    0.143676	    0.555922	    0.907259	   0.0927406	1
67	0.261304801299767	463	67	    0.143676	    0.555922	    0.907259	   0.0927406	1
67	0.0726023118936326	464	67	    0.143676	    0.555922	    0.907259	   0.0927406	1
67	-1.0558674051169	465	67	    0.143676	    0.555922	    0.907259	   0.0927406	1
67	-0.756871952351117	466	67	    0.143676	    0.555922	    0.907259	   0.0927406	1
68	-0.924195087289286	467	68	   -0.401222	     0.21408	    0.998959	  0.00104084	1
68	-2.45132925433967	468	68	   -0.401222	     0.21408	    0.998959	  0.00104084	1
68	-2.20551183506891	469	68	   -0.401222	     0.21408	    0.998959	  0.00104084	1
68	-0.942613713728279	470	68	   -0.401222	     0.21408	    0.998959	  0.00104084	1
68	-1.27273469138227	471	68	   -0.401222	     0.21408	    0.998959	  0.00104084	1
68	-0.823281130685302	472	68	   -0.401222	     0.21408	    0.998959	  0.00104084	1
68	-1.38259375452595	473	68	   -0.401222	     0.21408	    0.998959	  0.00104084	1
68	-1.2259453163875	474	68	   -0.401222	     0.21408	    0.998959	  0.00104084	1
68	-1.78201287015018	475	68	   -0.401222	     0.21408	    0.998959	  0.00104084	1
68	-2.37632302136043	476	68	   -0.401222	     0.21408	    0.998959	  0.00104084	1
69	-1.24641318158848	477	69	   -0.241176	    0.316018	    0.992581	  0.00741946	1
69	-1.22085821502497	478	69	   -0.241176	    0.316018	    0.992581	  0.00741946	1
69	-1.75619217746152	479	69	   -0.241176	    0.316018	    0.992581	  0.00741946	1
69	-1.40912057182918	480	69	   -0.241176	    0.316018	    0.992581	  0.00741946	1
70	0.584230418847419	481	70	   0.0672005	    0.413551	    0.958644	   0.0413557	1
70	-1.60893310644297	482	70	   0.0672005	    0.413551	    0.958644	   0.0413557	1
70	-0.512896880174444	483	70	   0.0672005	    0.413551	    0.958644	   0.0413557	1
70	-1.0785647642366	484	70	   0.0672005	    0.413551	    0.958644	   0.0413557	1
70	-1.56470180015915	485	70	   0.0672005	    0.413551	    0.958644	   0.0413557	1
70	-1.04257250270352	486	70	   0.0672005	    0.413551	    0.958644	   0.0413557	1
71	-1.26937727731165	487	71	  -0.0143233	    0.673093	     0.84544	     0.15456	1
71	0.886993410634856	488	71	  -0.0143233	    0.673093	     0.84544	     0.15456	1
71	-0.32954855004162	489	71	  -0.0143233	    0.673093	     0.84544	     0.15456	1
71	0.42145348129512	490	71	  -0.0143233	    0.673093	     0.84544	     0.15456	1
71	-1.70862486111858	491	71	  -0.0143233	    0.673093	     0.84544	     0.15456	1
71	-1.23360993990783	492	71	  -0.0143233	    0.673093	     0.84544	     0.15456	1
71	-0.770132512499954	493	71	  -0.0143233	    0.673093	     0.84544	     0.15456	1
71	-1.85617357067795	494	71	  -0.0143233	    0.673093	     0.84544	     0.15456	1
72	-2.00990142129213	495	72	   -0.478579	    0.813407	     0.75444	     0.24556	1
72	-0.781240365261427	496	72	   -0.478579	    0.813407	     0.75444	     0.24556	1
72	0.92667467389412	497	72	   -0.478579	    0.813407	     0.75444	     0.24556	1
72	-2.28466993024532	498	72	   -0.478579	    0.813407	     0.75444	     0.24556	1
72	-1.11745863510733	499	72	   -0.478579	    0.813407	     0.75444	     0.24556	1
72	-2.38688581828023	500	72	   -0.478579	    0.813407	     0.75444	     0.24556	1
72	0.127079682667617	501	72	   -0.478579	    0.813407	     0.75444	     0.24556	1
72	-1.3825053389365	502	72	   -0.478579	    0.813407	     0.75444	     0.24556	1
72	-0.121749719358649	503	72	   -0.478579	    0.813407	     0.75444	     0.24556	1
72	-1.93882516015911	504	72	   -0.478579	    0.813407	     0.75444	     0.24556	1
73	-0.194475595128956	505	73	    0.305234	    0.632248	    0.826567	    0.173433	1
73	0.241040678416795	506	73	    0.305234	    0.632248	    0.826567	    0.173433	1
73	-0.813238864765354	507	73	    0.305234	    0.632248	    0.826567	    0.173433	1
73	-0.0409103482269952	508	73	    0.305234	    0.632248	    0.826567	    0.173433	1
74	-0.106214821342014	509	74	     0.33208	    0.426473	    0.954116	   0.0458842	1
74	-0.0811006277913556	510	74	     0.33208	    0.426473	    0.954116	   0.0458842	1
74	-1.62038098573449	511	74	     0.33208	    0.426473	    0.954116	   0.0458842	1
74	-0.29756250997513	512	74	     0.33208	    0.426473	    0.954116	   0.0458842	1
74	-0.49852181479878	513	74	     0.33208	    0.426473	    0.954116	   0.0458842	1
74	-0.398440773268848	514	74	     0.33208	    0.426473	    0.954116	   0.0458842	1
75	-0.817109536008617	515	75	  -0.0716671	    0.373657	 0.000161528	    0.999838	2
75	1.72355633482354	516	75	  -0.0716671	    0.373657	 0.000161528	    0.999838	2
75	0.281880064184355	517	75	  -0.0716671	    0.373657	 0.000161528	    0.999838	2
75	0.211781849948321	518	75	  -0.0716671	    0.373657	 0.000161528	    0.999838	2
75	2.13178203567486	519	75	  -0.0716671	    0.373657	 0.000161528	    0.999838	2
75	0.445943021088795	520	75	  -0.0716671	    0.373657	 0.000161528	    0.999838	2
75	2.2512192620716	521	75	  -0.0716671	    0.373657	 0.000161528	    0.999838	2
75	2.02410704621086	522	75	  -0.0716671	    0.373657	 0.000161528	    0.999838	2
76	0.26454387467984	523	76	    0.507591	     0.62782	    0.879056	    0.120944	1
76	-1.17640217575067	524	76	    0.507591	     0.62782	    0.879056	    0.120944	1
76	-0.796650826683405	525	76	    0.507591	     0.62782	    0.879056	    0.120944	1
76	-0.810808980643213	526	76	    0.507591	     0.62782	    0.879056	    0.120944	1
76	0.882808825790115	527	76	    0.507591	     0.62782	    0.879056	    0.120944	1
76	-0.277447993731409	528	76	    0.507591	     0.62782	    0.879056	    0.120944	1
76	-0.467253147795382	529	76	    0.507591	     0.62782	    0.879056	    0.120944	1
76	0.457077214718126	530	76	    0.507591	     0.62782	    0.879056	    0.120944	1
76	-0.505862017531398	531	76	    0.507591	     0.62782	    0.879056	    0.120944	1
76	0.718039520141364	532	76	    0.507591	     0.62782	    0.879056	    0.120944	1
77	1.76469817415539	533	77	    0.657131	     0.48038	 8.00999e-07	    0.999999	2
77	3.96260905381982	534	77	    0.657131	     0.48038	 8.00999e-07	    0.999999	2
77	1.23895720072965	535	77	    0.657131	     0.48038	 8.00999e-07	    0.999999	2
77	1.51597861485943	536	77	    0.657131	     0.48038	 8.00999e-07	    0.999999	2
78	0.730251762541716	537	78	    0.148742	    0.416706	 9.58899e-06	     0.99999	2
78	0.568979751927315	538	78	    0.148742	    0.416706	 9.58899e-06	     0.99999	2
78	2.58278234724197	539	78	    0.148742	    0.416706	 9.58899e-06	     0.99999	2
78	0.181233734735362	540	78	    0.148742	    0.416706	 9.58899e-06	     0.99999	2
78	0.337853915599064	541	78	    0.148742	    0.416706	 9.58899e-06	     0.99999	2
78	3.53370711846594	542	78	    0.148742	    0.416706	 9.58899e-06	     0.99999	2
79	-0.134221567664852	543	79	   -0.273226	    0.468315	   0.0289732	    0.971027	2
79	0.397567813405753	544	79	   -0.273226	    0.468315	   0.0289732	    0.971027	2
79	1.25150510417902	545	79	   -0.273226	    0.468315	   0.0289732	    0.971027	2
79	2.12909405030685	546	79	   -0.273226	    0.468315	   0.0289732	    0.971027	2
79	-0.160528409212579	547	79	   -0.273226	    0.468315	   0.0289732	    0.971027	2
79	0.380420676232651	548	79	   -0.273226	    0.468315	   0.0289732	    0.971027	2
79	0.901490883752632	549	79	   -0.273226	    0.468315	   0.0289732	    0.971027	2
79	0.958946971952731	550	79	   -0.273226	    0.468315	   0.0289732	    0.971027	2
80	-1.61729429916107	551	80	  -0.0928533	     0.21938	    0.998263	  0.00173729	1
80	-0.459357836553107	552	80	  -0.0928533	     0.21938	    0.998263	  0.00173729	1
80	-0.930379494230469	553	80	  -0.0928533	     0.21938	    0.998263	  0.00173729	1
80	-0.680688513033827	554	80	  -0.0928533	     0.21938	    0.998263	  0.00173729	1
80	-2.06166021200445	555	80	  -0.0928533	     0.21938	    0.998263	  0.00173729	1
80	-1.94356696988733	556	80	  -0.0928533	     0.21938	    0.998263	  0.00173729	1
80	-0.398627060375432	557	80	  -0.0928533	     0.21938	    0.998263	  0.00173729	1
80	-0.975241674019541	558	80	  -0.0928533	     0.21938	    0.998263	  0.00173729	1
80	-1.15260709042688	559	80	  -0.0928533	     0.21938	    0.998263	  0.00173729	1
80	-1.40070450404338	560	80	  -0.0928533	     0.21938	    0.998263	  0.00173729	1
81	-0.182077958286661	561	81	    0.266484	    0.593918	    0.857478	    0.142522	1
81	-0.957463869300356	562	81	    0.266484	    0.593918	    0.857478	    0.142522	1
81	-0.541231082733622	563	81	    0.266484	    0.593918	    0.857478	    0.142522	1
81	0.364043467627392	564	81	    0.266484	    0.593918	    0.857478	    0.142522	1
82	-1.36443001683985	565	82	   -0.449474	    0.474145	    0.937053	   0.0629473	1
82	-0.602133349545629	566	82	   -0.449474	    0.474145	    0.937053	   0.0629473	1
82	-2.5725917128357	567	82	   -0.449474	    0.474145	    0.937053	   0.0629473	1
82	0.0694184202587178	568	82	   -0.449474	    0.474145	    0.937053	   0.0629473	1
82	-2.8219402858097	569	82	   -0.449474	    0.474145	    0.937053	   0.0629473	1
82	-1.86291241814494	570	82	   -0.449474	    0.474145	    0.937053	   0.0629473	1
83	0.10018359263992	571	83	   -0.564506	    0.438187	   0.0188445	    0.981155	2
83	2.16239966897876	572	83	   -0.564506	    0.438187	   0.0188445	    0.981155	2
83	-0.809947496160218	573	83	   -0.564506	    0.438187	   0.0188445	    0.981155	2
83	0.516521734512466	574	83	   -0.564506	    0.438187	   0.0188445	    0.981155	2
83	0.688458492330139	575	83	   -0.564506	    0.438187	   0.0188445	    0.981155	2
83	0.481941043648913	576	83	   -0.564506	    0.438187	   0.0188445	    0.981155	2
83	-1.29571316740125	577	83	   -0.564506	    0.438187	   0.0188445	    0.981155	2
83	1.11985352049935	578	83	   -0.564506	    0.438187	   0.0188445	    0.981155	2
84	0.284425653982558	579	84	   -0.164839	    0.365239	  0.00555749	    0.994443	2
84	1.15910779892633	580	84	   -0.164839	    0.365239	  0.00555749	    0.994443	2
84	0.585437948051479	581	84	   -0.164839	    0.365239	  0.00555749	    0.994443	2
84	1.48240924834186	582	84	   -0.164839	    0.365239	  0.00555749	    0.994443	2
84	1.07624821090224	583	84	   -0.164839	    0.365239	  0.00555749	    0.994443	2
84	-0.678432438842611	584	84	   -0.164839	    0.365239	  0.00555749	    0.994443	2
84	1.44299155745888	585	84	   -0.164839	    0.365239	  0.00555749	    0.994443	2
84	0.50359403742108	586	84	   -0.164839	    0.365239	  0.00555749	    0.994443	2
84	0.926584454670287	587	84	   -0.164839	    0.365239	  0.00555749	    0.994443	2
84	2.32947181904734	588	84	   -0.164839	    0.365239	  0.00555749	    0.994443	2
85	-0.265695327020541	589	85	    0.165319	    0.404773	    0.961984	   0.0380163	1
85	-0.583332736311793	590	85	    0.165319	    0.404773	    0.961984	   0.0380163	1
85	-1.25814979228522	591	85	    0.165319	    0.404773	    0.961984	   0.0380163	1
85	-0.750370352469556	592	85	    0.165319	    0.404773	    0.961984	   0.0380163	1
86	1.52477748892267	593	86	   -0.623085	    0.435488	  0.00654385	    0.993456	2
86	1.43319766266194	594	86	   -0.623085	    0.435488	  0.00654385	    0.993456	2
86	1.32948004170132	595	86	   -0.623085	    0.435488	  0.00654385	    0.993456	2
86	-0.359429103695984	596	86	   -0.623085	    0.435488	  0.00654385	    0.993456	2
86	-1.83379690192353	597	86	   -0.623085	    0.435488	  0.00654385	    0.993456	2
86	-0.477957708752232	598	86	   -0.623085	    0.435488	  0.00654385	    0.993456	2
87	-0.548145081252205	599	87	    0.245941	    0.373089	 1.23244e-05	    0.999988	2
87	1.6237166353747	600	87	    0.245941	    0.373089	 1.23244e-05	    0.999988	2
87	0.65499204936674	601	87	    0.245941	    0.373089	 1.23244e-05	    0.999988	2
87	1.2514945664066	602	87	    0.245941	    0.373089	 1.23244e-05	    0.999988	2
87	2.00589887385188	603	87	    0.245941	    0.373089	 1.23244e-05	    0.999988	2
87	1.19023272212052	604	87	    0.245941	    0.373089	 1.23244e-05	    0.999988	2
87	2.08619468755256	605	87	    0.245941	    0.373089	 1.23244e-05	    0.999988	2
87	3.19179417379918	606	87	    0.245941	    0.373089	 1.23244e-05	    0.999988	2
88	-0.0667728772098888	607	88	    -0.54053	    0.391089	   0.0118831	    0.988117	2
88	0.351219059375951	608	88	    -0.54053	    0.391089	   0.0118831	    0.988117	2
88	-0.234166928676071	609	88	    -0.54053	    0.391089	   0.0118831	    0.988117	2
88	-0.575084835688451	610	88	    -0.54053	    0.391089	   0.0118831	    0.988117	2
88	0.569362087691083	611	88	    -0.54053	    0.391089	   0.0118831	    0.988117	2
88	1.81788247324384	612	88	    -0.54053	    0.391089	   0.0118831	    0.988117	2
88	-0.70984007249023	613	88	    -0.54053	    0.391089	   0.0118831	    0.988117	2
88	-0.292438407500734	614	88	    -0.54053	    0.391089	   0.0118831	    0.988117	2
88	2.2671044564538	615	88	    -0.54053	    0.391089	   0.0118831	    0.988117	2
88	1.31036581772662	616	88	    -0.54053	    0.391089	   0.0118831	    0.988117	2
89	-1.95288885891728	617	89	    -0.53051	    0.315988	     0.99263	  0.00737038	1
89	-2.62285562648353	618	89	    -0.53051	    0.315988	     0.99263	  0.00737038	1
89	-1.42584530108028	619	89	    -0.53051	    0.315988	     0.99263	  0.00737038	1
89	-1.41486538859548	620	89	    -0.53051	    0.315988	     0.99263	  0.00737038	1
90	0.201337577483589	621	90	    0.323212	    0.397847	    0.963591	    0.036409	1
90	-0.932394741205712	622	90	    0.323212	    0.397847	    0.963591	    0.036409	1
90	-0.221640468097223	623	90	    0.323212	    0.397847	    0.963591	    0.036409	1
90	-1.16136066839842	624	90	    0.323212	    0.397847	    0.963591	    0.036409	1
90	-0.197405454657868	625	90	    0.323212	    0.397847	    0.963591	    0.036409	1
90	-0.887748515775016	626	90	    0.323212	    0.397847	    0.963591	    0.036409	1
91	3.13227878093635	627	91	    0.467815	    0.373044	 5.64726e-07	    0.999999	2
91	0.342160732648525	628	91	    0.467815	    0.373044	 5.64726e-07	    0.999999	2
91	2.23564578514671	629	91	    0.467815	    0.373044	 5.64726e-07	    0.999999	2
91	2.75759986498633	630	91	    0.467815	    0.373044	 5.64726e-07	    0.999999	2
91	0.823347183250733	631	91	    0.467815	    0.373044	 5.64726e-07	    0.999999	2
91	2.40105996589411	632	91	    0.467815	    0.373044	 5.64726e-07	    0.999999	2
91	2.06794075155932	633	91	    0.467815	    0.373044	 5.64726e-07	    0.999999	2
91	-0.0678876081021984	634	91	    0.467815	    0.373044	 5.64726e-07	    0.999999	2
92	-0.790430592276111	635	92	   0.0734777	      0.2152	     0.99881	  0.00119005	1
92	-0.920444926219575	636	92	   0.0734777	      0.2152	     0.99881	  0.00119005	1
92	-0.926689201402356	637	92	   0.0734777	      0.2152	     0.99881	  0.00119005	1
92	-1.85370671870664	638	92	   0.0734777	      0.2152	     0.99881	  0.00119005	1
92	-0.924834791065971	639	92	   0.0734777	      0.2152	     0.99881	  0.00119005	1
92	-1.00431892306654	640	92	   0.0734777	      0.2152	     0.99881	  0.00119005	1
92	-0.134413553264781	641	92	   0.0734777	      0.2152	     0.99881	  0.00119005	1
92	-1.21491238877178	642	92	   0.0734777	      0.2152	     0.99881	  0.00119005	1
92	-0.840888059484555	643	92	   0.0734777	      0.2152	     0.99881	  0.00119005	1
92	-0.998151841067062	644	92	   0.0734777	      0.2152	     0.99881	  0.00119005	1
93	-0.193400155982602	645	93	    -0.49939	    0.504871	   0.0131202	     0.98688	2
93	-0.519514959811251	646	93	    -0.49939	    0.504871	   0.0131202	     0.98688	2
93	2.55072816646591	647	93	    -0.49939	    0.504871	   0.0131202	     0.98688	2
93	-0.496517620762208	648	93	    -0.49939	    0.504871	   0.0131202	     0.98688	2
94	0.400535794439612	649	94	   -0.350057	    0.495437	   0.0301735	    0.969826	2
94	1.22213081581104	650	94	   -0.350057	    0.495437	   0.0301735	    0.969826	2
94	-1.07350861942668	651	94	   -0.350057	    0.495437	   0.0301735	    0.969826	2
94	0.431943604710048	652	94	   -0.350057	    0.495437	   0.0301735	    0.969826	2
94	1.31262781991892	653	94	   -0.350057	    0.495437	   0.0301735	    0.969826	2
94	1.22195780231988	654	94	   -0.350057	    0.495437	   0.0301735	    0.969826	2
95	1.03671891123857	655	95	   0.0695111	    0.373088	 1.20059e-05	    0.999988	2
95	0.842381110331056	656	95	   0.0695111	    0.373088	 1.20059e-05	    0.999988	2
95	-1.14093055276546	657	95	   0.0695111	    0.373088	 1.20059e-05	    0.999988	2
95	1.07088459868138	658	95	   0.0695111	    0.373088	 1.20059e-05	    0.999988	2
95	1.83460414122639	659	95	   0.0695111	    0.373088	 1.20059e-05	    0.999988	2
95	2.85171157406571	660	95	   0.0695111	    0.373088	 1.20059e-05	    0.999988	2
95	2.64480550902529	661	95	   0.0695111	    0.373088	 1.20059e-05	    0.999988	2
95	0.538177381868276	662	95	   0.0695111	    0.373088	 1.20059e-05	    0.999988	2
96	-0.362200035865022	663	96	   -0.412819	    0.274804	    0.989941	    0.010059	1
96	-3.43725387240086	664	96	   -0.412819	    0.274804	    0.989941	    0.010059	1
96	-2.16634365294933	665	96	   -0.412819	    0.274804	    0.989941	    0.010059	1
96	-1.61054963845348	666	96	   -0.412819	    0.274804	    0.989941	    0.010059	1
96	-1.81669805581415	667	96	   -0.412819	    0.274804	    0.989941	    0.010059	1
96	-0.58364471829051	668	96	   -0.412819	    0.274804	    0.989941	    0.010059	1
96	-1.88850635449087	669	96	   -0.412819	    0.274804	    0.989941	    0.010059	1
96	-0.927133255728228	670	96	   -0.412819	    0.274804	    0.989941	    0.010059	1
96	-0.990908918828808	671	96	   -0.412819	    0.274804	    0.989941	    0.010059	1
96	-1.54647181531546	672	96	   -0.412819	    0.274804	    0.989941	    0.010059	1
97	-1.24621175553597	673	97	  -0.0165251	    0.338131	    0.985828	   0.0141721	1
97	-1.08542857359066	674	97	  -0.0165251	    0.338131	    0.985828	   0.0141721	1
97	-0.692665698172322	675	97	  -0.0165251	    0.338131	    0.985828	   0.0141721	1
97	-1.16395405549815	676	97	  -0.0165251	    0.338131	    0.985828	   0.0141721	1
98	0.806289999531002	677	98	   -0.155676	    0.562775	    0.062394	    0.937606	2
98	1.59425700999921	678	98	   -0.155676	    0.562775	    0.062394	    0.937606	2
98	0.413728877469639	679	98	   -0.155676	    0.562775	    0.062394	    0.937606	2
98	0.878879174243181	680	98	   -0.155676	    0.562775	    0.062394	    0.937606	2
98	0.26208418371799	681	98	   -0.155676	    0.562775	    0.062394	    0.937606	2
98	0.714083828367921	682	98	   -0.155676	    0.562775	    0.062394	    0.937606	2
99	-1.24960910301819	683	99	   -0.102029	    0.247808	    0.996506	  0.00349417	1
99	-1.93644165467213	684	99	   -0.102029	    0.247808	    0.996506	  0.00349417	1
99	-1.03185227273234	685	99	   -0.102029	    0.247808	    0.996506	  0.00349417	1
99	-1.60073228850217	686	99	   -0.102029	    0.247808	    0.996506	  0.00349417	1
99	-1.50774558770012	687	99	   -0.102029	    0.247808	    0.996506	  0.00349417	1
99	-0.942198150008127	688	99	   -0.102029	    0.247808	    0.996506	  0.00349417	1
99	-1.16886233624672	689	99	   -0.102029	    0.247808	    0.996506	  0.00349417	1
99	0.038774437777404	690	99	   -0.102029	    0.247808	    0.996506	  0.00349417	1
100	-1.70813990975028	691	100	    -0.12632	    0.248547	    0.994122	  0.00587775	1
100	-0.887779326362384	692	100	    -0.12632	    0.248547	    0.994122	  0.00587775	1
100	-1.23513795000945	693	100	    -0.12632	    0.248547	    0.994122	  0.00587775	1
100	-0.721807015552098	694	100	    -0.12632	    0.248547	    0.994122	  0.00587775	1
100	-0.693955500039795	695	100	    -0.12632	    0.248547	    0.994122	  0.00587775	1
100	-0.626576457117292	696	100	    -0.12632	    0.248547	    0.994122	  0.00587775	1
100	-1.01008210481834	697	100	    -0.12632	    0.248547	    0.994122	  0.00587775	1
100	-2.59339094008166	698	100	    -0.12632	    0.248547	    0.994122	  0.00587775	1
100	-2.24180844425005	699	100	    -0.12632	    0.248547	    0.994122	  0.00587775	1
100	-0.217798794742756	700	100	    -0.12632	    0.248547	    0.994122	  0.00587775	1
101	-1.07725994551083	701	101	 -0.00340358	    0.703715	     0.75585	     0.24415	1
101	-1.6576213396946	702	101	 -0.00340358	    0.703715	     0.75585	     0.24415	1
101	0.323772213730761	703	101	 -0.00340358	    0.703715	     0.75585	     0.24415	1
101	0.326105984338223	704	101	 -0.00340358	    0.703715	     0.75585	     0.24415	1
102	1.23015582950592	705	102	     1.00295	    0.416678	 1.41248e-08	           1	2
102	3.84106824699972	706	102	     1.00295	    0.416678	 1.41248e-08	           1	2
102	2.55356060005608	707	102	     1.00295	    0.416678	 1.41248e-08	           1	2
102	1.86630594606645	708	102	     1.00295	    0.416678	 1.41248e-08	           1	2
102	3.3640506823206	709	102	     1.00295	    0.416678	 1.41248e-08	           1	2
102	1.97896181473246	710	102	     1.00295	    0.416678	 1.41248e-08	           1	2
103	-2.18478829929026	711	103	   -0.463118	     0.24538	    0.996909	  0.00309093	1
103	-1.4319550196401	712	103	   -0.463118	     0.24538	    0.996909	  0.00309093	1
103	-2.55424173016801	713	103	   -0.463118	     0.24538	    0.996909	  0.00309093	1
103	-2.05383250412462	714	103	   -0.463118	     0.24538	    0.996909	  0.00309093	1
103	-1.40765706976881	715	103	   -0.463118	     0.24538	    0.996909	  0.00309093	1
103	-0.72603067191625	716	103	   -0.463118	     0.24538	    0.996909	  0.00309093	1
103	-0.588995623013561	717	103	   -0.463118	     0.24538	    0.996909	  0.00309093	1
103	-2.1284742061661	718	103	   -0.463118	     0.24538	    0.996909	  0.00309093	1
104	1.94242992112151	719	104	    -0.49844	    0.692679	    0.134145	    0.865855	2
104	0.23657335719023	720	104	    -0.49844	    0.692679	    0.134145	    0.865855	2
104	0.06117397938378	721	104	    -0.49844	    0.692679	    0.134145	    0.865855	2
104	0.626260031174596	722	104	    -0.49844	    0.692679	    0.134145	    0.865855	2
104	0.540688849778872	723	104	    -0.49844	    0.692679	    0.134145	    0.865855	2
104	-1.61725511845305	724	104	    -0.49844	    0.692679	    0.134145	    0.865855	2
104	-0.233261625106479	725	104	    -0.49844	    0.692679	    0.134145	    0.865855	2
104	0.282201827417276	726	104	    -0.49844	    0.692679	    0.134145	    0.865855	2
104	0.785547187307626	727	104	    -0.49844	    0.692679	    0.134145	    0.865855	2
104	-0.326634371166631	728	104	    -0.49844	    0.692679	    0.134145	    0.865855	2
105	1.1466949888345	729	105	   -0.153462	    0.498815	  0.00985502	    0.990145	2
105	0.0597587050278684	730	105	   -0.153462	    0.498815	  0.00985502	    0.990145	2
105	2.09609553112642	731	105	   -0.153462	    0.498815	  0.00985502	    0.990145	2
105	0.169299555336651	732	105	   -0.153462	    0.498815	  0.00985502	    0.990145	2
106	0.488716193397654	733	106	    0.204461	    0.800309	     0.69914	     0.30086	1
106	-0.688937219294112	734	106	    0.204461	    0.800309	     0.69914	     0.30086	1
106	0.0269634725230859	735	106	    0.204461	    0.800309	     0.69914	     0.30086	1
106	-1.01124748398538	736	106	    0.204461	    0.800309	     0.69914	     0.30086	1
106	0.954264970188881	737	106	    0.204461	    0.800309	     0.69914	     0.30086	1
106	-0.466841317329643	738	106	    0.204461	    0.800309	     0.69914	     0.30086	1
107	2.15827432263005	739	107	    0.782223	    0.373047	 1.33349e-06	    0.999999	2
107	2.55971669550854	740	107	    0.782223	    0.373047	 1.33349e-06	    0.999999	2
107	1.2040378773029	741	107	    0.782223	    0.373047	 1.33349e-06	    0.999999	2
107	2.26555938674249	742	107	    0.782223	    0.373047	 1.33349e-06	    0.999999	2
107	2.02687597935284	743	107	    0.782223	    0.373047	 1.33349e-06	    0.999999	2
107	1.28317857174779	744	107	    0.782223	    0.373047	 1.33349e-06	    0.999999	2
107	2.29142020831734	745	107	    0.782223	    0.373047	 1.33349e-06	    0.999999	2
107	3.07126388058056	746	107	    0.782223	    0.373047	 1.33349e-06	    0.999999	2
108	0.98877494216317	747	108	  -0.0154718	    0.341759	 0.000219143	    0.999781	2
108	0.418664481300449	748	108	  -0.0154718	    0.341759	 0.000219143	    0.999781	2
108	0.352079552214169	749	108	  -0.0154718	    0.341759	 0.000219143	    0.999781	2
108	1.79641090852087	750	108	  -0.0154718	    0.341759	 0.000219143	    0.999781	2
108	2.30353076128113	751	108	  -0.0154718	    0.341759	 0.000219143	    0.999781	2
108	1.9085362437072	752	108	  -0.0154718	    0.341759	 0.000219143	    0.999781	2
108	1.17584381929048	753	108	  -0.0154718	    0.341759	 0.000219143	    0.999781	2
108	0.475484927155396	754	108	  -0.0154718	    0.341759	 0.000219143	    0.999781	2
108	2.34196912771218	755	108	  -0.0154718	    0.341759	 0.000219143	    0.999781	2
108	-0.730230459793101	756	108	  -0.0154718	    0.341759	 0.000219143	    0.999781	2
109	-1.73776868863644	757	109	   0.0680692	    0.445413	    0.944767	   0.0552333	1
109	-0.00605725673283031	758	109	   0.0680692	    0.445413	    0.944767	   0.0552333	1
109	-0.532791283477234	759	109	   0.0680692	    0.445413	    0.944767	   0.0552333	1
109	-1.02845151472193	760	109	   0.0680692	    0.445413	    0.944767	   0.0552333	1
110	-1.65276954992472	761	110	   -0.270159	    0.787709	    0.718929	    0.281071	1
110	-2.19805640827046	762	110	   -0.270159	    0.787709	    0.718929	    0.281071	1
110	0.988196218444977	763	110	   -0.270159	    0.787709	    0.718929	    0.281071	1
110	-0.916930569487958	764	110	   -0.270159	    0.787709	    0.718929	    0.281071	1
110	0.0172458752621648	765	110	   -0.270159	    0.787709	    0.718929	    0.281071	1
110	-1.0570897859804	766	110	   -0.270159	    0.787709	    0.718929	    0.281071	1
111	0.135004739623715	767	111	   -0.129436	    0.383532	   0.0027964	    0.997204	2
111	0.170951357151192	768	111	   -0.129436	    0.383532	   0.0027964	    0.997204	2
111	1.41432468802644	769	111	   -0.129436	    0.383532	   0.0027964	    0.997204	2
111	0.468208314552131	770	111	   -0.129436	    0.383532	   0.0027964	    0.997204	2
111	-0.110282508059313	771	111	   -0.129436	    0.383532	   0.0027964	    0.997204	2
111	1.58996809138319	772	111	   -0.129436	    0.383532	   0.0027964	    0.997204	2
111	2.07841781981065	773	111	   -0.129436	    0.383532	   0.0027964	    0.997204	2
111	1.87896217370032	774	111	   -0.129436	    0.383532	   0.0027964	    0.997204	2
112	-1.98399296740465	775	112	   -0.573858	    0.223089	    0.997775	    0.002225	1
112	-2.53440828065066	776	112	   -0.573858	    0.223089	    0.997775	    0.002225	1
112	-2.0245407342751	777	112	   -0.573858	    0.223089	    0.997775	    0.002225	1
112	-1.07331090231161	778	112	   -0.573858	    0.223089	    0.997775	    0.002225	1
112	-2.51535349464192	779	112	   -0.573858	    0.223089	    0.997775	    0.002225	1
112	0.0149829648465238	780	112	   -0.573858	    0.223089	    0.997775	    0.002225	1
112	-1.86062788093153	781	112	   -0.573858	    0.223089	    0.997775	    0.002225	1
112	-1.54748682602237	782	112	   -0.573858	    0.223089	    0.997775	    0.002225	1
112	-1.72096943107053	783	112	   -0.573858	    0.223089	    0.997775	    0.002225	1
112	-2.21485753772889	784	112	   -0.573858	    0.223089	    0.997775	    0.002225	1
113	0.331296679149315	785	113	   -0.485116	     0.54574	    0.037445	    0.962555	2
113	-1.33589040360158	786	113	   -0.485116	     0.54574	    0.037445	    0.962555	2
113	0.372098791676872	787	113	   -0.485116	     0.54574	    0.037445	    0.962555	2
113	1.85075269310937	788	113	   -0.485116	     0.54574	    0.037445	    0.962555	2
114	2.09684821963869	789	114	     1.49811	    0.416678	 4.86869e-13	           1	2
114	3.81781972719076	790	114	     1.49811	    0.416678	 4.86869e-13	           1	2
114	3.93534664532345	791	114	     1.49811	    0.416678	 4.86869e-13	           1	2
114	2.29362210619795	792	114	     1.49811	    0.416678	 4.86869e-13	           1	2
114	5.30329552248059	793	114	     1.49811	    0.416678	 4.86869e-13	           1	2
114	1.38647536243615	794	114	     1.49811	    0.416678	 4.86869e-13	           1	2
115	0.0763306981464728	795	115	    0.456827	    0.323492	    0.982035	   0.0179651	1
115	-0.381126257847872	796	115	    0.456827	    0.323492	    0.982035	   0.0179651	1
115	-1.09326722425763	797	115	    0.456827	    0.323492	    0.982035	   0.0179651	1
115	-0.478131800165558	798	115	    0.456827	    0.323492	    0.982035	   0.0179651	1
115	-0.810369804952019	799	115	    0.456827	    0.323492	    0.982035	   0.0179651	1
115	-0.715710825299664	800	115	    0.456827	    0.323492	    0.982035	   0.0179651	1
115	0.23346704461816	801	115	    0.456827	    0.323492	    0.982035	   0.0179651	1
115	-0.296116651313198	802	115	    0.456827	    0.323492	    0.982035	   0.0179651	1
116	1.26910444364681	803	116	    0.109397	    0.340773	 3.76081e-06	    0.999996	2
116	1.78119420099055	804	116	    0.109397	    0.340773	 3.76081e-06	    0.999996	2
116	-0.983645000123437	805	116	    0.109397	    0.340773	 3.76081e-06	    0.999996	2
116	3.13898931499449	806	116	    0.109397	    0.340773	 3.76081e-06	    0.999996	2
116	1.31224387904609	807	116	    0.109397	    0.340773	 3.76081e-06	    0.999996	2
116	1.46028009147799	808	116	    0.109397	    0.340773	 3.76081e-06	    0.999996	2
116	0.735804840152662	809	116	    0.109397	    0.340773	 3.76081e-06	    0.999996	2
116	-0.135502012632029	810	116	    0.109397	    0.340773	 3.76081e-06	    0.999996	2
116	2.85132130924059	811	116	    0.109397	    0.340773	 3.76081e-06	    0.999996	2
116	1.11392449129087	812	116	    0.109397	    0.340773	 3.76081e-06	    0.999996	2
117	-1.62529331633813	813	117	    -0.31841	    0.312403	    0.993633	  0.00636716	1
117	-1.25757630915466	814	117	    -0.31841	    0.312403	    0.993633	  0.00636716	1
117	-1.85004865823437	815	117	    -0.31841	    0.312403	    0.993633	  0.00636716	1
117	-1.38505073889281	816	117	    -0.31841	    0.312403	    0.993633	  0.00636716	1
118	-1.02935130646559	817	118	    0.138683	    0.652575	    0.842133	    0.157867	1
118	0.409317197367065	818	118	    0.138683	    0.652575	    0.842133	    0.157867	1
118	-0.635618788540762	819	118	    0.138683	    0.652575	    0.842133	    0.157867	1
118	0.743692878089263	820	118	    0.138683	    0.652575	    0.842133	    0.157867	1
118	-1.37040882907094	821	118	    0.138683	    0.652575	    0.842133	    0.157867	1
118	-1.2253542955632	822	118	    0.138683	    0.652575	    0.842133	    0.157867	1
119	-2.00421947563337	823	119	 -0.00541815	     0.30454	    0.986119	   0.0138807	1
119	-0.844982526315165	824	119	 -0.00541815	     0.30454	    0.986119	   0.0138807	1
119	-1.67920498106533	825	119	 -0.00541815	     0.30454	    0.986119	   0.0138807	1
119	-0.842433506478183	826	119	 -0.00541815	     0.30454	    0.986119	   0.0138807	1
119	-1.4063142377935	827	119	 -0.00541815	     0.30454	    0.986119	   0.0138807	1
119	-0.897277536299324	828	119	 -0.00541815	     0.30454	    0.986119	   0.0138807	1
119	-1.11203285512801	829	119	 -0.00541815	     0.30454	    0.986119	   0.0138807	1
119	0.552069104174096	830	119	 -0.00541815	     0.30454	    0.986119	   0.0138807	1
120	0.17823183429709	831	120	    0.571385	    0.804648	    0.759727	    0.240273	1
120	-1.11327580088236	832	120	    0.571385	    0.804648	    0.759727	    0.240273	1
120	0.264109438579544	833	120	    0.571385	    0.804648	    0.759727	    0.240273	1
120	-0.157223262072814	834	120	    0.571385	    0.804648	    0.759727	    0.240273	1
120	0.171192559896888	835	120	    0.571385	    0.804648	    0.759727	    0.240273	1
120	-0.268291636417808	836	120	    0.571385	    0.804648	    0.759727	    0.240273	1
120	0.439559924958241	837	120	    0.571385	    0.804648	    0.759727	    0.240273	1
120	1.0676722554823	838	120	    0.571385	    0.804648	    0.759727	    0.240273	1
120	0.544617519489226	839	120	    0.571385	    0.804648	    0.759727	    0.240273	1
120	0.538366174712021	840	120	    0.571385	    0.804648	    0.759727	    0.240273	1
121	4.07214682491053	841	121	    0.588689	    0.480379	 5.68169e-07	    0.999999	2
121	0.805211325519912	842	121	    0.588689	    0.480379	 5.68169e-07	    0.999999	2
121	1.1157469878968	843	121	    0.588689	    0.480379	 5.68169e-07	    0.999999	2
121	2.07323739314302	844	121	    0.588689	    0.480379	 5.68169e-07	    0.999999	2
122	-0.0906322776760556	845	122	    0.277482	    0.377491	    0.969839	   0.0301609	1
122	-1.09440483655792	846	122	    0.277482	    0.377491	    0.969839	   0.0301609	1
122	-0.919287416141621	847	122	    0.277482	    0.377491	    0.969839	   0.0301609	1
122	-0.354223416499605	848	122	    0.277482	    0.377491	    0.969839	   0.0301609	1
122	0.057808035167917	849	122	    0.277482	    0.377491	    0.969839	   0.0301609	1
122	-1.25390576356286	850	122	    0.277482	    0.377491	    0.969839	   0.0301609	1
123	3.27922739570347	851	123	    0.723746	    0.373042	 1.43417e-08	           1	2
123	2.86664633484187	852	123	    0.723746	    0.373042	 1.43417e-08	           1	2
123	0.470822792595741	853	123	    0.723746	    0.373042	 1.43417e-08	           1	2
123	3.17490691646135	854	123	    0.723746	    0.373042	 1.43417e-08	           1	2
123	1.42400896876566	855	123	    0.723746	    0.373042	 1.43417e-08	           1	2
123	0.328196174593672	856	123	    0.723746	    0.373042	 1.43417e-08	           1	2
123	3.28602290322516	857	123	    0.723746	    0.373042	 1.43417e-08	           1	2
123	1.4412604461063	858	123	    0.723746	    0.373042	 1.43417e-08	           1	2
124	-1.62140050340579	859	124	    0.403196	    0.437913	    0.952598	   0.0474019	1
124	-0.687959315845538	860	124	    0.403196	    0.437913	    0.952598	   0.0474019	1
124	-0.190097432979471	861	124	    0.403196	    0.437913	    0.952598	   0.0474019	1
124	-1.21015542657781	862	124	    0.403196	    0.437913	    0.952598	   0.0474019	1
124	-0.60321925722063	863	124	    0.403196	    0.437913	    0.952598	   0.0474019	1
124	-0.797306595157026	864	124	    0.403196	    0.437913	    0.952598	   0.0474019	1
124	0.980134893170828	865	124	    0.403196	    0.437913	    0.952598	   0.0474019	1
124	-0.217101235470664	866	124	    0.403196	    0.437913	    0.952598	   0.0474019	1
124	0.289516933316595	867	124	    0.403196	    0.437913	    0.952598	   0.0474019	1
124	-0.529871317960489	868	124	    0.403196	    0.437913	    0.952598	   0.0474019	1
125	1.81810053529497	869	125	    0.184382	    0.481131	 0.000393892	    0.999606	2
125	1.58489840365677	870	125	    0.184382	    0.481131	 0.000393892	    0.999606	2
125	2.20373709444821	871	125	    0.184382	    0.481131	 0.000393892	    0.999606	2
125	-0.000612669933790944	872	125	    0.184382	    0.481131	 0.000393892	    0.999606	2
126	-2.34763633605772	873	126	   -0.879036	    0.573118	    0.892239	    0.107761	1
126	-2.97232223629472	874	126	   -0.879036	    0.573118	    0.892239	    0.107761	1
126	-2.68136953657534	875	126	   -0.879036	    0.573118	    0.892239	    0.107761	1
126	0.102191168058169	876	126	   -0.879036	    0.573118	    0.892239	    0.107761	1
126	-3.10193387155525	877	126	   -0.879036	    0.573118	    0.892239	    0.107761	1
126	-1.0646972079991	878	126	   -0.879036	    0.573118	    0.892239	    0.107761	1
127	-1.36383146703296	879	127	   -0.395198	    0.236055	     0.99837	  0.00162983	1
127	-0.985461625259748	880	127	   -0.395198	    0.236055	     0.99837	  0.00162983	1
127	-1.96409071672516	881	127	   -0.395198	    0.236055	     0.99837	  0.00162983	1
127	-1.82116797815454	882	127	   -0.395198	    0.236055	     0.99837	  0.00162983	1
127	-2.2016570986176	883	127	   -0.395198	    0.236055	     0.99837	  0.00162983	1
127	-0.531684937167776	884	127	   -0.395198	    0.236055	     0.99837	  0.00162983	1
127	-1.46746038304942	885	127	   -0.395198	    0.236055	     0.99837	  0.00162983	1
127	-2.07594878035546	886	127	   -0.395198	    0.236055	     0.99837	  0.00162983	1
128	-1.41299421433129	887	128	   -0.396882	    0.208447	    0.999675	  0.00032474	1
128	-1.38591678903723	888	128	   -0.396882	    0.208447	    0.999675	  0.00032474	1
128	-0.833235720447835	889	128	   -0.396882	    0.208447	    0.999675	  0.00032474	1
128	-1.10116189366796	890	128	   -0.396882	    0.208447	    0.999675	  0.00032474	1
128	-1.70424048286394	891	128	   -0.396882	    0.208447	    0.999675	  0.00032474	1
128	-1.37858063085343	892	128	   -0.396882	    0.208447	    0.999675	  0.00032474	1
128	-1.9258805266033	893	128	   -0.396882	    0.208447	    0.999675	  0.00032474	1
128	-2.17508210444922	894	128	   -0.396882	    0.208447	    0.999675	  0.00032474	1
128	-1.4265605482509	895	128	   -0.396882	    0.208447	    0.999675	  0.00032474	1
128	-2.00580906233568	896	128	   -0.396882	    0.208447	    0.999675	  0.00032474	1
129	-1.37433332653344	897	129	     0.17398	    0.451599	    0.941807	   0.0581927	1
129	-0.776738058164089	898	129	     0.17398	    0.451599	    0.941807	   0.0581927	1
129	-0.465371883367268	899	129	     0.17398	    0.451599	    0.941807	   0.0581927	1
129	-0.0102149925254034	900	129	     0.17398	    0.451599	    0.941807	   0.0581927	1
130	-0.195555152488202	901	130	    0.059396	     0.83171	    0.648954	    0.351046	1
130	0.277434025405784	902	130	    0.059396	     0.83171	    0.648954	    0.351046	1
130	0.878964385534463	903	130	    0.059396	     0.83171	    0.648954	    0.351046	1
130	0.235999230949645	904	130	    0.059396	     0.83171	    0.648954	    0.351046	1
130	-0.950998550122631	905	130	    0.059396	     0.83171	    0.648954	    0.351046	1
130	-1.46629817811701	906	130	    0.059396	     0.83171	    0.648954	    0.351046	1
131	-2.83958177179566	907	131	   -0.246754	    0.246187	    0.996773	  0.00322731	1
131	-1.48445074313028	908	131	   -0.246754	    0.246187	    0.996773	  0.00322731	1
131	-0.875226297246977	909	131	   -0.246754	    0.246187	    0.996773	  0.00322731	1
131	-1.01836684484131	910	131	   -0.246754	    0.246187	    0.996773	  0.00322731	1
131	-0.869921912866891	911	131	   -0.246754	    0.246187	    0.996773	  0.00322731	1
131	-1.19034731879167	912	131	   -0.246754	    0.246187	    0.996773	  0.00322731	1
131	-1.51522689608613	913	131	   -0.246754	    0.246187	    0.996773	  0.00322731	1
131	-1.08125609809143	914	131	   -0.246754	    0.246187	    0.996773	  0.00322731	1
132	-0.181765524663095	915	132	   -0.342614	    0.375354	   0.0079738	    0.992026	2
132	0.256509595708858	916	132	   -0.342614	    0.375354	   0.0079738	    0.992026	2
132	0.247062866963598	917	132	   -0.342614	    0.375354	   0.0079738	    0.992026	2
132	0.948890767798343	918	132	   -0.342614	    0.375354	   0.0079738	    0.992026	2
132	1.55151478491043	919	132	   -0.342614	    0.375354	   0.0079738	    0.992026	2
132	1.53232662682099	920	132	   -0.342614	    0.375354	   0.0079738	    0.992026	2
132	2.49853382404412	921	132	   -0.342614	    0.375354	   0.0079738	    0.992026	2
132	-0.118214594967638	922	132	   -0.342614	    0.375354	   0.0079738	    0.992026	2
132	-0.377653227851725	923	132	   -0.342614	    0.375354	   0.0079738	    0.992026	2
132	0.555350848690976	924	132	   -0.342614	    0.375354	   0.0079738	    0.992026	2
133	-1.28462965844881	925	133	   -0.101752	    0.325163	    0.989852	   0.0101484	1
133	-1.37430173888184	926	133	   -0.101752	    0.325163	    0.989852	   0.0101484	1
133	-1.08616212348738	927	133	   -0.101752	    0.325163	    0.989852	   0.0101484	1
133	-1.00398852476194	928	133	   -0.101752	    0.325163	    0.989852	   0.0101484	1
134	2.46053961817246	929	134	    0.634072	    0.416678	 2.24256e-07	           1	2
134	0.941501866921131	930	134	    0.634072	    0.416678	 2.24256e-07	           1	2
134	4.00644309168206	931	134	    0.634072	    0.416678	 2.24256e-07	           1	2
134	1.94849153025825	932	134	    0.634072	    0.416678	 2.24256e-07	           1	2
134	1.97034175329238	933	134	    0.634072	    0.416678	 2.24256e-07	           1	2
134	0.527478772579159	934	134	    0.634072	    0.416678	 2.24256e-07	           1	2
135	-1.69781436813042	935	135	   -0.127673	    0.277335	    0.991402	  0.00859796	1
135	0.0571732037267169	936	135	   -0.127673	    0.277335	    0.991402	  0.00859796	1
135	-1.4059886907691	937	135	   -0.127673	    0.277335	    0.991402	  0.00859796	1
135	-1.70338029993992	938	135	   -0.127673	    0.277335	    0.991402	  0.00859796	1
135	-0.285344027344861	939	135	   -0.127673	    0.277335	    0.991402	  0.00859796	1
135	-0.826622428592371	940	135	   -0.127673	    0.277335	    0.991402	  0.00859796	1
135	-1.74103704600999	941	135	   -0.127673	    0.277335	    0.991402	  0.00859796	1
135	-1.96667537160793	942	135	   -0.127673	    0.277335	    0.991402	  0.00859796	1
136	-0.162317659223832	943	136	   -0.581137	    0.942561	     0.49296	     0.50704	2
136	-2.1077130240474	944	136	   -0.581137	    0.942561	     0.49296	     0.50704	2
136	-0.866095596203623	945	136	   -0.581137	    0.942561	     0.49296	     0.50704	2
136	-0.947526639661606	946	136	   -0.581137	    0.942561	     0.49296	     0.50704	2
136	1.48099803581488	947	136	   -0.581137	    0.942561	     0.49296	     0.50704	2
136	-1.54043999112914	948	136	   -0.581137	    0.942561	     0.49296	     0.50704	2
136	-0.0476897793678199	949	136	   -0.581137	    0.942561	     0.49296	     0.50704	2
136	0.53409869438543	950	136	   -0.581137	    0.942561	     0.49296	     0.50704	2
136	-1.73394911796507	951	136	   -0.581137	    0.942561	     0.49296	     0.50704	2
136	-1.11313394464018	952	136	   -0.581137	    0.942561	     0.49296	     0.50704	2
137	1.81000784812666	953	137	    0.306493	    0.481393	 0.000532892	    0.999467	2
137	1.51872089686315	954	137	    0.306493	    0.481393	 0.000532892	    0.999467	2
137	1.87757230048616	955	137	    0.306493	    0.481393	 0.000532892	    0.999467	2
137	1.14067174157057	956	137	    0.306493	    0.481393	 0.000532892	    0.999467	2
138	-1.47472033365561	957	138	    0.107493	    0.391566	    0.965656	   0.0343437	1
138	0.110398216887339	958	138	    0.107493	    0.391566	    0.965656	   0.0343437	1
138	-1.25614319862066	959	138	    0.107493	    0.391566	    0.965656	   0.0343437	1
138	-0.0670290700437006	960	138	    0.107493	    0.391566	    0.965656	   0.0343437	1
138	-1.68911529931285	961	138	    0.107493	    0.391566	    0.965656	   0.0343437	1
138	-0.610373431513659	962	138	    0.107493	    0.391566	    0.965656	   0.0343437	1
139	-0.689824155411648	963	139	   -0.110439	     0.25792	    0.994828	   0.0051719	1
139	-1.05738323350478	964	139	   -0.110439	     0.25792	    0.994828	   0.0051719	1
139	-2.52620974639227	965	139	   -0.110439	     0.25792	    0.994828	   0.0051719	1
139	-0.589267012071074	966	139	   -0.110439	     0.25792	    0.994828	   0.0051719	1
139	-1.66956237444731	967	139	   -0.110439	     0.25792	    0.994828	   0.0051719	1
139	-0.767360146104208	968	139	   -0.110439	     0.25792	    0.994828	   0.0051719	1
139	-1.42815445730651	969	139	   -0.110439	     0.25792	    0.994828	   0.0051719	1
139	-0.726919931783684	970	139	   -0.110439	     0.25792	    0.994828	   0.0051719	1
140	-1.97200673911764	971	140	    -0.59456	    0.209171	    0.999585	 0.000415076	1
140	-1.78877454522231	972	140	    -0.59456	    0.209171	    0.999585	 0.000415076	1
140	-1.90686147354176	973	140	    -0.59456	    0.209171	    0.999585	 0.000415076	1
140	-1.89882317029071	974	140	    -0.59456	    0.209171	    0.999585	 0.000415076	1
140	-1.60567835024202	975	140	    -0.59456	    0.209171	    0.999585	 0.000415076	1
140	-1.47221299974316	976	140	    -0.59456	    0.209171	    0.999585	 0.000415076	1
140	-2.44729328130464	977	140	    -0.59456	    0.209171	    0.999585	 0.000415076	1
140	-2.14469499471615	978	140	    -0.59456	    0.209171	    0.999585	 0.000415076	1
140	-2.02310099461157	979	140	    -0.59456	    0.209171	    0.999585	 0.000415076	1
140	-0.492703473462089	980	140	    -0.59456	    0.209171	    0.999585	 0.000415076	1
141	1.55015647349807	981	141	  -0.0904494	     0.50118	   0.0111775	    0.988823	2
141	-0.126806154986052	982	141	  -0.0904494	     0.50118	   0.0111775	    0.988823	2
141	1.10283696571331	983	141	  -0.0904494	     0.50118	   0.0111775	    0.988823	2
141	1.31727020301709	984	141	  -0.0904494	     0.50118	   0.0111775	    0.988823	2
142	-1.77383638433323	985	142	  -0.0434631	     0.81097	    0.685124	    0.314876	1
142	-0.318815404810722	986	142	  -0.0434631	     0.81097	    0.685124	    0.314876	1
142	1.24327713856027	987	142	  -0.0434631	     0.81097	    0.685124	    0.314876	1
142	-0.668381989637671	988	142	  -0.0434631	     0.81097	    0.685124	    0.314876	1
142	-0.212449210426194	989	142	  -0.0434631	     0.81097	    0.685124	    0.314876	1
142	-0.80073901994314	990	142	  -0.0434631	     0.81097	    0.685124	    0.314876	1
143	-0.8933009519516	991	143	   -0.433509	    0.373454	 0.000107538	    0.999892	2
143	0.878119974843803	992	143	   -0.433509	    0.373454	 0.000107538	    0.999892	2
143	1.32582943590545	993	143	   -0.433509	    0.373454	 0.000107538	    0.999892	2
143	0.0682676987548564	994	143	   -0.433509	    0.373454	 0.000107538	    0.999892	2
143	3.25402398302164	995	143	   -0.433509	    0.373454	 0.000107538	    0.999892	2
143	-1.51032905907485	996	143	   -0.433509	    0.373454	 0.000107538	    0.999892	2
143	0.690645928130708	997	143	   -0.433509	    0.373454	 0.000107538	    0.999892	2
143	0.794657055441097	998	143	   -0.433509	    0.373454	 0.000107538	    0.999892	2
144	2.59571925676448	999	144	   -0.295467	    0.340992	 5.14705e-05	    0.999949	2
144	-0.271559817097741	1000	144	   -0.295467	    0.340992	 5.14705e-05	    0.999949	2
144	-0.778970777395792	1001	144	   -0.295467	    0.340992	 5.14705e-05	    0.999949	2
144	0.438248560313323	1002	144	   -0.295467	    0.340992	 5.14705e-05	    0.999949	2
144	0.9263715563024	1003	144	   -0.295467	    0.340992	 5.14705e-05	    0.999949	2
144	0.978440332400975	1004	144	   -0.295467	    0.340992	 5.14705e-05	    0.999949	2
144	2.02202936856747	1005	144	   -0.295467	    0.340992	 5.14705e-05	    0.999949	2
144	-0.346732919172699	1006	144	   -0.295467	    0.340992	 5.14705e-05	    0.999949	2
144	-0.570002347102804	1007	144	   -0.295467	    0.340992	 5.14705e-05	    0.999949	2
144	2.65971493680542	1008	144	   -0.295467	    0.340992	 5.14705e-05	    0.999949	2
145	-2.55782318750844	1009	145	   -0.156487	    0.422969	    0.954796	   0.0452036	1
145	-0.497414638608783	1010	145	   -0.156487	    0.422969	    0.954796	   0.0452036	1
145	-0.727031846449481	1011	145	   -0.156487	    0.422969	    0.954796	   0.0452036	1
145	-0.994530784067551	1012	145	   -0.156487	    0.422969	    0.954796	   0.0452036	1
146	-1.95561772259412	1013	146	   -0.196645	    0.589458	    0.882223	    0.117777	1
146	-1.21303684295475	1014	146	   -0.196645	    0.589458	    0.882223	    0.117777	1
146	-0.564971914953933	1015	146	   -0.196645	    0.589458	    0.882223	    0.117777	1
146	-2.07690287582009	1016	146	   -0.196645	    0.589458	    0.882223	    0.117777	1
146	-1.43233210318649	1017	146	   -0.196645	    0.589458	    0.882223	    0.117777	1
146	0.87400472424146	1018	146	   -0.196645	    0.589458	    0.882223	    0.117777	1
147	-1.60448022370861	1019	147	    0.239926	    0.268329	       0.993	   0.0069998	1
147	-0.703642564890498	1020	147	    0.239926	    0.268329	       0.993	   0.0069998	1
147	-0.932332927981154	1021	147	    0.239926	    0.268329	       0.993	   0.0069998	1
147	-0.48476623093761	1022	147	    0.239926	    0.268329	       0.993	   0.0069998	1
147	-0.172886164929906	1023	147	    0.239926	    0.268329	       0.993	   0.0069998	1
147	-1.13740904070423	1024	147	    0.239926	    0.268329	       0.993	   0.0069998	1
147	-0.302112240374872	1025	147	    0.239926	    0.268329	       0.993	   0.0069998	1
147	-0.523855504749932	1026	147	    0.239926	    0.268329	       0.993	   0.0069998	1
148	-1.94347559243687	1027	148	   -0.977898	    0.207693	    0.999771	 0.000229441	1
148	-2.40571098477797	1028	148	   -0.977898	    0.207693	    0.999771	 0.000229441	1
148	-2.38155093147834	1029	148	   -0.977898	    0.207693	    0.999771	 0.000229441	1
148	-1.59753646399043	1030	148	   -0.977898	    0.207693	    0.999771	 0.000229441	1
148	-2.78733927258113	1031	148	   -0.977898	    0.207693	    0.999771	 0.000229441	1
148	-2.03295433201942	1032	148	   -0.977898	    0.207693	    0.999771	 0.000229441	1
148	-1.47678704337515	1033	148	   -0.977898	    0.207693	    0.999771	 0.000229441	1
148	-2.81717659282563	1034	148	   -0.977898	    0.207693	    0.999771	 0.000229441	1
148	-2.46588138398473	1035	148	   -0.977898	    0.207693	    0.999771	 0.000229441	1
148	-2.51095158188306	1036	148	   -0.977898	    0.207693	    0.999771	 0.000229441	1
149	-1.02508242248466	1037	149	   -0.150636	    0.338808	     0.98565	   0.0143496	1
149	-0.60502627492354	1038	149	   -0.150636	    0.338808	     0.98565	   0.0143496	1
149	-1.6899019354713	1039	149	   -0.150636	    0.338808	     0.98565	   0.0143496	1
149	-1.69325052571316	1040	149	   -0.150636	    0.338808	     0.98565	   0.0143496	1
150	-0.265264351398463	1041	150	    0.474546	    0.416678	 2.21563e-07	           1	2
150	1.43699169781157	1042	150	    0.474546	    0.416678	 2.21563e-07	           1	2
150	2.66133572827235	1043	150	    0.474546	    0.416678	 2.21563e-07	           1	2
150	0.487568926318309	1044	150	    0.474546	    0.416678	 2.21563e-07	           1	2
150	2.94625196073319	1045	150	    0.474546	    0.416678	 2.21563e-07	           1	2
150	3.29946953835629	1046	150	    0.474546	    0.416678	 2.21563e-07	           1	2
