g	y1	id	g	F1	F1_std	GClass#1	GClass#2	GClass#
1	-0.833214159025092	1	1	   -0.404884	     0.32308	  0.00513905	    0.994861	2
1	-2.63800270034378	2	1	   -0.404884	     0.32308	  0.00513905	    0.994861	2
1	-1.63949078900939	3	1	   -0.404884	     0.32308	  0.00513905	    0.994861	2
1	-1.24281755203899	4	1	   -0.404884	     0.32308	  0.00513905	    0.994861	2
2	1.75601930584256	5	2	    -0.22381	    0.782879	     0.67931	     0.32069	1
2	-0.832588525361537	6	2	    -0.22381	    0.782879	     0.67931	     0.32069	1
2	-1.32142494709622	7	2	    -0.22381	    0.782879	     0.67931	     0.32069	1
2	-0.12248631999203	8	2	    -0.22381	    0.782879	     0.67931	     0.32069	1
2	0.419320954996484	9	2	    -0.22381	    0.782879	     0.67931	     0.32069	1
2	-0.232553070749535	10	2	    -0.22381	    0.782879	     0.67931	     0.32069	1
3	1.34278513146613	11	3	    0.043033	    0.825088	    0.721099	    0.278901	1
3	-0.621853211572083	12	3	    0.043033	    0.825088	    0.721099	    0.278901	1
3	-0.396527255849809	13	3	    0.043033	    0.825088	    0.721099	    0.278901	1
3	-0.0326318956490023	14	3	    0.043033	    0.825088	    0.721099	    0.278901	1
3	0.464390450898297	15	3	    0.043033	    0.825088	    0.721099	    0.278901	1
3	1.25308470757138	16	3	    0.043033	    0.825088	    0.721099	    0.278901	1
3	0.660248408650796	17	3	    0.043033	    0.825088	    0.721099	    0.278901	1
3	0.93001564124825	18	3	    0.043033	    0.825088	    0.721099	    0.278901	1
4	2.99187544447931	19	4	    0.619547	    0.315635	     0.99988	 0.000119603	1
4	2.84387269508713	20	4	    0.619547	    0.315635	     0.99988	 0.000119603	1
4	1.87431403488947	21	4	    0.619547	    0.315635	     0.99988	 0.000119603	1
4	0.240883328090375	22	4	    0.619547	    0.315635	     0.99988	 0.000119603	1
4	1.81778475116719	23	4	    0.619547	    0.315635	     0.99988	 0.000119603	1
4	2.48160177131799	24	4	    0.619547	    0.315635	     0.99988	 0.000119603	1
4	1.14960860008293	25	4	    0.619547	    0.315635	     0.99988	 0.000119603	1
4	2.36700874344729	26	4	    0.619547	    0.315635	     0.99988	 0.000119603	1
4	1.12220468307067	27	4	    0.619547	    0.315635	     0.99988	 0.000119603	1
4	2.27491458835683	28	4	    0.619547	    0.315635	     0.99988	 0.000119603	1
5	-1.81584674292022	29	5	   -0.325001	    0.364372	    0.030464	    0.969536	2
5	-0.740114946756858	30	5	   -0.325001	    0.364372	    0.030464	    0.969536	2
5	-0.263695855209458	31	5	   -0.325001	    0.364372	    0.030464	    0.969536	2
5	-2.95708319314109	32	5	   -0.325001	    0.364372	    0.030464	    0.969536	2
6	-0.0723535172220705	33	6	    0.374612	     0.36173	   0.0289357	    0.971064	2
6	-1.56358875587333	34	6	    0.374612	     0.36173	   0.0289357	    0.971064	2
6	-0.426946624016829	35	6	    0.374612	     0.36173	   0.0289357	    0.971064	2
6	-0.554699307409338	36	6	    0.374612	     0.36173	   0.0289357	    0.971064	2
6	-0.424498891407688	37	6	    0.374612	     0.36173	   0.0289357	    0.971064	2
6	-0.143081962546964	38	6	    0.374612	     0.36173	   0.0289357	    0.971064	2
7	1.60798801073271	39	7	    0.201494	    0.344213	    0.999339	 0.000661022	1
7	2.22254155335256	40	7	    0.201494	    0.344213	    0.999339	 0.000661022	1
7	2.83958878121862	41	7	    0.201494	    0.344213	    0.999339	 0.000661022	1
7	2.01839075806128	42	7	    0.201494	    0.344213	    0.999339	 0.000661022	1
7	-0.455591739387708	43	7	    0.201494	    0.344213	    0.999339	 0.000661022	1
7	1.02993523021458	44	7	    0.201494	    0.344213	    0.999339	 0.000661022	1
7	1.01627462436731	45	7	    0.201494	    0.344213	    0.999339	 0.000661022	1
7	0.63920921996668	46	7	    0.201494	    0.344213	    0.999339	 0.000661022	1
8	1.74330319631967	47	8	    0.586495	    0.314992	    0.999986	 1.40154e-05	1
8	3.02170294405042	48	8	    0.586495	    0.314992	    0.999986	 1.40154e-05	1
8	1.69528883257698	49	8	    0.586495	    0.314992	    0.999986	 1.40154e-05	1
8	-0.0824442376294627	50	8	    0.586495	    0.314992	    0.999986	 1.40154e-05	1
8	2.92460378468987	51	8	    0.586495	    0.314992	    0.999986	 1.40154e-05	1
8	2.42859207224874	52	8	    0.586495	    0.314992	    0.999986	 1.40154e-05	1
8	2.46843457563844	53	8	    0.586495	    0.314992	    0.999986	 1.40154e-05	1
8	-0.00188501920155004	54	8	    0.586495	    0.314992	    0.999986	 1.40154e-05	1
8	2.55347424071138	55	8	    0.586495	    0.314992	    0.999986	 1.40154e-05	1
8	1.96653932736519	56	8	    0.586495	    0.314992	    0.999986	 1.40154e-05	1
9	2.94394290922673	57	9	   -0.210094	    0.425024	    0.998514	  0.00148551	1
9	-0.530382657506453	58	9	   -0.210094	    0.425024	    0.998514	  0.00148551	1
9	-0.934271202478322	59	9	   -0.210094	    0.425024	    0.998514	  0.00148551	1
9	1.20701982559237	60	9	   -0.210094	    0.425024	    0.998514	  0.00148551	1
10	2.02756306588107	61	10	    0.243881	    0.392943	    0.995503	  0.00449743	1
10	2.38538624018718	62	10	    0.243881	    0.392943	    0.995503	  0.00449743	1
10	0.623319290927949	63	10	    0.243881	    0.392943	    0.995503	  0.00449743	1
10	0.853747752376796	64	10	    0.243881	    0.392943	    0.995503	  0.00449743	1
10	1.32894506726419	65	10	    0.243881	    0.392943	    0.995503	  0.00449743	1
10	1.49119688597244	66	10	    0.243881	    0.392943	    0.995503	  0.00449743	1
11	0.0716970764506139	67	11	    0.362986	    0.300455	   0.0140054	    0.985995	2
11	-1.0969041333537	68	11	    0.362986	    0.300455	   0.0140054	    0.985995	2
11	-1.04505149076507	69	11	    0.362986	    0.300455	   0.0140054	    0.985995	2
11	-1.27736817823434	70	11	    0.362986	    0.300455	   0.0140054	    0.985995	2
11	-0.0944207098750021	71	11	    0.362986	    0.300455	   0.0140054	    0.985995	2
11	0.116772147898124	72	11	    0.362986	    0.300455	   0.0140054	    0.985995	2
11	-0.259201526969383	73	11	    0.362986	    0.300455	   0.0140054	    0.985995	2
11	-1.15501836032635	74	11	    0.362986	    0.300455	   0.0140054	    0.985995	2
12	0.764787797463909	75	12	   -0.250649	     0.32555	    0.997873	  0.00212671	1
12	-0.702311668387556	76	12	   -0.250649	     0.32555	    0.997873	  0.00212671	1
12	0.318202004041821	77	12	   -0.250649	     0.32555	    0.997873	  0.00212671	1
12	1.02012595286331	78	12	   -0.250649	     0.32555	    0.997873	  0.00212671	1
12	1.2043989144805	79	12	   -0.250649	     0.32555	    0.997873	  0.00212671	1
12	2.04190886782814	80	12	   -0.250649	     0.32555	    0.997873	  0.00212671	1
12	2.89248696987393	81	12	   -0.250649	     0.32555	    0.997873	  0.00212671	1
12	-0.401019576909207	82	12	   -0.250649	     0.32555	    0.997873	  0.00212671	1
12	0.838318942614727	83	12	   -0.250649	     0.32555	    0.997873	  0.00212671	1
12	-0.69061154706622	84	12	   -0.250649	     0.32555	    0.997873	  0.00212671	1
13	0.729283451770318	85	13	  -0.0341565	    0.731106	    0.741977	    0.258023	1
13	1.30868775304778	86	13	  -0.0341565	    0.731106	    0.741977	    0.258023	1
13	-0.493868429816896	87	13	  -0.0341565	    0.731106	    0.741977	    0.258023	1
13	-0.255625192188692	88	13	  -0.0341565	    0.731106	    0.741977	    0.258023	1
14	2.98069160574591	89	14	    0.739163	    0.375075	    0.999955	 4.54299e-05	1
14	3.04705572209461	90	14	    0.739163	    0.375075	    0.999955	 4.54299e-05	1
14	1.82895031535062	91	14	    0.739163	    0.375075	    0.999955	 4.54299e-05	1
14	0.860719189773541	92	14	    0.739163	    0.375075	    0.999955	 4.54299e-05	1
14	2.56598336382298	93	14	    0.739163	    0.375075	    0.999955	 4.54299e-05	1
14	2.25408668133952	94	14	    0.739163	    0.375075	    0.999955	 4.54299e-05	1
15	-1.06178610001404	95	15	    0.268439	    0.286281	   0.0107317	    0.989268	2
15	-1.31711435795871	96	15	    0.268439	    0.286281	   0.0107317	    0.989268	2
15	-0.727661451878053	97	15	    0.268439	    0.286281	   0.0107317	    0.989268	2
15	0.320803266816509	98	15	    0.268439	    0.286281	   0.0107317	    0.989268	2
15	-0.710994663765765	99	15	    0.268439	    0.286281	   0.0107317	    0.989268	2
15	0.224156822679461	100	15	    0.268439	    0.286281	   0.0107317	    0.989268	2
15	-1.15584925527069	101	15	    0.268439	    0.286281	   0.0107317	    0.989268	2
15	-1.2519657195613	102	15	    0.268439	    0.286281	   0.0107317	    0.989268	2
16	0.874616928469915	103	16	   -0.433024	     0.79251	    0.746071	    0.253929	1
16	-0.599630473016293	104	16	   -0.433024	     0.79251	    0.746071	    0.253929	1
16	0.019736260141333	105	16	   -0.433024	     0.79251	    0.746071	    0.253929	1
16	-1.17177419326495	106	16	   -0.433024	     0.79251	    0.746071	    0.253929	1
16	-1.74968889811698	107	16	   -0.433024	     0.79251	    0.746071	    0.253929	1
16	0.213925277887692	108	16	   -0.433024	     0.79251	    0.746071	    0.253929	1
16	1.5400174156117	109	16	   -0.433024	     0.79251	    0.746071	    0.253929	1
16	1.16241454766521	110	16	   -0.433024	     0.79251	    0.746071	    0.253929	1
16	-0.748546824983617	111	16	   -0.433024	     0.79251	    0.746071	    0.253929	1
16	-0.520806769430125	112	16	   -0.433024	     0.79251	    0.746071	    0.253929	1
17	1.11789097737282	113	17	   0.0995034	    0.435542	    0.995058	  0.00494199	1
17	1.4935901155485	114	17	   0.0995034	    0.435542	    0.995058	  0.00494199	1
17	2.42051638022337	115	17	   0.0995034	    0.435542	    0.995058	  0.00494199	1
17	-0.0381631508226662	116	17	   0.0995034	    0.435542	    0.995058	  0.00494199	1
18	-1.11387299627042	117	18	    0.174038	    0.292515	   0.0069257	    0.993074	2
18	-0.417185530835488	118	18	    0.174038	    0.292515	   0.0069257	    0.993074	2
18	-1.29197984972515	119	18	    0.174038	    0.292515	   0.0069257	    0.993074	2
18	-0.304703088791143	120	18	    0.174038	    0.292515	   0.0069257	    0.993074	2
18	-0.98548804931779	121	18	    0.174038	    0.292515	   0.0069257	    0.993074	2
18	-0.797243011542434	122	18	    0.174038	    0.292515	   0.0069257	    0.993074	2
19	2.05649101054594	123	19	    0.113652	     0.35579	    0.996831	  0.00316852	1
19	2.37346682359383	124	19	    0.113652	     0.35579	    0.996831	  0.00316852	1
19	1.21532819033748	125	19	    0.113652	     0.35579	    0.996831	  0.00316852	1
19	0.747006841956557	126	19	    0.113652	     0.35579	    0.996831	  0.00316852	1
19	1.24572576582304	127	19	    0.113652	     0.35579	    0.996831	  0.00316852	1
19	1.90350857982444	128	19	    0.113652	     0.35579	    0.996831	  0.00316852	1
19	0.800843779469178	129	19	    0.113652	     0.35579	    0.996831	  0.00316852	1
19	-0.495249276941258	130	19	    0.113652	     0.35579	    0.996831	  0.00316852	1
20	-0.455322064276186	131	20	    0.171217	    0.244191	  0.00494797	    0.995052	2
20	-1.06418882368397	132	20	    0.171217	    0.244191	  0.00494797	    0.995052	2
20	-1.22928206774619	133	20	    0.171217	    0.244191	  0.00494797	    0.995052	2
20	-1.14232650280381	134	20	    0.171217	    0.244191	  0.00494797	    0.995052	2
20	0.428617431671032	135	20	    0.171217	    0.244191	  0.00494797	    0.995052	2
20	-0.57799041417743	136	20	    0.171217	    0.244191	  0.00494797	    0.995052	2
20	-1.32722819738352	137	20	    0.171217	    0.244191	  0.00494797	    0.995052	2
20	-1.58962088583128	138	20	    0.171217	    0.244191	  0.00494797	    0.995052	2
20	-1.60086055498243	139	20	    0.171217	    0.244191	  0.00494797	    0.995052	2
20	0.148439371377884	140	20	    0.171217	    0.244191	  0.00494797	    0.995052	2
21	3.0977391688822	141	21	    0.397975	    0.421377	    0.999989	 1.12249e-05	1
21	3.05806020550726	142	21	    0.397975	    0.421377	    0.999989	 1.12249e-05	1
21	-0.673998901126823	143	21	    0.397975	    0.421377	    0.999989	 1.12249e-05	1
21	1.83821472366282	144	21	    0.397975	    0.421377	    0.999989	 1.12249e-05	1
22	-2.31837284806359	145	22	   -0.126601	    0.310014	   0.0137296	     0.98627	2
22	-0.414812111770372	146	22	   -0.126601	    0.310014	   0.0137296	     0.98627	2
22	-1.1269317917524	147	22	   -0.126601	    0.310014	   0.0137296	     0.98627	2
22	-0.152226559964012	148	22	   -0.126601	    0.310014	   0.0137296	     0.98627	2
22	-0.792651844931359	149	22	   -0.126601	    0.310014	   0.0137296	     0.98627	2
22	-2.27701973945471	150	22	   -0.126601	    0.310014	   0.0137296	     0.98627	2
23	-0.705188149582676	151	23	   -0.202869	    0.249493	  0.00255538	    0.997445	2
23	-0.925543149851646	152	23	   -0.202869	    0.249493	  0.00255538	    0.997445	2
23	-2.55422167008113	153	23	   -0.202869	    0.249493	  0.00255538	    0.997445	2
23	-0.372000086582321	154	23	   -0.202869	    0.249493	  0.00255538	    0.997445	2
23	-1.00628373637296	155	23	   -0.202869	    0.249493	  0.00255538	    0.997445	2
23	-1.10499718161414	156	23	   -0.202869	    0.249493	  0.00255538	    0.997445	2
23	-2.42453934217375	157	23	   -0.202869	    0.249493	  0.00255538	    0.997445	2
23	-1.15148976827109	158	23	   -0.202869	    0.249493	  0.00255538	    0.997445	2
24	-2.78164752830583	159	24	   -0.389622	    0.233731	  0.00335381	    0.996646	2
24	-1.53486840862694	160	24	   -0.389622	    0.233731	  0.00335381	    0.996646	2
24	-1.2894706474521	161	24	   -0.389622	    0.233731	  0.00335381	    0.996646	2
24	-1.77099996802357	162	24	   -0.389622	    0.233731	  0.00335381	    0.996646	2
24	0.548997483012599	163	24	   -0.389622	    0.233731	  0.00335381	    0.996646	2
24	-2.07102979027343	164	24	   -0.389622	    0.233731	  0.00335381	    0.996646	2
24	-0.427231138890753	165	24	   -0.389622	    0.233731	  0.00335381	    0.996646	2
24	-1.1514975633623	166	24	   -0.389622	    0.233731	  0.00335381	    0.996646	2
24	-2.14096026416312	167	24	   -0.389622	    0.233731	  0.00335381	    0.996646	2
24	-2.23424711451672	168	24	   -0.389622	    0.233731	  0.00335381	    0.996646	2
25	1.01483024421878	169	25	   0.0859047	     0.43863	    0.993907	  0.00609325	1
25	2.26381731113516	170	25	   0.0859047	     0.43863	    0.993907	  0.00609325	1
25	-0.0571692825438147	171	25	   0.0859047	     0.43863	    0.993907	  0.00609325	1
25	1.65541111281781	172	25	   0.0859047	     0.43863	    0.993907	  0.00609325	1
26	-0.756734977709129	173	26	    0.147209	    0.404281	   0.0489085	    0.951091	2
26	-1.37035696249674	174	26	    0.147209	    0.404281	   0.0489085	    0.951091	2
26	-1.10511724630967	175	26	    0.147209	    0.404281	   0.0489085	    0.951091	2
26	-0.0992750161473593	176	26	    0.147209	    0.404281	   0.0489085	    0.951091	2
26	0.578065680333936	177	26	    0.147209	    0.404281	   0.0489085	    0.951091	2
26	-1.92728546689956	178	26	    0.147209	    0.404281	   0.0489085	    0.951091	2
27	0.217978624247552	179	27	    0.620688	    0.785233	    0.269233	    0.730767	2
27	-0.158172953900941	180	27	    0.620688	    0.785233	    0.269233	    0.730767	2
27	0.174080833893399	181	27	    0.620688	    0.785233	    0.269233	    0.730767	2
27	0.61337086116646	182	27	    0.620688	    0.785233	    0.269233	    0.730767	2
27	0.848455173367191	183	27	    0.620688	    0.785233	    0.269233	    0.730767	2
27	0.960240219700384	184	27	    0.620688	    0.785233	    0.269233	    0.730767	2
27	-0.363163543021908	185	27	    0.620688	    0.785233	    0.269233	    0.730767	2
27	-0.583885928651834	186	27	    0.620688	    0.785233	    0.269233	    0.730767	2
28	-2.70687281701351	187	28	    -1.22381	    0.216699	  6.5313e-06	    0.999993	2
28	-0.954389604062807	188	28	    -1.22381	    0.216699	  6.5313e-06	    0.999993	2
28	-2.27925638721517	189	28	    -1.22381	    0.216699	  6.5313e-06	    0.999993	2
28	-3.12059391503865	190	28	    -1.22381	    0.216699	  6.5313e-06	    0.999993	2
28	-2.6515556943227	191	28	    -1.22381	    0.216699	  6.5313e-06	    0.999993	2
28	-2.78452386673187	192	28	    -1.22381	    0.216699	  6.5313e-06	    0.999993	2
28	-3.32430396141622	193	28	    -1.22381	    0.216699	  6.5313e-06	    0.999993	2
28	-2.19322344931697	194	28	    -1.22381	    0.216699	  6.5313e-06	    0.999993	2
28	-2.10556570343491	195	28	    -1.22381	    0.216699	  6.5313e-06	    0.999993	2
28	-2.32542042147035	196	28	    -1.22381	    0.216699	  6.5313e-06	    0.999993	2
29	-0.0875994972299261	197	29	   0.0233305	    0.372098	   0.0299181	    0.970082	2
29	-1.76878690043797	198	29	   0.0233305	    0.372098	   0.0299181	    0.970082	2
29	-1.46096846044693	199	29	   0.0233305	    0.372098	   0.0299181	    0.970082	2
29	-0.554537013002554	200	29	   0.0233305	    0.372098	   0.0299181	    0.970082	2
30	0.382815427712147	201	30	    0.168296	    0.377499	   0.0371803	     0.96282	2
30	-0.312005867287383	202	30	    0.168296	    0.377499	   0.0371803	     0.96282	2
30	-0.862106538780866	203	30	    0.168296	    0.377499	   0.0371803	     0.96282	2
30	-1.58543524579986	204	30	    0.168296	    0.377499	   0.0371803	     0.96282	2
30	-0.40840464700496	205	30	    0.168296	    0.377499	   0.0371803	     0.96282	2
30	-1.85834575210396	206	30	    0.168296	    0.377499	   0.0371803	     0.96282	2
31	0.495176629277648	207	31	    0.469216	    0.437397	   0.0565569	    0.943443	2
31	-1.21185823596145	208	31	    0.469216	    0.437397	   0.0565569	    0.943443	2
31	0.408394358150195	209	31	    0.469216	    0.437397	   0.0565569	    0.943443	2
31	-0.467538542934632	210	31	    0.469216	    0.437397	   0.0565569	    0.943443	2
31	0.0845619501128161	211	31	    0.469216	    0.437397	   0.0565569	    0.943443	2
31	-0.756546210563623	212	31	    0.469216	    0.437397	   0.0565569	    0.943443	2
31	-1.44603700726495	213	31	    0.469216	    0.437397	   0.0565569	    0.943443	2
31	-0.210672588314687	214	31	    0.469216	    0.437397	   0.0565569	    0.943443	2
32	2.60108264567873	215	32	  -0.0791074	    0.315126	    0.999959	 4.13102e-05	1
32	-1.09687894527113	216	32	  -0.0791074	    0.315126	    0.999959	 4.13102e-05	1
32	1.29127545904305	217	32	  -0.0791074	    0.315126	    0.999959	 4.13102e-05	1
32	2.06606934645751	218	32	  -0.0791074	    0.315126	    0.999959	 4.13102e-05	1
32	-1.38268892570415	219	32	  -0.0791074	    0.315126	    0.999959	 4.13102e-05	1
32	1.77793220558474	220	32	  -0.0791074	    0.315126	    0.999959	 4.13102e-05	1
32	0.409754459985374	221	32	  -0.0791074	    0.315126	    0.999959	 4.13102e-05	1
32	1.67391494089306	222	32	  -0.0791074	    0.315126	    0.999959	 4.13102e-05	1
32	2.13805717656892	223	32	  -0.0791074	    0.315126	    0.999959	 4.13102e-05	1
32	0.190765058508857	224	32	  -0.0791074	    0.315126	    0.999959	 4.13102e-05	1
33	2.05139465162493	225	33	    0.033748	    0.422031	    0.999757	 0.000243149	1
33	-1.05964740740393	226	33	    0.033748	    0.422031	    0.999757	 0.000243149	1
33	0.589844008306468	227	33	    0.033748	    0.422031	    0.999757	 0.000243149	1
33	2.97001269966314	228	33	    0.033748	    0.422031	    0.999757	 0.000243149	1
34	2.61523595759708	229	34	    0.863838	    0.374924	    0.999986	 1.39646e-05	1
34	1.20212439049617	230	34	    0.863838	    0.374924	    0.999986	 1.39646e-05	1
34	3.09173699660823	231	34	    0.863838	    0.374924	    0.999986	 1.39646e-05	1
34	3.47354191027661	232	34	    0.863838	    0.374924	    0.999986	 1.39646e-05	1
34	2.64563282755642	233	34	    0.863838	    0.374924	    0.999986	 1.39646e-05	1
34	1.70582154227874	234	34	    0.863838	    0.374924	    0.999986	 1.39646e-05	1
35	-0.18104300322584	235	35	  -0.0289378	    0.346662	     0.99876	   0.0012397	1
35	1.09639102992729	236	35	  -0.0289378	    0.346662	     0.99876	   0.0012397	1
35	1.15207044471874	237	35	  -0.0289378	    0.346662	     0.99876	   0.0012397	1
35	2.42769646840882	238	35	  -0.0289378	    0.346662	     0.99876	   0.0012397	1
35	0.409898654207528	239	35	  -0.0289378	    0.346662	     0.99876	   0.0012397	1
35	2.45974564982879	240	35	  -0.0289378	    0.346662	     0.99876	   0.0012397	1
35	-0.720500728326206	241	35	  -0.0289378	    0.346662	     0.99876	   0.0012397	1
35	1.59102483490379	242	35	  -0.0289378	    0.346662	     0.99876	   0.0012397	1
36	-2.93907030729931	243	36	    -1.08487	    0.216739	 6.05043e-06	    0.999994	2
36	-1.83071159765942	244	36	    -1.08487	    0.216739	 6.05043e-06	    0.999994	2
36	-1.88998123959528	245	36	    -1.08487	    0.216739	 6.05043e-06	    0.999994	2
36	-2.83110120097689	246	36	    -1.08487	    0.216739	 6.05043e-06	    0.999994	2
36	-2.8915090330084	247	36	    -1.08487	    0.216739	 6.05043e-06	    0.999994	2
36	-1.85909571420364	248	36	    -1.08487	    0.216739	 6.05043e-06	    0.999994	2
36	-2.71751204037262	249	36	    -1.08487	    0.216739	 6.05043e-06	    0.999994	2
36	-1.4937408620954	250	36	    -1.08487	    0.216739	 6.05043e-06	    0.999994	2
36	-1.84298051441153	251	36	    -1.08487	    0.216739	 6.05043e-06	    0.999994	2
36	-2.56184389341351	252	36	    -1.08487	    0.216739	 6.05043e-06	    0.999994	2
37	-0.764652978091018	253	37	   -0.322028	    0.601289	    0.883471	    0.116529	1
37	2.05907729439434	254	37	   -0.322028	    0.601289	    0.883471	    0.116529	1
37	-0.326123473836157	255	37	   -0.322028	    0.601289	    0.883471	    0.116529	1
37	-0.327378147163038	256	37	   -0.322028	    0.601289	    0.883471	    0.116529	1
38	-0.464801863975834	257	38	    0.527421	     0.37486	    0.999999	 1.32329e-06	1
38	1.46076246288307	258	38	    0.527421	     0.37486	    0.999999	 1.32329e-06	1
38	4.52369987609621	259	38	    0.527421	     0.37486	    0.999999	 1.32329e-06	1
38	1.83814212411571	260	38	    0.527421	     0.37486	    0.999999	 1.32329e-06	1
38	2.11030126593787	261	38	    0.527421	     0.37486	    0.999999	 1.32329e-06	1
38	2.03891169248655	262	38	    0.527421	     0.37486	    0.999999	 1.32329e-06	1
39	-2.13942659729103	263	39	   -0.832546	     0.23872	 4.16747e-05	    0.999958	2
39	-0.971863180569426	264	39	   -0.832546	     0.23872	 4.16747e-05	    0.999958	2
39	-2.48758855995492	265	39	   -0.832546	     0.23872	 4.16747e-05	    0.999958	2
39	-2.09128962550533	266	39	   -0.832546	     0.23872	 4.16747e-05	    0.999958	2
39	-2.18486516340906	267	39	   -0.832546	     0.23872	 4.16747e-05	    0.999958	2
39	-1.83305757713821	268	39	   -0.832546	     0.23872	 4.16747e-05	    0.999958	2
39	-2.66254015417799	269	39	   -0.832546	     0.23872	 4.16747e-05	    0.999958	2
39	-1.84576633246847	270	39	   -0.832546	     0.23872	 4.16747e-05	    0.999958	2
40	-1.03252049292199	271	40	    -0.52624	    0.217606	 0.000174809	    0.999825	2
40	-0.956977498766741	272	40	    -0.52624	    0.217606	 0.000174809	    0.999825	2
40	-0.831317114745066	273	40	    -0.52624	    0.217606	 0.000174809	    0.999825	2
40	-1.48410205114053	274	40	    -0.52624	    0.217606	 0.000174809	    0.999825	2
40	-2.73725637422138	275	40	    -0.52624	    0.217606	 0.000174809	    0.999825	2
40	-1.65319681506511	276	40	    -0.52624	    0.217606	 0.000174809	    0.999825	2
40	-2.45252161650031	277	40	    -0.52624	    0.217606	 0.000174809	    0.999825	2
40	-2.02246455766629	278	40	    -0.52624	    0.217606	 0.000174809	    0.999825	2
40	-0.99746414967393	279	40	    -0.52624	    0.217606	 0.000174809	    0.999825	2
40	-2.30133177662518	280	40	    -0.52624	    0.217606	 0.000174809	    0.999825	2
41	-2.97430163101837	281	41	   -0.789056	    0.315783	  0.00101418	    0.998986	2
41	-1.41966433270573	282	41	   -0.789056	    0.315783	  0.00101418	    0.998986	2
41	-1.90485703334273	283	41	   -0.789056	    0.315783	  0.00101418	    0.998986	2
41	-2.16410097901522	284	41	   -0.789056	    0.315783	  0.00101418	    0.998986	2
42	0.69622611736961	285	42	   -0.245377	    0.692869	     0.82526	     0.17474	1
42	1.35783043309353	286	42	   -0.245377	    0.692869	     0.82526	     0.17474	1
42	-1.30941679083097	287	42	   -0.245377	    0.692869	     0.82526	     0.17474	1
42	-0.574726308077297	288	42	   -0.245377	    0.692869	     0.82526	     0.17474	1
42	0.894174394653701	289	42	   -0.245377	    0.692869	     0.82526	     0.17474	1
42	0.412262071284221	290	42	   -0.245377	    0.692869	     0.82526	     0.17474	1
43	-1.12340486568448	291	43	   -0.327035	     0.24154	 0.000705628	    0.999294	2
43	-0.85255688632253	292	43	   -0.327035	     0.24154	 0.000705628	    0.999294	2
43	-2.50193705903898	293	43	   -0.327035	     0.24154	 0.000705628	    0.999294	2
43	-1.83396955945356	294	43	   -0.327035	     0.24154	 0.000705628	    0.999294	2
43	-1.3370710170105	295	43	   -0.327035	     0.24154	 0.000705628	    0.999294	2
43	-1.00538102283149	296	43	   -0.327035	     0.24154	 0.000705628	    0.999294	2
43	-2.13840351396507	297	43	   -0.327035	     0.24154	 0.000705628	    0.999294	2
43	-0.64753954297772	298	43	   -0.327035	     0.24154	 0.000705628	    0.999294	2
44	-0.962832831194028	299	44	   -0.635992	    0.217043	   7.231e-05	    0.999928	2
44	-2.6618794707846	300	44	   -0.635992	    0.217043	   7.231e-05	    0.999928	2
44	-1.40757075581272	301	44	   -0.635992	    0.217043	   7.231e-05	    0.999928	2
44	-2.53309601830745	302	44	   -0.635992	    0.217043	   7.231e-05	    0.999928	2
44	-1.45552854299451	303	44	   -0.635992	    0.217043	   7.231e-05	    0.999928	2
44	-1.20886127770923	304	44	   -0.635992	    0.217043	   7.231e-05	    0.999928	2
44	-2.482711145116	305	44	   -0.635992	    0.217043	   7.231e-05	    0.999928	2
44	-1.13206736874925	306	44	   -0.635992	    0.217043	   7.231e-05	    0.999928	2
44	-2.19395827197419	307	44	   -0.635992	    0.217043	   7.231e-05	    0.999928	2
44	-1.68684042377406	308	44	   -0.635992	    0.217043	   7.231e-05	    0.999928	2
45	-0.139418509833564	309	45	   -0.253127	    0.606028	    0.884847	    0.115153	1
45	-0.0251343582778666	310	45	   -0.253127	    0.606028	    0.884847	    0.115153	1
45	-0.67393865625969	311	45	   -0.253127	    0.606028	    0.884847	    0.115153	1
45	1.9933408145224	312	45	   -0.253127	    0.606028	    0.884847	    0.115153	1
46	-1.44647276058868	313	46	  -0.0692234	    0.276534	  0.00237747	    0.997623	2
46	-1.12623226320415	314	46	  -0.0692234	    0.276534	  0.00237747	    0.997623	2
46	-0.714685308138427	315	46	  -0.0692234	    0.276534	  0.00237747	    0.997623	2
46	-1.57577137641721	316	46	  -0.0692234	    0.276534	  0.00237747	    0.997623	2
46	-1.32703868001817	317	46	  -0.0692234	    0.276534	  0.00237747	    0.997623	2
46	-0.575084872463633	318	46	  -0.0692234	    0.276534	  0.00237747	    0.997623	2
47	-0.582834524520131	319	47	   0.0168017	    0.449742	   0.0687678	    0.931232	2
47	0.397665084586003	320	47	   0.0168017	    0.449742	   0.0687678	    0.931232	2
47	-1.1685761263207	321	47	   0.0168017	    0.449742	   0.0687678	    0.931232	2
47	-1.44933054241604	322	47	   0.0168017	    0.449742	   0.0687678	    0.931232	2
47	0.212552374452762	323	47	   0.0168017	    0.449742	   0.0687678	    0.931232	2
47	-1.29235810834396	324	47	   0.0168017	    0.449742	   0.0687678	    0.931232	2
47	-0.462294475148016	325	47	   0.0168017	    0.449742	   0.0687678	    0.931232	2
47	-2.89855467432234	326	47	   0.0168017	    0.449742	   0.0687678	    0.931232	2
48	-2.05548474888796	327	48	   -0.318884	    0.865525	    0.587651	    0.412349	1
48	0.940256810311799	328	48	   -0.318884	    0.865525	    0.587651	    0.412349	1
48	-1.34610681592223	329	48	   -0.318884	    0.865525	    0.587651	    0.412349	1
48	0.690527591650215	330	48	   -0.318884	    0.865525	    0.587651	    0.412349	1
48	-0.17688019914205	331	48	   -0.318884	    0.865525	    0.587651	    0.412349	1
48	1.28459930679337	332	48	   -0.318884	    0.865525	    0.587651	    0.412349	1
48	-0.463203205166657	333	48	   -0.318884	    0.865525	    0.587651	    0.412349	1
48	0.0829396563047993	334	48	   -0.318884	    0.865525	    0.587651	    0.412349	1
48	-1.175083184714	335	48	   -0.318884	    0.865525	    0.587651	    0.412349	1
48	-0.701351180421715	336	48	   -0.318884	    0.865525	    0.587651	    0.412349	1
49	2.03113453259157	337	49	  -0.0309655	    0.441015	     0.99259	  0.00740968	1
49	0.273680342371012	338	49	  -0.0309655	    0.441015	     0.99259	  0.00740968	1
49	1.98364925159597	339	49	  -0.0309655	    0.441015	     0.99259	  0.00740968	1
49	-0.312250307209385	340	49	  -0.0309655	    0.441015	     0.99259	  0.00740968	1
50	-0.589148698991386	341	50	    0.343489	    0.640335	    0.186112	    0.813888	2
50	0.581880911786952	342	50	    0.343489	    0.640335	    0.186112	    0.813888	2
50	0.00477337967698588	343	50	    0.343489	    0.640335	    0.186112	    0.813888	2
50	-0.31435908640314	344	50	    0.343489	    0.640335	    0.186112	    0.813888	2
50	0.341650818533451	345	50	    0.343489	    0.640335	    0.186112	    0.813888	2
50	-1.72052281875596	346	50	    0.343489	    0.640335	    0.186112	    0.813888	2
51	1.89158618654918	347	51	    0.836071	    0.341058	    0.999988	 1.17441e-05	1
51	2.60298071640275	348	51	    0.836071	    0.341058	    0.999988	 1.17441e-05	1
51	2.62648011924942	349	51	    0.836071	    0.341058	    0.999988	 1.17441e-05	1
51	3.36016694519418	350	51	    0.836071	    0.341058	    0.999988	 1.17441e-05	1
51	1.78618527676151	351	51	    0.836071	    0.341058	    0.999988	 1.17441e-05	1
51	2.34230907771447	352	51	    0.836071	    0.341058	    0.999988	 1.17441e-05	1
51	3.2687312632616	353	51	    0.836071	    0.341058	    0.999988	 1.17441e-05	1
51	0.410539902634066	354	51	    0.836071	    0.341058	    0.999988	 1.17441e-05	1
52	-0.806165389858891	355	52	    0.267624	    0.233863	  0.00295643	    0.997044	2
52	-0.775205825815247	356	52	    0.267624	    0.233863	  0.00295643	    0.997044	2
52	0.203745553267323	357	52	    0.267624	    0.233863	  0.00295643	    0.997044	2
52	-0.449017914503664	358	52	    0.267624	    0.233863	  0.00295643	    0.997044	2
52	-1.21961066499139	359	52	    0.267624	    0.233863	  0.00295643	    0.997044	2
52	-1.86354526452649	360	52	    0.267624	    0.233863	  0.00295643	    0.997044	2
52	-0.342979401143489	361	52	    0.267624	    0.233863	  0.00295643	    0.997044	2
52	-0.439679661322706	362	52	    0.267624	    0.233863	  0.00295643	    0.997044	2
52	-0.888380489309954	363	52	    0.267624	    0.233863	  0.00295643	    0.997044	2
52	-0.762649540031936	364	52	    0.267624	    0.233863	  0.00295643	    0.997044	2
53	0.436321461959537	365	53	  -0.0141533	    0.458179	    0.985797	   0.0142027	1
53	1.94125370651368	366	53	  -0.0141533	    0.458179	    0.985797	   0.0142027	1
53	-0.113224994688056	367	53	  -0.0141533	    0.458179	    0.985797	   0.0142027	1
53	1.75957170370673	368	53	  -0.0141533	    0.458179	    0.985797	   0.0142027	1
54	0.180608577527428	369	54	    0.164491	    0.825697	    0.466761	    0.533239	2
54	0.934047966129631	370	54	    0.164491	    0.825697	    0.466761	    0.533239	2
54	-1.32887801640475	371	54	    0.164491	    0.825697	    0.466761	    0.533239	2
54	0.688022352936999	372	54	    0.164491	    0.825697	    0.466761	    0.533239	2
54	0.284869536608318	373	54	    0.164491	    0.825697	    0.466761	    0.533239	2
54	-0.526536643186091	374	54	    0.164491	    0.825697	    0.466761	    0.533239	2
55	0.468730720136225	375	55	   -0.245699	    0.755019	    0.784044	    0.215956	1
55	-0.0388945105991983	376	55	   -0.245699	    0.755019	    0.784044	    0.215956	1
55	0.443595545270833	377	55	   -0.245699	    0.755019	    0.784044	    0.215956	1
55	1.64203547584142	378	55	   -0.245699	    0.755019	    0.784044	    0.215956	1
55	-1.30429640659154	379	55	   -0.245699	    0.755019	    0.784044	    0.215956	1
55	-0.317664014222519	380	55	   -0.245699	    0.755019	    0.784044	    0.215956	1
55	-0.54002860747867	381	55	   -0.245699	    0.755019	    0.784044	    0.215956	1
55	1.23847702411198	382	55	   -0.245699	    0.755019	    0.784044	    0.215956	1
56	-0.817307329356864	383	56	  -0.0352421	    0.314915	    0.999999	 1.44092e-06	1
56	3.17968053241322	384	56	  -0.0352421	    0.314915	    0.999999	 1.44092e-06	1
56	-0.0117215602904043	385	56	  -0.0352421	    0.314915	    0.999999	 1.44092e-06	1
56	0.586683397821384	386	56	  -0.0352421	    0.314915	    0.999999	 1.44092e-06	1
56	2.08605356191193	387	56	  -0.0352421	    0.314915	    0.999999	 1.44092e-06	1
56	0.719367798430729	388	56	  -0.0352421	    0.314915	    0.999999	 1.44092e-06	1
56	3.90134674330743	389	56	  -0.0352421	    0.314915	    0.999999	 1.44092e-06	1
56	-0.780565636396444	390	56	  -0.0352421	    0.314915	    0.999999	 1.44092e-06	1
56	0.253095514458864	391	56	  -0.0352421	    0.314915	    0.999999	 1.44092e-06	1
56	1.14991688215005	392	56	  -0.0352421	    0.314915	    0.999999	 1.44092e-06	1
57	-0.147057234255151	393	57	    0.235824	    0.424686	    0.998934	  0.00106576	1
57	1.91501867891794	394	57	    0.235824	    0.424686	    0.998934	  0.00106576	1
57	2.05441671452204	395	57	    0.235824	    0.424686	    0.998934	  0.00106576	1
57	2.25314304512168	396	57	    0.235824	    0.424686	    0.998934	  0.00106576	1
58	0.326708889893787	397	58	   -0.302405	    0.785595	    0.626108	    0.373892	1
58	-0.84226764572651	398	58	   -0.302405	    0.785595	    0.626108	    0.373892	1
58	1.03642929984264	399	58	   -0.302405	    0.785595	    0.626108	    0.373892	1
58	-1.07667589508818	400	58	   -0.302405	    0.785595	    0.626108	    0.373892	1
58	0.788209087304135	401	58	   -0.302405	    0.785595	    0.626108	    0.373892	1
58	-1.93944845537271	402	58	   -0.302405	    0.785595	    0.626108	    0.373892	1
59	-1.01627251346726	403	59	    0.179942	      0.3411	    0.999977	 2.25703e-05	1
59	2.58772647025255	404	59	    0.179942	      0.3411	    0.999977	 2.25703e-05	1
59	-0.0739500001990181	405	59	    0.179942	      0.3411	    0.999977	 2.25703e-05	1
59	0.401109672588971	406	59	    0.179942	      0.3411	    0.999977	 2.25703e-05	1
59	2.77657391034902	407	59	    0.179942	      0.3411	    0.999977	 2.25703e-05	1
59	1.49567494244111	408	59	    0.179942	      0.3411	    0.999977	 2.25703e-05	1
59	2.24700429042124	409	59	    0.179942	      0.3411	    0.999977	 2.25703e-05	1
59	2.2642661103411	410	59	    0.179942	      0.3411	    0.999977	 2.25703e-05	1
60	-0.157077412575148	411	60	   -0.474761	    0.345521	    0.993337	  0.00666255	1
60	2.41145487465854	412	60	   -0.474761	    0.345521	    0.993337	  0.00666255	1
60	1.99682024862767	413	60	   -0.474761	    0.345521	    0.993337	  0.00666255	1
60	0.476588765651371	414	60	   -0.474761	    0.345521	    0.993337	  0.00666255	1
60	-0.866408608758436	415	60	   -0.474761	    0.345521	    0.993337	  0.00666255	1
60	0.0212614284198016	416	60	   -0.474761	    0.345521	    0.993337	  0.00666255	1
60	-0.292490659045098	417	60	   -0.474761	    0.345521	    0.993337	  0.00666255	1
60	-1.31903676503915	418	60	   -0.474761	    0.345521	    0.993337	  0.00666255	1
60	1.25780661116648	419	60	   -0.474761	    0.345521	    0.993337	  0.00666255	1
60	0.603547460642263	420	60	   -0.474761	    0.345521	    0.993337	  0.00666255	1
61	0.256292107076434	421	61	   0.0182226	    0.422565	    0.999565	 0.000434818	1
61	2.76033605846935	422	61	   0.0182226	    0.422565	    0.999565	 0.000434818	1
61	-0.830694568447305	423	61	   0.0182226	    0.422565	    0.999565	 0.000434818	1
61	2.24551100853946	424	61	   0.0182226	    0.422565	    0.999565	 0.000434818	1
62	-1.42922820998179	425	62	   -0.242039	    0.401926	    0.991887	  0.00811297	1
62	1.97856645524085	426	62	   -0.242039	    0.401926	    0.991887	  0.00811297	1
62	0.995807263825798	427	62	   -0.242039	    0.401926	    0.991887	  0.00811297	1
62	0.11973928399796	428	62	   -0.242039	    0.401926	    0.991887	  0.00811297	1
62	0.634591881198078	429	62	   -0.242039	    0.401926	    0.991887	  0.00811297	1
62	1.69851899308205	430	62	   -0.242039	    0.401926	    0.991887	  0.00811297	1
63	-1.7416573139789	431	63	   -0.222941	    0.247011	  0.00197404	    0.998026	2
63	-0.0818211216354698	432	63	   -0.222941	    0.247011	  0.00197404	    0.998026	2
63	-2.30322108592122	433	63	   -0.222941	    0.247011	  0.00197404	    0.998026	2
63	-1.32787048656414	434	63	   -0.222941	    0.247011	  0.00197404	    0.998026	2
63	-0.837613864673872	435	63	   -0.222941	    0.247011	  0.00197404	    0.998026	2
63	-1.85753757635008	436	63	   -0.222941	    0.247011	  0.00197404	    0.998026	2
63	-0.51999394912701	437	63	   -0.222941	    0.247011	  0.00197404	    0.998026	2
63	-1.77173512366024	438	63	   -0.222941	    0.247011	  0.00197404	    0.998026	2
64	-0.923794521615892	439	64	    -0.43009	    0.217048	 7.08649e-05	    0.999929	2
64	-1.74309626058315	440	64	    -0.43009	    0.217048	 7.08649e-05	    0.999929	2
64	-1.36244800026374	441	64	    -0.43009	    0.217048	 7.08649e-05	    0.999929	2
64	-2.04877614229016	442	64	    -0.43009	    0.217048	 7.08649e-05	    0.999929	2
64	-1.61272345964894	443	64	    -0.43009	    0.217048	 7.08649e-05	    0.999929	2
64	-1.31920640747269	444	64	    -0.43009	    0.217048	 7.08649e-05	    0.999929	2
64	-1.12808646545446	445	64	    -0.43009	    0.217048	 7.08649e-05	    0.999929	2
64	-2.33905257430761	446	64	    -0.43009	    0.217048	 7.08649e-05	    0.999929	2
64	-1.89388017987265	447	64	    -0.43009	    0.217048	 7.08649e-05	    0.999929	2
64	-1.00078546125291	448	64	    -0.43009	    0.217048	 7.08649e-05	    0.999929	2
65	-0.877260470868102	449	65	    -0.27274	    0.524691	    0.946814	   0.0531857	1
65	-0.271698391959545	450	65	    -0.27274	    0.524691	    0.946814	   0.0531857	1
65	0.811919649671519	451	65	    -0.27274	    0.524691	    0.946814	   0.0531857	1
65	1.98967220580431	452	65	    -0.27274	    0.524691	    0.946814	   0.0531857	1
66	1.68839430470523	453	66	  -0.0873018	    0.377155	    0.999376	 0.000624012	1
66	-0.98607402097057	454	66	  -0.0873018	    0.377155	    0.999376	 0.000624012	1
66	2.31473111779476	455	66	  -0.0873018	    0.377155	    0.999376	 0.000624012	1
66	-0.189352437939114	456	66	  -0.0873018	    0.377155	    0.999376	 0.000624012	1
66	2.44274957570006	457	66	  -0.0873018	    0.377155	    0.999376	 0.000624012	1
66	0.329336642250873	458	66	  -0.0873018	    0.377155	    0.999376	 0.000624012	1
67	1.89056684725507	459	67	    0.309511	    0.341462	    0.999906	 9.37871e-05	1
67	1.18696981379708	460	67	    0.309511	    0.341462	    0.999906	 9.37871e-05	1
67	3.07239230818619	461	67	    0.309511	    0.341462	    0.999906	 9.37871e-05	1
67	1.10308127447107	462	67	    0.309511	    0.341462	    0.999906	 9.37871e-05	1
67	-0.227291139363002	463	67	    0.309511	    0.341462	    0.999906	 9.37871e-05	1
67	0.329918585004911	464	67	    0.309511	    0.341462	    0.999906	 9.37871e-05	1
67	1.83839186490924	465	67	    0.309511	    0.341462	    0.999906	 9.37871e-05	1
67	2.98866950731435	466	67	    0.309511	    0.341462	    0.999906	 9.37871e-05	1
68	-0.600656567253677	467	68	    0.428441	    0.565341	    0.109182	    0.890818	2
68	-0.463822445010849	468	68	    0.428441	    0.565341	    0.109182	    0.890818	2
68	0.526132408075013	469	68	    0.428441	    0.565341	    0.109182	    0.890818	2
68	-1.48521322432248	470	68	    0.428441	    0.565341	    0.109182	    0.890818	2
68	0.318066414260358	471	68	    0.428441	    0.565341	    0.109182	    0.890818	2
68	0.193415134480036	472	68	    0.428441	    0.565341	    0.109182	    0.890818	2
68	-1.64732491579936	473	68	    0.428441	    0.565341	    0.109182	    0.890818	2
68	0.830826703753563	474	68	    0.428441	    0.565341	    0.109182	    0.890818	2
68	-0.170343179060375	475	68	    0.428441	    0.565341	    0.109182	    0.890818	2
68	-0.992936609858577	476	68	    0.428441	    0.565341	    0.109182	    0.890818	2
69	0.711315647483652	477	69	  -0.0310756	    0.547933	    0.940929	   0.0590713	1
69	0.704564090600967	478	69	  -0.0310756	    0.547933	    0.940929	   0.0590713	1
69	0.122432845204437	479	69	  -0.0310756	    0.547933	    0.940929	   0.0590713	1
69	1.84502733602097	480	69	  -0.0310756	    0.547933	    0.940929	   0.0590713	1
70	-0.563784405008398	481	70	    0.384116	    0.407293	   0.0465582	    0.953442	2
70	-0.472557849656817	482	70	    0.384116	    0.407293	   0.0465582	    0.953442	2
70	0.59399109701654	483	70	    0.384116	    0.407293	   0.0465582	    0.953442	2
70	-0.955891912392329	484	70	    0.384116	    0.407293	   0.0465582	    0.953442	2
70	-1.25908299926282	485	70	    0.384116	    0.407293	   0.0465582	    0.953442	2
70	-0.268579437225681	486	70	    0.384116	    0.407293	   0.0465582	    0.953442	2
71	-1.5729912168855	487	71	   0.0343626	    0.250208	  0.00256873	    0.997431	2
71	-1.02543867289334	488	71	   0.0343626	    0.250208	  0.00256873	    0.997431	2
71	-0.713286657457509	489	71	   0.0343626	    0.250208	  0.00256873	    0.997431	2
71	-0.273971777629375	490	71	   0.0343626	    0.250208	  0.00256873	    0.997431	2
71	-0.0775937003575045	491	71	   0.0343626	    0.250208	  0.00256873	    0.997431	2
71	-1.58513728242778	492	71	   0.0343626	    0.250208	  0.00256873	    0.997431	2
71	-1.39812246323548	493	71	   0.0343626	    0.250208	  0.00256873	    0.997431	2
71	-1.35921065895419	494	71	   0.0343626	    0.250208	  0.00256873	    0.997431	2
72	0.844506233258938	495	72	     0.86654	     0.53805	   0.0880151	    0.911985	2
72	-0.463666878290442	496	72	     0.86654	     0.53805	   0.0880151	    0.911985	2
72	0.672340736529208	497	72	     0.86654	     0.53805	   0.0880151	    0.911985	2
72	0.591247054333739	498	72	     0.86654	     0.53805	   0.0880151	    0.911985	2
72	-0.317391675648096	499	72	     0.86654	     0.53805	   0.0880151	    0.911985	2
72	0.35990205604134	500	72	     0.86654	     0.53805	   0.0880151	    0.911985	2
72	0.35299631072795	501	72	     0.86654	     0.53805	   0.0880151	    0.911985	2
72	-0.194941127906438	502	72	     0.86654	     0.53805	   0.0880151	    0.911985	2
72	-0.415376239504993	503	72	     0.86654	     0.53805	   0.0880151	    0.911985	2
72	-0.248953911452263	504	72	     0.86654	     0.53805	   0.0880151	    0.911985	2
73	-3.27112544782545	505	73	   -0.952903	     0.31575	  0.00109136	    0.998909	2
73	-2.81122807339777	506	73	   -0.952903	     0.31575	  0.00109136	    0.998909	2
73	-1.2917464276643	507	73	   -0.952903	     0.31575	  0.00109136	    0.998909	2
73	-1.97852891042407	508	73	   -0.952903	     0.31575	  0.00109136	    0.998909	2
74	1.14964583663495	509	74	    0.424366	    0.376717	    0.999575	 0.000424622	1
74	2.70186025338778	510	74	    0.424366	    0.376717	    0.999575	 0.000424622	1
74	0.651850979273919	511	74	    0.424366	    0.376717	    0.999575	 0.000424622	1
74	2.14045458172081	512	74	    0.424366	    0.376717	    0.999575	 0.000424622	1
74	2.71088169051949	513	74	    0.424366	    0.376717	    0.999575	 0.000424622	1
74	1.15624105753362	514	74	    0.424366	    0.376717	    0.999575	 0.000424622	1
75	-1.18918470345241	515	75	   -0.370102	     0.35887	    0.995623	  0.00437707	1
75	1.86734532164512	516	75	   -0.370102	     0.35887	    0.995623	  0.00437707	1
75	0.360610568226203	517	75	   -0.370102	     0.35887	    0.995623	  0.00437707	1
75	0.235184915130507	518	75	   -0.370102	     0.35887	    0.995623	  0.00437707	1
75	-1.25197555275145	519	75	   -0.370102	     0.35887	    0.995623	  0.00437707	1
75	1.37871730088542	520	75	   -0.370102	     0.35887	    0.995623	  0.00437707	1
75	2.06927417199856	521	75	   -0.370102	     0.35887	    0.995623	  0.00437707	1
75	0.74900132673066	522	75	   -0.370102	     0.35887	    0.995623	  0.00437707	1
76	-1.79545697587187	523	76	   -0.661445	    0.216847	 3.47029e-05	    0.999965	2
76	-2.51735769733544	524	76	   -0.661445	    0.216847	 3.47029e-05	    0.999965	2
76	-0.724294373363318	525	76	   -0.661445	    0.216847	 3.47029e-05	    0.999965	2
76	-2.57860947415526	526	76	   -0.661445	    0.216847	 3.47029e-05	    0.999965	2
76	-1.85236418393958	527	76	   -0.661445	    0.216847	 3.47029e-05	    0.999965	2
76	-1.39967099064212	528	76	   -0.661445	    0.216847	 3.47029e-05	    0.999965	2
76	-1.76744025905986	529	76	   -0.661445	    0.216847	 3.47029e-05	    0.999965	2
76	-1.52841971118837	530	76	   -0.661445	    0.216847	 3.47029e-05	    0.999965	2
76	-1.82549069316107	531	76	   -0.661445	    0.216847	 3.47029e-05	    0.999965	2
76	-2.02785525899558	532	76	   -0.661445	    0.216847	 3.47029e-05	    0.999965	2
77	2.3223618863864	533	77	    0.152707	    0.438962	    0.993996	  0.00600353	1
77	0.475838560931675	534	77	    0.152707	    0.438962	    0.993996	  0.00600353	1
77	1.6771372927842	535	77	    0.152707	    0.438962	    0.993996	  0.00600353	1
77	0.908669590471836	536	77	    0.152707	    0.438962	    0.993996	  0.00600353	1
78	2.68399630065251	537	78	    0.369604	    0.376073	    0.999717	 0.000282541	1
78	2.2413990158741	538	78	    0.369604	    0.376073	    0.999717	 0.000282541	1
78	1.62211238089889	539	78	    0.369604	    0.376073	    0.999717	 0.000282541	1
78	-0.120981434244842	540	78	    0.369604	    0.376073	    0.999717	 0.000282541	1
78	2.41151072190545	541	78	    0.369604	    0.376073	    0.999717	 0.000282541	1
78	1.15010616938503	542	78	    0.369604	    0.376073	    0.999717	 0.000282541	1
79	1.4898313405278	543	79	   0.0446954	    0.499236	    0.955757	   0.0442432	1
79	0.851436163388713	544	79	   0.0446954	    0.499236	    0.955757	   0.0442432	1
79	1.14290841557902	545	79	   0.0446954	    0.499236	    0.955757	   0.0442432	1
79	2.05361130755326	546	79	   0.0446954	    0.499236	    0.955757	   0.0442432	1
79	-0.170938444581758	547	79	   0.0446954	    0.499236	    0.955757	   0.0442432	1
79	0.881282054548956	548	79	   0.0446954	    0.499236	    0.955757	   0.0442432	1
79	0.801128518999481	549	79	   0.0446954	    0.499236	    0.955757	   0.0442432	1
79	1.14694458969615	550	79	   0.0446954	    0.499236	    0.955757	   0.0442432	1
80	-0.430739193039943	551	80	   -0.344813	    0.488861	    0.952514	   0.0474862	1
80	0.535181518258979	552	80	   -0.344813	    0.488861	    0.952514	   0.0474862	1
80	1.35261063704696	553	80	   -0.344813	    0.488861	    0.952514	   0.0474862	1
80	0.0922505332229429	554	80	   -0.344813	    0.488861	    0.952514	   0.0474862	1
80	1.46055445611067	555	80	   -0.344813	    0.488861	    0.952514	   0.0474862	1
80	-1.02388883048841	556	80	   -0.344813	    0.488861	    0.952514	   0.0474862	1
80	1.9720913285727	557	80	   -0.344813	    0.488861	    0.952514	   0.0474862	1
80	-0.47650727164568	558	80	   -0.344813	    0.488861	    0.952514	   0.0474862	1
80	0.259979045389173	559	80	   -0.344813	    0.488861	    0.952514	   0.0474862	1
80	1.17208398234887	560	80	   -0.344813	    0.488861	    0.952514	   0.0474862	1
81	-0.63340494945248	561	81	   0.0531542	    0.420089	   0.0585329	    0.941467	2
81	-2.03691814784701	562	81	   0.0531542	    0.420089	   0.0585329	    0.941467	2
81	0.206630390068414	563	81	   0.0531542	    0.420089	   0.0585329	    0.941467	2
81	-1.06440563543355	564	81	   0.0531542	    0.420089	   0.0585329	    0.941467	2
82	-0.792430475900946	565	82	    0.300374	    0.711055	    0.255378	    0.744622	2
82	-1.33636105429234	566	82	    0.300374	    0.711055	    0.255378	    0.744622	2
82	1.02482221632357	567	82	    0.300374	    0.711055	    0.255378	    0.744622	2
82	-0.0975312649399089	568	82	    0.300374	    0.711055	    0.255378	    0.744622	2
82	0.400556843909195	569	82	    0.300374	    0.711055	    0.255378	    0.744622	2
82	-0.434646843996121	570	82	    0.300374	    0.711055	    0.255378	    0.744622	2
83	-2.7548451962402	571	83	   -0.930091	    0.238695	 3.67104e-05	    0.999963	2
83	-1.92736295785839	572	83	   -0.930091	    0.238695	 3.67104e-05	    0.999963	2
83	-1.56044848763449	573	83	   -0.930091	    0.238695	 3.67104e-05	    0.999963	2
83	-2.75626466409197	574	83	   -0.930091	    0.238695	 3.67104e-05	    0.999963	2
83	-1.63184356679753	575	83	   -0.930091	    0.238695	 3.67104e-05	    0.999963	2
83	-1.51070507185632	576	83	   -0.930091	    0.238695	 3.67104e-05	    0.999963	2
83	-2.12550281924361	577	83	   -0.930091	    0.238695	 3.67104e-05	    0.999963	2
83	-2.86941335654599	578	83	   -0.930091	    0.238695	 3.67104e-05	    0.999963	2
84	-0.536235532739732	579	84	    0.480814	     0.45953	    0.062861	    0.937139	2
84	-0.243221827663157	580	84	    0.480814	     0.45953	    0.062861	    0.937139	2
84	-1.63700517358685	581	84	    0.480814	     0.45953	    0.062861	    0.937139	2
84	0.40795120999912	582	84	    0.480814	     0.45953	    0.062861	    0.937139	2
84	-0.678837920148788	583	84	    0.480814	     0.45953	    0.062861	    0.937139	2
84	0.888746278683179	584	84	    0.480814	     0.45953	    0.062861	    0.937139	2
84	-0.0304225683776099	585	84	    0.480814	     0.45953	    0.062861	    0.937139	2
84	0.223276620104374	586	84	    0.480814	     0.45953	    0.062861	    0.937139	2
84	-0.835377010443359	587	84	    0.480814	     0.45953	    0.062861	    0.937139	2
84	-1.33206904182319	588	84	    0.480814	     0.45953	    0.062861	    0.937139	2
85	-0.988593507066243	589	85	    0.205165	    0.386572	   0.0351762	    0.964824	2
85	-1.24859078050833	590	85	    0.205165	    0.386572	   0.0351762	    0.964824	2
85	-0.239198173965123	591	85	    0.205165	    0.386572	   0.0351762	    0.964824	2
85	-0.365343304688305	592	85	    0.205165	    0.386572	   0.0351762	    0.964824	2
86	1.89614548390366	593	86	    0.342399	    0.376139	      0.9997	 0.000300337	1
86	1.79234643409938	594	86	    0.342399	    0.376139	      0.9997	 0.000300337	1
86	0.502027374233277	595	86	    0.342399	    0.376139	      0.9997	 0.000300337	1
86	2.74267567442839	596	86	    0.342399	    0.376139	      0.9997	 0.000300337	1
86	0.185301589344726	597	86	    0.342399	    0.376139	      0.9997	 0.000300337	1
86	2.60836822387234	598	86	    0.342399	    0.376139	      0.9997	 0.000300337	1
87	0.00010555548223623	599	87	   -0.672559	    0.391121	    0.985824	   0.0141757	1
87	0.0183340584813059	600	87	   -0.672559	    0.391121	    0.985824	   0.0141757	1
87	-1.88019893537035	601	87	   -0.672559	    0.391121	    0.985824	   0.0141757	1
87	2.17612230820674	602	87	   -0.672559	    0.391121	    0.985824	   0.0141757	1
87	1.00210438520379	603	87	   -0.672559	    0.391121	    0.985824	   0.0141757	1
87	1.04564489613592	604	87	   -0.672559	    0.391121	    0.985824	   0.0141757	1
87	-0.315752161996548	605	87	   -0.672559	    0.391121	    0.985824	   0.0141757	1
87	-1.5163256465174	606	87	   -0.672559	    0.391121	    0.985824	   0.0141757	1
88	-0.116767735126946	607	88	    0.266203	    0.464954	   0.0677594	    0.932241	2
88	1.24295398687295	608	88	    0.266203	    0.464954	   0.0677594	    0.932241	2
88	-0.973227077795582	609	88	    0.266203	    0.464954	   0.0677594	    0.932241	2
88	0.174279724698983	610	88	    0.266203	    0.464954	   0.0677594	    0.932241	2
88	-1.88510858630031	611	88	    0.266203	    0.464954	   0.0677594	    0.932241	2
88	-1.52477802848006	612	88	    0.266203	    0.464954	   0.0677594	    0.932241	2
88	-0.361359297975838	613	88	    0.266203	    0.464954	   0.0677594	    0.932241	2
88	-1.37502682469904	614	88	    0.266203	    0.464954	   0.0677594	    0.932241	2
88	-0.638113079606921	615	88	    0.266203	    0.464954	   0.0677594	    0.932241	2
88	-0.702359780881162	616	88	    0.266203	    0.464954	   0.0677594	    0.932241	2
89	-0.922812423361702	617	89	   -0.424362	    0.320005	  0.00333918	    0.996661	2
89	-2.28008187346865	618	89	   -0.424362	    0.320005	  0.00333918	    0.996661	2
89	-1.97754667798048	619	89	   -0.424362	    0.320005	  0.00333918	    0.996661	2
89	-1.28877669105346	620	89	   -0.424362	    0.320005	  0.00333918	    0.996661	2
90	-0.86767478982909	621	90	    0.380997	    0.450906	   0.0659687	    0.934031	2
90	-0.0736244617064556	622	90	    0.380997	    0.450906	   0.0659687	    0.934031	2
90	-0.887108238498513	623	90	    0.380997	    0.450906	   0.0659687	    0.934031	2
90	0.802862178015085	624	90	    0.380997	    0.450906	   0.0659687	    0.934031	2
90	-1.05458591739379	625	90	    0.380997	    0.450906	   0.0659687	    0.934031	2
90	-0.660280564000851	626	90	    0.380997	    0.450906	   0.0659687	    0.934031	2
91	2.04001729330738	627	91	   0.0103371	    0.353571	    0.997244	  0.00275552	1
91	2.05171364292233	628	91	   0.0103371	    0.353571	    0.997244	  0.00275552	1
91	1.37842492957577	629	91	   0.0103371	    0.353571	    0.997244	  0.00275552	1
91	0.425533936364954	630	91	   0.0103371	    0.353571	    0.997244	  0.00275552	1
91	1.70112844602912	631	91	   0.0103371	    0.353571	    0.997244	  0.00275552	1
91	1.31005617642864	632	91	   0.0103371	    0.353571	    0.997244	  0.00275552	1
91	0.78334510092277	633	91	   0.0103371	    0.353571	    0.997244	  0.00275552	1
91	-1.0313633610428	634	91	   0.0103371	    0.353571	    0.997244	  0.00275552	1
92	3.793204357548	635	92	    0.508392	    0.314952	    0.999993	 7.40453e-06	1
92	0.320325207333789	636	92	    0.508392	    0.314952	    0.999993	 7.40453e-06	1
92	3.0325788634675	637	92	    0.508392	    0.314952	    0.999993	 7.40453e-06	1
92	1.36416732277878	638	92	    0.508392	    0.314952	    0.999993	 7.40453e-06	1
92	0.463780205825245	639	92	    0.508392	    0.314952	    0.999993	 7.40453e-06	1
92	1.37019768882326	640	92	    0.508392	    0.314952	    0.999993	 7.40453e-06	1
92	0.830445006680698	641	92	    0.508392	    0.314952	    0.999993	 7.40453e-06	1
92	1.09687998487285	642	92	    0.508392	    0.314952	    0.999993	 7.40453e-06	1
92	3.02210943623656	643	92	    0.508392	    0.314952	    0.999993	 7.40453e-06	1
92	2.3624277100893	644	92	    0.508392	    0.314952	    0.999993	 7.40453e-06	1
93	-0.443355639640036	645	93	    0.346193	    0.748855	    0.373054	    0.626946	2
93	0.504665989416511	646	93	    0.346193	    0.748855	    0.373054	    0.626946	2
93	0.531131360823601	647	93	    0.346193	    0.748855	    0.373054	    0.626946	2
93	-0.139797633038214	648	93	    0.346193	    0.748855	    0.373054	    0.626946	2
94	0.113008774408688	649	94	    -0.30795	    0.396941	    0.993278	  0.00672205	1
94	3.08327199809285	650	94	    -0.30795	    0.396941	    0.993278	  0.00672205	1
94	-0.729808755558721	651	94	    -0.30795	    0.396941	    0.993278	  0.00672205	1
94	0.170783397709429	652	94	    -0.30795	    0.396941	    0.993278	  0.00672205	1
94	0.0140483843838675	653	94	    -0.30795	    0.396941	    0.993278	  0.00672205	1
94	0.737438277464524	654	94	    -0.30795	    0.396941	    0.993278	  0.00672205	1
95	2.38301136338548	655	95	    0.166791	    0.343667	    0.999447	 0.000553238	1
95	1.62723435305628	656	95	    0.166791	    0.343667	    0.999447	 0.000553238	1
95	1.07555807533085	657	95	    0.166791	    0.343667	    0.999447	 0.000553238	1
95	0.340911555822822	658	95	    0.166791	    0.343667	    0.999447	 0.000553238	1
95	-0.760508728859817	659	95	    0.166791	    0.343667	    0.999447	 0.000553238	1
95	1.98455700954891	660	95	    0.166791	    0.343667	    0.999447	 0.000553238	1
95	1.4542556148604	661	95	    0.166791	    0.343667	    0.999447	 0.000553238	1
95	2.41335503332091	662	95	    0.166791	    0.343667	    0.999447	 0.000553238	1
96	0.575635012953051	663	96	    0.245048	    0.316504	    0.999717	 0.000283038	1
96	2.91138721116704	664	96	    0.245048	    0.316504	    0.999717	 0.000283038	1
96	0.230632360225567	665	96	    0.245048	    0.316504	    0.999717	 0.000283038	1
96	1.47291295389926	666	96	    0.245048	    0.316504	    0.999717	 0.000283038	1
96	1.65080895196046	667	96	    0.245048	    0.316504	    0.999717	 0.000283038	1
96	2.72849537705187	668	96	    0.245048	    0.316504	    0.999717	 0.000283038	1
96	0.00741372441295729	669	96	    0.245048	    0.316504	    0.999717	 0.000283038	1
96	2.30859495706005	670	96	    0.245048	    0.316504	    0.999717	 0.000283038	1
96	0.483115455407535	671	96	    0.245048	    0.316504	    0.999717	 0.000283038	1
96	1.70031177021012	672	96	    0.245048	    0.316504	    0.999717	 0.000283038	1
97	-0.911140498256547	673	97	    0.194832	    0.400107	   0.0429249	    0.957075	2
97	-0.767373480336446	674	97	    0.194832	    0.400107	   0.0429249	    0.957075	2
97	0.126363545880176	675	97	    0.194832	    0.400107	   0.0429249	    0.957075	2
97	-1.29580806440512	676	97	    0.194832	    0.400107	   0.0429249	    0.957075	2
98	0.235636395191369	677	98	 -0.00938849	    0.380593	    0.998477	  0.00152311	1
98	2.69420139987689	678	98	 -0.00938849	    0.380593	    0.998477	  0.00152311	1
98	0.771461104706304	679	98	 -0.00938849	    0.380593	    0.998477	  0.00152311	1
98	-0.500424239145112	680	98	 -0.00938849	    0.380593	    0.998477	  0.00152311	1
98	0.821520992994949	681	98	 -0.00938849	    0.380593	    0.998477	  0.00152311	1
98	2.30995826609699	682	98	 -0.00938849	    0.380593	    0.998477	  0.00152311	1
99	0.0660226934356704	683	99	    0.392062	    0.365721	   0.0324119	    0.967588	2
99	-0.540064540724349	684	99	    0.392062	    0.365721	   0.0324119	    0.967588	2
99	0.662540105737054	685	99	    0.392062	    0.365721	   0.0324119	    0.967588	2
99	-1.66958820850202	686	99	    0.392062	    0.365721	   0.0324119	    0.967588	2
99	-1.20029325360524	687	99	    0.392062	    0.365721	   0.0324119	    0.967588	2
99	-0.650451017990204	688	99	    0.392062	    0.365721	   0.0324119	    0.967588	2
99	-0.535512513665831	689	99	    0.392062	    0.365721	   0.0324119	    0.967588	2
99	-0.32822697899945	690	99	    0.392062	    0.365721	   0.0324119	    0.967588	2
100	-0.851381081944997	691	100	    0.591169	    0.325598	   0.0215009	    0.978499	2
100	-0.296743465248237	692	100	    0.591169	    0.325598	   0.0215009	    0.978499	2
100	0.00351182339167477	693	100	    0.591169	    0.325598	   0.0215009	    0.978499	2
100	0.609425662272832	694	100	    0.591169	    0.325598	   0.0215009	    0.978499	2
100	-0.46862890921319	695	100	    0.591169	    0.325598	   0.0215009	    0.978499	2
100	-0.657438829763834	696	100	    0.591169	    0.325598	   0.0215009	    0.978499	2
100	-0.425604692632293	697	100	    0.591169	    0.325598	   0.0215009	    0.978499	2
100	-0.402111687034083	698	100	    0.591169	    0.325598	   0.0215009	    0.978499	2
100	0.535600568733286	699	100	    0.591169	    0.325598	   0.0215009	    0.978499	2
100	-1.33815678148858	700	100	    0.591169	    0.325598	   0.0215009	    0.978499	2
101	-1.28339411734026	701	101	   -0.594105	    0.318562	  0.00271538	    0.997285	2
101	-2.48377558251121	702	101	   -0.594105	    0.318562	  0.00271538	    0.997285	2
101	-2.56716678561117	703	101	   -0.594105	    0.318562	  0.00271538	    0.997285	2
101	-1.06079508922388	704	101	   -0.594105	    0.318562	  0.00271538	    0.997285	2
102	1.50903528617776	705	102	   -0.283629	    0.374867	    0.999996	 3.87739e-06	1
102	-0.174431049366147	706	102	   -0.283629	    0.374867	    0.999996	 3.87739e-06	1
102	2.37526580147611	707	102	   -0.283629	    0.374867	    0.999996	 3.87739e-06	1
102	2.93452571852475	708	102	   -0.283629	    0.374867	    0.999996	 3.87739e-06	1
102	-0.216595110216953	709	102	   -0.283629	    0.374867	    0.999996	 3.87739e-06	1
102	-2.70139004949338	710	102	   -0.283629	    0.374867	    0.999996	 3.87739e-06	1
103	-2.12179561903461	711	103	   -0.600555	    0.240569	 0.000509842	     0.99949	2
103	-2.54012608276489	712	103	   -0.600555	    0.240569	 0.000509842	     0.99949	2
103	-1.75408908234997	713	103	   -0.600555	    0.240569	 0.000509842	     0.99949	2
103	-2.88278322388343	714	103	   -0.600555	    0.240569	 0.000509842	     0.99949	2
103	-1.66660791454658	715	103	   -0.600555	    0.240569	 0.000509842	     0.99949	2
103	-0.575123267195509	716	103	   -0.600555	    0.240569	 0.000509842	     0.99949	2
103	-1.79981088168422	717	103	   -0.600555	    0.240569	 0.000509842	     0.99949	2
103	-0.682242098615097	718	103	   -0.600555	    0.240569	 0.000509842	     0.99949	2
104	1.22787727275308	719	104	    0.130584	    0.362902	    0.990529	  0.00947139	1
104	0.931359363047577	720	104	    0.130584	    0.362902	    0.990529	  0.00947139	1
104	0.285614526180204	721	104	    0.130584	    0.362902	    0.990529	  0.00947139	1
104	1.19352487211888	722	104	    0.130584	    0.362902	    0.990529	  0.00947139	1
104	2.55188588987597	723	104	    0.130584	    0.362902	    0.990529	  0.00947139	1
104	0.7232230730269	724	104	    0.130584	    0.362902	    0.990529	  0.00947139	1
104	1.81304821465324	725	104	    0.130584	    0.362902	    0.990529	  0.00947139	1
104	2.10095239731428	726	104	    0.130584	    0.362902	    0.990529	  0.00947139	1
104	0.179992327943608	727	104	    0.130584	    0.362902	    0.990529	  0.00947139	1
104	1.27166246678328	728	104	    0.130584	    0.362902	    0.990529	  0.00947139	1
105	-1.71871619982868	729	105	   -0.283681	    0.320173	  0.00319681	    0.996803	2
105	-1.33989518493932	730	105	   -0.283681	    0.320173	  0.00319681	    0.996803	2
105	-1.47111098454704	731	105	   -0.283681	    0.320173	  0.00319681	    0.996803	2
105	-1.17557557657279	732	105	   -0.283681	    0.320173	  0.00319681	    0.996803	2
106	1.83492001713524	733	106	   -0.153878	     0.76954	    0.731075	    0.268925	1
106	0.546858113673292	734	106	   -0.153878	     0.76954	    0.731075	    0.268925	1
106	0.00882193148430388	735	106	   -0.153878	     0.76954	    0.731075	    0.268925	1
106	-0.473593459586893	736	106	   -0.153878	     0.76954	    0.731075	    0.268925	1
106	-0.000337926398164434	737	106	   -0.153878	     0.76954	    0.731075	    0.268925	1
106	-0.934479168935163	738	106	   -0.153878	     0.76954	    0.731075	    0.268925	1
107	-1.21334062479146	739	107	   0.0388282	    0.262635	   0.0054494	    0.994551	2
107	0.723216354285255	740	107	   0.0388282	    0.262635	   0.0054494	    0.994551	2
107	-1.29609631133254	741	107	   0.0388282	    0.262635	   0.0054494	    0.994551	2
107	-1.39895781025419	742	107	   0.0388282	    0.262635	   0.0054494	    0.994551	2
107	-0.773270510851868	743	107	   0.0388282	    0.262635	   0.0054494	    0.994551	2
107	-1.27332049136914	744	107	   0.0388282	    0.262635	   0.0054494	    0.994551	2
107	-1.5293877801013	745	107	   0.0388282	    0.262635	   0.0054494	    0.994551	2
107	-1.16245777243893	746	107	   0.0388282	    0.262635	   0.0054494	    0.994551	2
108	1.65556896052578	747	108	    0.231053	    0.315545	    0.999887	 0.000113223	1
108	0.877946504659561	748	108	    0.231053	    0.315545	    0.999887	 0.000113223	1
108	0.802219422163886	749	108	    0.231053	    0.315545	    0.999887	 0.000113223	1
108	0.818499086793141	750	108	    0.231053	    0.315545	    0.999887	 0.000113223	1
108	-1.12794021489894	751	108	    0.231053	    0.315545	    0.999887	 0.000113223	1
108	2.21551696891846	752	108	    0.231053	    0.315545	    0.999887	 0.000113223	1
108	2.22112545685184	753	108	    0.231053	    0.315545	    0.999887	 0.000113223	1
108	2.95017772692585	754	108	    0.231053	    0.315545	    0.999887	 0.000113223	1
108	1.36605499898047	755	108	    0.231053	    0.315545	    0.999887	 0.000113223	1
108	2.10430300309701	756	108	    0.231053	    0.315545	    0.999887	 0.000113223	1
109	1.60542779374703	757	109	  -0.0705884	    0.432123	     0.99592	  0.00408002	1
109	0.959914942844648	758	109	  -0.0705884	    0.432123	     0.99592	  0.00408002	1
109	-1.02506242013285	759	109	  -0.0705884	    0.432123	     0.99592	  0.00408002	1
109	2.17455001690673	760	109	  -0.0705884	    0.432123	     0.99592	  0.00408002	1
110	1.74032709261816	761	110	  -0.0625175	    0.417092	    0.987818	   0.0121825	1
110	0.558319431353346	762	110	  -0.0625175	    0.417092	    0.987818	   0.0121825	1
110	1.50657883026248	763	110	  -0.0625175	    0.417092	    0.987818	   0.0121825	1
110	1.32783460381613	764	110	  -0.0625175	    0.417092	    0.987818	   0.0121825	1
110	1.37476662652185	765	110	  -0.0625175	    0.417092	    0.987818	   0.0121825	1
110	-0.857441688199551	766	110	  -0.0625175	    0.417092	    0.987818	   0.0121825	1
111	0.183315288094674	767	111	    0.134125	    0.295895	   0.0135892	    0.986411	2
111	-0.774506897888875	768	111	    0.134125	    0.295895	   0.0135892	    0.986411	2
111	-1.38870567916872	769	111	    0.134125	    0.295895	   0.0135892	    0.986411	2
111	-0.828231370006967	770	111	    0.134125	    0.295895	   0.0135892	    0.986411	2
111	0.0287502728617783	771	111	    0.134125	    0.295895	   0.0135892	    0.986411	2
111	-2.28687855293182	772	111	    0.134125	    0.295895	   0.0135892	    0.986411	2
111	-0.578459903049301	773	111	    0.134125	    0.295895	   0.0135892	    0.986411	2
111	-1.2646243972847	774	111	    0.134125	    0.295895	   0.0135892	    0.986411	2
112	2.51371385359877	775	112	    0.727838	    0.314923	    0.999997	 2.55666e-06	1
112	2.68565947333504	776	112	    0.727838	    0.314923	    0.999997	 2.55666e-06	1
112	3.33308009101247	777	112	    0.727838	    0.314923	    0.999997	 2.55666e-06	1
112	1.00853849303439	778	112	    0.727838	    0.314923	    0.999997	 2.55666e-06	1
112	1.45359934397573	779	112	    0.727838	    0.314923	    0.999997	 2.55666e-06	1
112	2.88324341531549	780	112	    0.727838	    0.314923	    0.999997	 2.55666e-06	1
112	2.54135641742069	781	112	    0.727838	    0.314923	    0.999997	 2.55666e-06	1
112	0.0935171016033818	782	112	    0.727838	    0.314923	    0.999997	 2.55666e-06	1
112	0.701901198160741	783	112	    0.727838	    0.314923	    0.999997	 2.55666e-06	1
112	3.42461101946922	784	112	    0.727838	    0.314923	    0.999997	 2.55666e-06	1
113	-1.9245595285675	785	113	   -0.350423	    0.324853	  0.00603053	    0.993969	2
113	-2.05596792168839	786	113	   -0.350423	    0.324853	  0.00603053	    0.993969	2
113	-1.66825783182208	787	113	   -0.350423	    0.324853	  0.00603053	    0.993969	2
113	-0.403601857671461	788	113	   -0.350423	    0.324853	  0.00603053	    0.993969	2
114	0.868944140953766	789	114	   -0.261289	    0.542322	    0.934346	   0.0656537	1
114	0.36918475567466	790	114	   -0.261289	    0.542322	    0.934346	   0.0656537	1
114	0.0223044435359943	791	114	   -0.261289	    0.542322	    0.934346	   0.0656537	1
114	1.55794577055052	792	114	   -0.261289	    0.542322	    0.934346	   0.0656537	1
114	-1.21494468274339	793	114	   -0.261289	    0.542322	    0.934346	   0.0656537	1
114	1.32628195814387	794	114	   -0.261289	    0.542322	    0.934346	   0.0656537	1
115	-1.77250586966337	795	115	   -0.104992	    0.243835	  0.00118755	    0.998812	2
115	-1.51377182588747	796	115	   -0.104992	    0.243835	  0.00118755	    0.998812	2
115	-1.44113966236043	797	115	   -0.104992	    0.243835	  0.00118755	    0.998812	2
115	-0.518722825363638	798	115	   -0.104992	    0.243835	  0.00118755	    0.998812	2
115	-1.59716016316458	799	115	   -0.104992	    0.243835	  0.00118755	    0.998812	2
115	-1.0252267631592	800	115	   -0.104992	    0.243835	  0.00118755	    0.998812	2
115	-1.2990581329495	801	115	   -0.104992	    0.243835	  0.00118755	    0.998812	2
115	-0.171814304624847	802	115	   -0.104992	    0.243835	  0.00118755	    0.998812	2
116	1.78135930323859	803	116	    0.657839	    0.315036	    0.999979	 2.10128e-05	1
116	1.40258599792967	804	116	    0.657839	    0.315036	    0.999979	 2.10128e-05	1
116	1.92041554664592	805	116	    0.657839	    0.315036	    0.999979	 2.10128e-05	1
116	1.62061315508961	806	116	    0.657839	    0.315036	    0.999979	 2.10128e-05	1
116	3.8630858908401	807	116	    0.657839	    0.315036	    0.999979	 2.10128e-05	1
116	0.561920776886323	808	116	    0.657839	    0.315036	    0.999979	 2.10128e-05	1
116	2.26402550925921	809	116	    0.657839	    0.315036	    0.999979	 2.10128e-05	1
116	0.653904714612395	810	116	    0.657839	    0.315036	    0.999979	 2.10128e-05	1
116	2.94918193363316	811	116	    0.657839	    0.315036	    0.999979	 2.10128e-05	1
116	2.6701267778384	812	116	    0.657839	    0.315036	    0.999979	 2.10128e-05	1
117	-1.6272533770659	813	117	    -0.35806	    0.342914	   0.0170346	    0.982965	2
117	-2.42444979527429	814	117	    -0.35806	    0.342914	   0.0170346	    0.982965	2
117	-2.03411742882608	815	117	    -0.35806	    0.342914	   0.0170346	    0.982965	2
117	0.0529418525007821	816	117	    -0.35806	    0.342914	   0.0170346	    0.982965	2
118	1.19809837592868	817	118	     -0.2968	    0.377211	    0.999311	 0.000689356	1
118	-0.106509543957862	818	118	     -0.2968	    0.377211	    0.999311	 0.000689356	1
118	2.35001920480976	819	118	     -0.2968	    0.377211	    0.999311	 0.000689356	1
118	1.70131868477383	820	118	     -0.2968	    0.377211	    0.999311	 0.000689356	1
118	0.565383580367822	821	118	     -0.2968	    0.377211	    0.999311	 0.000689356	1
118	-2.11893903223768	822	118	     -0.2968	    0.377211	    0.999311	 0.000689356	1
119	0.00905110361816963	823	119	    0.626089	    0.396273	   0.0401863	    0.959814	2
119	-0.335021082315473	824	119	    0.626089	    0.396273	   0.0401863	    0.959814	2
119	-0.757617837278311	825	119	    0.626089	    0.396273	   0.0401863	    0.959814	2
119	-0.291883446422086	826	119	    0.626089	    0.396273	   0.0401863	    0.959814	2
119	0.7213931913333	827	119	    0.626089	    0.396273	   0.0401863	    0.959814	2
119	-0.951815996967968	828	119	    0.626089	    0.396273	   0.0401863	    0.959814	2
119	-0.142767673383869	829	119	    0.626089	    0.396273	   0.0401863	    0.959814	2
119	-0.109034034526268	830	119	    0.626089	    0.396273	   0.0401863	    0.959814	2
120	-0.745472840004473	831	120	   -0.126259	    0.877018	    0.613833	    0.386167	1
120	-0.223499036686616	832	120	   -0.126259	    0.877018	    0.613833	    0.386167	1
120	1.5128261907008	833	120	   -0.126259	    0.877018	    0.613833	    0.386167	1
120	-0.510404161023858	834	120	   -0.126259	    0.877018	    0.613833	    0.386167	1
120	-0.275459277718347	835	120	   -0.126259	    0.877018	    0.613833	    0.386167	1
120	0.457801571772935	836	120	   -0.126259	    0.877018	    0.613833	    0.386167	1
120	1.37079125897414	837	120	   -0.126259	    0.877018	    0.613833	    0.386167	1
120	-1.5230823806863	838	120	   -0.126259	    0.877018	    0.613833	    0.386167	1
120	-0.485054711259405	839	120	   -0.126259	    0.877018	    0.613833	    0.386167	1
120	0.493995452250325	840	120	   -0.126259	    0.877018	    0.613833	    0.386167	1
121	-1.10364533423203	841	121	   -0.325918	    0.323695	  0.00528519	    0.994715	2
121	-0.973771252390279	842	121	   -0.325918	    0.323695	  0.00528519	    0.994715	2
121	-1.40558830039257	843	121	   -0.325918	    0.323695	  0.00528519	    0.994715	2
121	-2.44023381504378	844	121	   -0.325918	    0.323695	  0.00528519	    0.994715	2
122	-2.62675094782272	845	122	   -0.511448	    0.377199	    0.999257	 0.000743408	1
122	-0.807730591163653	846	122	   -0.511448	    0.377199	    0.999257	 0.000743408	1
122	0.642697050817264	847	122	   -0.511448	    0.377199	    0.999257	 0.000743408	1
122	2.10293809333212	848	122	   -0.511448	    0.377199	    0.999257	 0.000743408	1
122	0.592536135964711	849	122	   -0.511448	    0.377199	    0.999257	 0.000743408	1
122	1.62612268327828	850	122	   -0.511448	    0.377199	    0.999257	 0.000743408	1
123	2.05716558103387	851	123	    0.627194	     0.34099	           1	 3.04128e-09	1
123	-0.203454248833459	852	123	    0.627194	     0.34099	           1	 3.04128e-09	1
123	4.33970071075145	853	123	    0.627194	     0.34099	           1	 3.04128e-09	1
123	-0.27152163320907	854	123	    0.627194	     0.34099	           1	 3.04128e-09	1
123	2.55465112688004	855	123	    0.627194	     0.34099	           1	 3.04128e-09	1
123	4.6025113545774	856	123	    0.627194	     0.34099	           1	 3.04128e-09	1
123	1.90305305689444	857	123	    0.627194	     0.34099	           1	 3.04128e-09	1
123	0.885594657732522	858	123	    0.627194	     0.34099	           1	 3.04128e-09	1
124	1.5289744408518	859	124	   -0.016353	    0.316949	    0.999618	 0.000382244	1
124	0.158989563336134	860	124	   -0.016353	    0.316949	    0.999618	 0.000382244	1
124	0.709181828683466	861	124	   -0.016353	    0.316949	    0.999618	 0.000382244	1
124	0.954329880721637	862	124	   -0.016353	    0.316949	    0.999618	 0.000382244	1
124	-1.09323714943862	863	124	   -0.016353	    0.316949	    0.999618	 0.000382244	1
124	0.478853872095012	864	124	   -0.016353	    0.316949	    0.999618	 0.000382244	1
124	1.57178801914821	865	124	   -0.016353	    0.316949	    0.999618	 0.000382244	1
124	2.16833711272606	866	124	   -0.016353	    0.316949	    0.999618	 0.000382244	1
124	3.24896231689765	867	124	   -0.016353	    0.316949	    0.999618	 0.000382244	1
124	0.787549237553936	868	124	   -0.016353	    0.316949	    0.999618	 0.000382244	1
125	0.800258211953081	869	125	    0.352064	     0.42142	    0.999976	 2.44207e-05	1
125	2.45341885068009	870	125	    0.352064	     0.42142	    0.999976	 2.44207e-05	1
125	3.76770410541472	871	125	    0.352064	     0.42142	    0.999976	 2.44207e-05	1
125	-0.0501438570028125	872	125	    0.352064	     0.42142	    0.999976	 2.44207e-05	1
126	-1.73532294837782	873	126	  -0.0697922	    0.307603	    0.012625	    0.987375	2
126	-1.08817502753377	874	126	  -0.0697922	    0.307603	    0.012625	    0.987375	2
126	-2.00744194882158	875	126	  -0.0697922	    0.307603	    0.012625	    0.987375	2
126	0.350334383454447	876	126	  -0.0697922	    0.307603	    0.012625	    0.987375	2
126	-1.53306281511042	877	126	  -0.0697922	    0.307603	    0.012625	    0.987375	2
126	-0.655728508050801	878	126	  -0.0697922	    0.307603	    0.012625	    0.987375	2
127	-1.86978691153564	879	127	   -0.987593	    0.238694	 3.68424e-05	    0.999963	2
127	-1.67010523177132	880	127	   -0.987593	    0.238694	 3.68424e-05	    0.999963	2
127	-2.88931198613823	881	127	   -0.987593	    0.238694	 3.68424e-05	    0.999963	2
127	-2.11108474564976	882	127	   -0.987593	    0.238694	 3.68424e-05	    0.999963	2
127	-2.53338447328677	883	127	   -0.987593	    0.238694	 3.68424e-05	    0.999963	2
127	-3.27474243091651	884	127	   -0.987593	    0.238694	 3.68424e-05	    0.999963	2
127	-1.79776334143875	885	127	   -0.987593	    0.238694	 3.68424e-05	    0.999963	2
127	-1.53250403840076	886	127	   -0.987593	    0.238694	 3.68424e-05	    0.999963	2
128	-2.18432714754045	887	128	   -0.330526	    0.217582	 0.000166127	    0.999834	2
128	-0.748336794232523	888	128	   -0.330526	    0.217582	 0.000166127	    0.999834	2
128	-2.16119865300077	889	128	   -0.330526	    0.217582	 0.000166127	    0.999834	2
128	-1.1337892630123	890	128	   -0.330526	    0.217582	 0.000166127	    0.999834	2
128	-1.35105180285655	891	128	   -0.330526	    0.217582	 0.000166127	    0.999834	2
128	-1.18352903606846	892	128	   -0.330526	    0.217582	 0.000166127	    0.999834	2
128	-0.529619444329682	893	128	   -0.330526	    0.217582	 0.000166127	    0.999834	2
128	-1.7308543815702	894	128	   -0.330526	    0.217582	 0.000166127	    0.999834	2
128	-1.52750808609705	895	128	   -0.330526	    0.217582	 0.000166127	    0.999834	2
128	-1.68177601986816	896	128	   -0.330526	    0.217582	 0.000166127	    0.999834	2
129	3.1656991716825	897	129	    0.763717	     0.42154	     0.99995	 4.97871e-05	1
129	2.68981578046777	898	129	    0.763717	     0.42154	     0.99995	 4.97871e-05	1
129	2.27261730913329	899	129	    0.763717	     0.42154	     0.99995	 4.97871e-05	1
129	1.9684789856043	900	129	    0.763717	     0.42154	     0.99995	 4.97871e-05	1
130	-1.41845290238238	901	130	    -1.07062	    0.269497	  0.00031944	    0.999681	2
130	-2.46140862000167	902	130	    -1.07062	    0.269497	  0.00031944	    0.999681	2
130	-3.63780728616467	903	130	    -1.07062	    0.269497	  0.00031944	    0.999681	2
130	-2.93766498722712	904	130	    -1.07062	    0.269497	  0.00031944	    0.999681	2
130	-2.59481106457955	905	130	    -1.07062	    0.269497	  0.00031944	    0.999681	2
130	-1.17677268228677	906	130	    -1.07062	    0.269497	  0.00031944	    0.999681	2
131	0.304031751054831	907	131	    0.477633	    0.410498	   0.0465581	    0.953442	2
131	-1.11670821122749	908	131	    0.477633	    0.410498	   0.0465581	    0.953442	2
131	-0.549050667813011	909	131	    0.477633	    0.410498	   0.0465581	    0.953442	2
131	-0.6858698713923	910	131	    0.477633	    0.410498	   0.0465581	    0.953442	2
131	0.811905647443148	911	131	    0.477633	    0.410498	   0.0465581	    0.953442	2
131	-0.510601107550461	912	131	    0.477633	    0.410498	   0.0465581	    0.953442	2
131	-1.22200933157373	913	131	    0.477633	    0.410498	   0.0465581	    0.953442	2
131	-0.205213477489602	914	131	    0.477633	    0.410498	   0.0465581	    0.953442	2
132	-1.25310860799945	915	132	    0.174425	    0.315226	   0.0206615	    0.979339	2
132	-0.26600559955209	916	132	    0.174425	    0.315226	   0.0206615	    0.979339	2
132	-1.38059797028301	917	132	    0.174425	    0.315226	   0.0206615	    0.979339	2
132	-0.627404334440516	918	132	    0.174425	    0.315226	   0.0206615	    0.979339	2
132	0.426798630633192	919	132	    0.174425	    0.315226	   0.0206615	    0.979339	2
132	-1.82454762267635	920	132	    0.174425	    0.315226	   0.0206615	    0.979339	2
132	-0.47658597877194	921	132	    0.174425	    0.315226	   0.0206615	    0.979339	2
132	-2.15256012575641	922	132	    0.174425	    0.315226	   0.0206615	    0.979339	2
132	-0.934589174402696	923	132	    0.174425	    0.315226	   0.0206615	    0.979339	2
132	0.401860865443203	924	132	    0.174425	    0.315226	   0.0206615	    0.979339	2
133	1.07681140736727	925	133	    0.336199	    0.426816	    0.998333	  0.00166658	1
133	2.67447694050885	926	133	    0.336199	    0.426816	    0.998333	  0.00166658	1
133	1.35326563277928	927	133	    0.336199	    0.426816	    0.998333	  0.00166658	1
133	1.72508744403361	928	133	    0.336199	    0.426816	    0.998333	  0.00166658	1
134	-2.30743109243799	929	134	   -0.428176	    0.298331	   0.0106736	    0.989326	2
134	-1.40163281719339	930	134	   -0.428176	    0.298331	   0.0106736	    0.989326	2
134	-2.53554143121228	931	134	   -0.428176	    0.298331	   0.0106736	    0.989326	2
134	-2.47147339400083	932	134	   -0.428176	    0.298331	   0.0106736	    0.989326	2
134	0.265501105796595	933	134	   -0.428176	    0.298331	   0.0106736	    0.989326	2
134	-0.907388892623955	934	134	   -0.428176	    0.298331	   0.0106736	    0.989326	2
135	-1.49128312537375	935	135	   -0.258969	    0.240261	 0.000394024	    0.999606	2
135	-1.88333618648572	936	135	   -0.258969	    0.240261	 0.000394024	    0.999606	2
135	-0.644362927527992	937	135	   -0.258969	    0.240261	 0.000394024	    0.999606	2
135	-1.23161439930571	938	135	   -0.258969	    0.240261	 0.000394024	    0.999606	2
135	-1.63362497255446	939	135	   -0.258969	    0.240261	 0.000394024	    0.999606	2
135	-1.12767641293977	940	135	   -0.258969	    0.240261	 0.000394024	    0.999606	2
135	-0.886058025618461	941	135	   -0.258969	    0.240261	 0.000394024	    0.999606	2
135	-1.90447556741186	942	135	   -0.258969	    0.240261	 0.000394024	    0.999606	2
136	0.795928461659733	943	136	 -0.00154513	     0.80012	    0.774334	    0.225666	1
136	-0.808565246126049	944	136	 -0.00154513	     0.80012	    0.774334	    0.225666	1
136	0.335779919723618	945	136	 -0.00154513	     0.80012	    0.774334	    0.225666	1
136	1.24629265904032	946	136	 -0.00154513	     0.80012	    0.774334	    0.225666	1
136	0.021540311366612	947	136	 -0.00154513	     0.80012	    0.774334	    0.225666	1
136	-0.232462781665475	948	136	 -0.00154513	     0.80012	    0.774334	    0.225666	1
136	1.29791285416631	949	136	 -0.00154513	     0.80012	    0.774334	    0.225666	1
136	1.28422260196592	950	136	 -0.00154513	     0.80012	    0.774334	    0.225666	1
136	0.0564738762102936	951	136	 -0.00154513	     0.80012	    0.774334	    0.225666	1
136	1.27147667190811	952	136	 -0.00154513	     0.80012	    0.774334	    0.225666	1
137	-2.26492586290589	953	137	   -0.319395	    0.321747	  0.00415203	    0.995848	2
137	-1.25295446709881	954	137	   -0.319395	    0.321747	  0.00415203	    0.995848	2
137	-1.28707836326277	955	137	   -0.319395	    0.321747	  0.00415203	    0.995848	2
137	-1.08912974527069	956	137	   -0.319395	    0.321747	  0.00415203	    0.995848	2
138	-0.184914800288954	957	138	    0.243353	    0.303362	   0.0100768	    0.989923	2
138	-1.35707345439145	958	138	    0.243353	    0.303362	   0.0100768	    0.989923	2
138	-0.81772687238134	959	138	    0.243353	    0.303362	   0.0100768	    0.989923	2
138	-0.887344780842731	960	138	    0.243353	    0.303362	   0.0100768	    0.989923	2
138	-0.729787773889962	961	138	    0.243353	    0.303362	   0.0100768	    0.989923	2
138	-0.385300882619598	962	138	    0.243353	    0.303362	   0.0100768	    0.989923	2
139	-1.24197153745447	963	139	   -0.316013	    0.341104	   0.0298139	    0.970186	2
139	-2.7922125554012	964	139	   -0.316013	    0.341104	   0.0298139	    0.970186	2
139	0.509597136938536	965	139	   -0.316013	    0.341104	   0.0298139	    0.970186	2
139	-1.3810258487617	966	139	   -0.316013	    0.341104	   0.0298139	    0.970186	2
139	-2.36547059674031	967	139	   -0.316013	    0.341104	   0.0298139	    0.970186	2
139	-2.47378120954789	968	139	   -0.316013	    0.341104	   0.0298139	    0.970186	2
139	-0.154525108117444	969	139	   -0.316013	    0.341104	   0.0298139	    0.970186	2
139	-1.04925335891335	970	139	   -0.316013	    0.341104	   0.0298139	    0.970186	2
140	3.23311720956949	971	140	     0.92233	    0.314908	           1	 1.25771e-07	1
140	4.05803057000709	972	140	     0.92233	    0.314908	           1	 1.25771e-07	1
140	-0.126183025478447	973	140	     0.92233	    0.314908	           1	 1.25771e-07	1
140	2.17007091118923	974	140	     0.92233	    0.314908	           1	 1.25771e-07	1
140	3.0693662491457	975	140	     0.92233	    0.314908	           1	 1.25771e-07	1
140	1.96103956224209	976	140	     0.92233	    0.314908	           1	 1.25771e-07	1
140	3.68859120918172	977	140	     0.92233	    0.314908	           1	 1.25771e-07	1
140	1.09262130016415	978	140	     0.92233	    0.314908	           1	 1.25771e-07	1
140	1.37466457359253	979	140	     0.92233	    0.314908	           1	 1.25771e-07	1
140	2.76174667911602	980	140	     0.92233	    0.314908	           1	 1.25771e-07	1
141	0.799280671931752	981	141	    0.685947	    0.421436	    0.999975	 2.49045e-05	1
141	2.92078884116621	982	141	    0.685947	    0.421436	    0.999975	 2.49045e-05	1
141	2.77743572948362	983	141	    0.685947	    0.421436	    0.999975	 2.49045e-05	1
141	3.00893795045662	984	141	    0.685947	    0.421436	    0.999975	 2.49045e-05	1
142	-1.13178171140686	985	142	    0.322192	    0.326554	   0.0171509	    0.982849	2
142	-0.399293640625225	986	142	    0.322192	    0.326554	   0.0171509	    0.982849	2
142	-0.908158697419802	987	142	    0.322192	    0.326554	   0.0171509	    0.982849	2
142	0.176978613155097	988	142	    0.322192	    0.326554	   0.0171509	    0.982849	2
142	-0.828956901593344	989	142	    0.322192	    0.326554	   0.0171509	    0.982849	2
142	-0.609796435775972	990	142	    0.322192	    0.326554	   0.0171509	    0.982849	2
143	1.11078401717415	991	143	    0.560021	    0.474476	   0.0699273	    0.930073	2
143	-0.342113853642596	992	143	    0.560021	    0.474476	   0.0699273	    0.930073	2
143	0.264835520714894	993	143	    0.560021	    0.474476	   0.0699273	    0.930073	2
143	-0.697278410340469	994	143	    0.560021	    0.474476	   0.0699273	    0.930073	2
143	-0.914225381369023	995	143	    0.560021	    0.474476	   0.0699273	    0.930073	2
143	-0.26000445540246	996	143	    0.560021	    0.474476	   0.0699273	    0.930073	2
143	-0.571917924781925	997	143	    0.560021	    0.474476	   0.0699273	    0.930073	2
143	-0.626706982039302	998	143	    0.560021	    0.474476	   0.0699273	    0.930073	2
144	-0.969233902581924	999	144	   -0.709392	    0.216985	  6.1897e-05	    0.999938	2
144	-3.32460046380151	1000	144	   -0.709392	    0.216985	  6.1897e-05	    0.999938	2
144	-1.16866763140598	1001	144	   -0.709392	    0.216985	  6.1897e-05	    0.999938	2
144	-2.05494153053687	1002	144	   -0.709392	    0.216985	  6.1897e-05	    0.999938	2
144	-1.49680519480774	1003	144	   -0.709392	    0.216985	  6.1897e-05	    0.999938	2
144	-1.40512292766644	1004	144	   -0.709392	    0.216985	  6.1897e-05	    0.999938	2
144	-1.87386457107071	1005	144	   -0.709392	    0.216985	  6.1897e-05	    0.999938	2
144	-2.06287748447274	1006	144	   -0.709392	    0.216985	  6.1897e-05	    0.999938	2
144	-1.99373455891493	1007	144	   -0.709392	    0.216985	  6.1897e-05	    0.999938	2
144	-2.2148243752843	1008	144	   -0.709392	    0.216985	  6.1897e-05	    0.999938	2
145	-1.25570316764878	1009	145	    0.190695	    0.382098	   0.0329724	    0.967028	2
145	-0.961689585916087	1010	145	    0.190695	    0.382098	   0.0329724	    0.967028	2
145	-0.118884926204712	1011	145	    0.190695	    0.382098	   0.0329724	    0.967028	2
145	-0.599114804333113	1012	145	    0.190695	    0.382098	   0.0329724	    0.967028	2
146	0.286907862478413	1013	146	    0.321534	    0.375216	    0.999915	 8.52232e-05	1
146	1.28808996089223	1014	146	    0.321534	    0.375216	    0.999915	 8.52232e-05	1
146	2.11953020752417	1015	146	    0.321534	    0.375216	    0.999915	 8.52232e-05	1
146	0.422892206037329	1016	146	    0.321534	    0.375216	    0.999915	 8.52232e-05	1
146	3.76837970932571	1017	146	    0.321534	    0.375216	    0.999915	 8.52232e-05	1
146	1.64464920886602	1018	146	    0.321534	    0.375216	    0.999915	 8.52232e-05	1
147	-2.63095270732806	1019	147	   -0.767647	    0.241055	 0.000663154	    0.999337	2
147	-3.05616987160789	1020	147	   -0.767647	    0.241055	 0.000663154	    0.999337	2
147	-2.03342907924401	1021	147	   -0.767647	    0.241055	 0.000663154	    0.999337	2
147	-0.895340522843674	1022	147	   -0.767647	    0.241055	 0.000663154	    0.999337	2
147	-1.0049095127449	1023	147	   -0.767647	    0.241055	 0.000663154	    0.999337	2
147	-3.27709401575768	1024	147	   -0.767647	    0.241055	 0.000663154	    0.999337	2
147	-1.11300260257081	1025	147	   -0.767647	    0.241055	 0.000663154	    0.999337	2
147	-1.58572642845678	1026	147	   -0.767647	    0.241055	 0.000663154	    0.999337	2
148	-1.31209511986274	1027	148	    0.348152	    0.271006	   0.0100238	    0.989976	2
148	-1.0516315305112	1028	148	    0.348152	    0.271006	   0.0100238	    0.989976	2
148	-0.0698749322250176	1029	148	    0.348152	    0.271006	   0.0100238	    0.989976	2
148	-0.00939925230786931	1030	148	    0.348152	    0.271006	   0.0100238	    0.989976	2
148	-0.094212363993457	1031	148	    0.348152	    0.271006	   0.0100238	    0.989976	2
148	-0.98152546036446	1032	148	    0.348152	    0.271006	   0.0100238	    0.989976	2
148	-0.324680206918759	1033	148	    0.348152	    0.271006	   0.0100238	    0.989976	2
148	-1.59074579925757	1034	148	    0.348152	    0.271006	   0.0100238	    0.989976	2
148	0.370818996954679	1035	148	    0.348152	    0.271006	   0.0100238	    0.989976	2
148	-1.22851501293994	1036	148	    0.348152	    0.271006	   0.0100238	    0.989976	2
149	-0.93818674738931	1037	149	    0.165273	    0.355869	   0.0195579	    0.980442	2
149	-0.8209132733412	1038	149	    0.165273	    0.355869	   0.0195579	    0.980442	2
149	-0.8438255443223	1039	149	    0.165273	    0.355869	   0.0195579	    0.980442	2
149	-0.557919802979559	1040	149	    0.165273	    0.355869	   0.0195579	    0.980442	2
150	-0.285771354604502	1041	150	    0.126695	     0.83546	    0.623537	    0.376463	1
150	0.421403940600877	1042	150	    0.126695	     0.83546	    0.623537	    0.376463	1
150	1.61888573323025	1043	150	    0.126695	     0.83546	    0.623537	    0.376463	1
150	0.460731886831652	1044	150	    0.126695	     0.83546	    0.623537	    0.376463	1
150	-0.225621398111899	1045	150	    0.126695	     0.83546	    0.623537	    0.376463	1
150	-0.0192503774766931	1046	150	    0.126695	     0.83546	    0.623537	    0.376463	1
