id	g	profile	group_class	y1	y2	y3
1	1	1	1	1.8473759255461	1.48822749785577	-0.189980183559567
2	1	1	1	1.17420029404638	2.52065130286084	1.45947896943292
3	1	1	1	0.81923512809121	-0.596343821684926	0.923182857427171
4	1	1	1	0.28193128968164	0.325041079244577	-0.628791396250023
5	1	1	1	-1.33646393987234	-1.2711423373141	-0.0341063428942818
6	1	1	1	-0.617854062893971	-2.18007398794192	0.456189173456933
7	1	1	1	-0.970567912484072	-0.269846380097227	-0.797232526269066
8	1	1	1	0.217852772579369	0.350572599974192	-1.24276539085558
9	1	1	1	-1.26542322230088	-0.571877053026141	2.53344319504889
10	1	2	1	3.00653331461473	4.12437897587942	2.02199493936835
11	2	2	2	-0.251409698997466	-3.26130103982866	0.767513443206401
12	2	2	2	1.2838663142414	1.21148745714112	2.51208277783746
13	2	2	2	2.95776784765863	4.1973874117148	-0.34238919045812
14	2	2	2	1.96646206659232	0.166673834830358	1.1718739869502
15	2	2	2	2.31656833810385	2.65389094363856	0.167335251620389
16	2	1	2	0.0470865705376568	0.100298942812333	1.3801350058611
17	2	2	2	1.00171480706949	1.12867672739044	2.13348461163204
18	2	2	2	1.35448855400643	2.80639354850664	2.20842551619905
19	2	2	2	3.40642051706153	0.78956093193032	0.89229110565456
20	2	2	2	2.2954025807921	0.760323317149696	2.40046622798688
21	3	2	1	1.7645270265543	1.55542795190823	1.26619888490742
22	3	1	1	-0.262528375003954	-0.217614827089774	-0.47850493455185
23	3	1	1	0.998209833771386	0.0051797037635557	-1.56906259535903
24	3	1	1	0.682795892196411	-0.228180567776726	0.51035225784634
25	3	1	1	-0.0554355219430522	0.504412701579178	-1.61560696334814
26	3	1	1	-2.15418141178167	-1.18893780997104	0.12748182098141
27	3	1	1	1.17602887583855	0.357115129050485	2.67691566630089
28	3	1	1	0.568000281024971	0.116069212804811	-0.211435615265198
29	3	1	1	-1.02848177522618	-0.748368340543984	-0.516718251304872
30	3	1	1	0.144806031165182	-0.679522120808401	-0.78286752794961
31	4	1	2	-1.45107615239174	0.0375723596362088	0.48968465768038
32	4	2	2	0.331761260207027	1.44326273040221	1.44340492055786
33	4	2	2	2.9021695926983	2.60767491112079	1.39011408835117
34	4	1	2	-2.01920957921401	-2.62683244055358	-0.109722284390775
35	4	2	2	-0.429072021784754	-0.63136352245273	0.908872908686452
36	4	2	2	3.44489595546024	3.4236251489937	0.664159101110086
37	4	2	2	3.19829656158154	0.792905721863901	-1.84334964974748
38	4	2	2	1.86042618534323	1.5295675748514	-0.364950260204546
39	4	2	2	0.389782852088196	0.172830788584834	-0.510833310469949
40	4	1	2	-0.0588975492372227	0.513643909738765	-0.72454313987363
41	5	1	1	-0.0899158228410208	-1.03827429918145	0.580943382598814
42	5	2	1	1.76233680009461	1.42100711995404	0.857711309250263
43	5	1	1	0.53132306644692	0.19730106969615	0.540531518941237
44	5	1	1	-0.214310426487549	1.64923870780639	-0.860794015248772
45	5	1	1	0.924324420907815	-1.22319768709899	0.871895131985899
46	5	1	1	1.61654635374873	1.90067973040349	0.93571189634804
47	5	1	1	0.100888211272315	-0.54932954598612	-0.767724933543253
48	5	1	1	1.46294834484706	2.15233544004563	0.335194989977151
49	5	1	1	-2.92348359717856	-4.08108877279162	0.271685726589366
50	5	1	1	0.586521900477756	0.931031233607271	0.354773177231761
51	6	2	1	2.67585203941407	2.31300728564719	-0.0732137455530206
52	6	1	1	1.33566849309794	-0.631358774714257	0.859981224078582
53	6	1	1	-0.812213562384834	-2.09322759782784	0.471597601961248
54	6	1	1	0.40451891875938	-1.92074383369277	-0.965034548365096
55	6	1	1	-0.632027168145955	0.0284934060756676	-0.0618009010979745
56	6	1	1	1.79053818109559	3.39658826991989	-0.353419168406171
57	6	1	1	2.08169272228145	1.39052537071346	-1.00654368453457
58	6	1	1	0.0559687946879503	-0.155547441915948	-0.986952534463734
59	6	1	1	-0.542962153707807	-0.952943343345117	0.666273116184263
60	6	1	1	0.257644732581464	0.615620462670462	-0.503022989375796
61	7	1	1	1.38223578798825	1.98021352920467	-1.22538312824187
62	7	2	1	2.54539741485289	1.76733142935831	1.04667612323372
63	7	1	1	0.382204261261064	0.505660139201327	0.166057691850402
64	7	1	1	1.35698722545656	-0.419611724849356	0.493512697917052
65	7	1	1	-1.60735383592923	-0.405050218779938	0.5428012407661
66	7	1	1	1.00870808425419	0.691783446043532	-1.0767295096821
67	7	1	1	-0.0211422428471197	0.337738927831895	0.264862685958464
68	7	1	1	-0.740907353840414	-0.706143936048634	1.33024738096759
69	7	1	1	-0.232258410878024	1.75289942470809	-0.730534478946997
70	7	1	1	0.3624885705684	-0.12624962513254	-0.853288470338634
71	8	2	1	1.1258914104941	1.0502407711078	1.46919662665535
72	8	2	1	1.22117445639736	2.24001677037595	2.18000607628578
73	8	1	1	-0.814721948873579	-0.276578535829722	0.277690805538925
74	8	1	1	-0.927111935498454	-3.02892970438392	0.13189731652585
75	8	1	1	-1.58107460054057	-0.814386518333948	-1.39460973997919
76	8	1	1	-0.254441716935562	-0.137100775184202	0.807091067684585
77	8	1	1	-0.823135922537987	0.212757830690456	0.92210183245939
78	8	1	1	-1.70441380510076	-3.02920827357926	0.791796157911226
79	8	1	1	-0.601573933208238	0.0144073351102514	1.26317121287421
80	8	1	1	0.41162807914193	2.01764437024841	0.714757899989774
81	9	2	2	1.08863832942884	1.46798915841412	2.4123135979302
82	9	2	2	4.12180976817062	3.42821363249509	0.43000300443387
83	9	2	2	1.59396643709118	2.60606763558179	1.25869747726203
84	9	2	2	1.28617637561315	-0.196357415916984	2.49619812025173
85	9	1	2	-0.538491960809705	-0.55515930747996	-0.0532331997761341
86	9	2	2	2.1343957801467	1.72412456027693	0.387084915731794
87	9	2	2	1.66558850681435	-0.149362070174245	1.07675718472175
88	9	2	2	2.57790729070172	0.886991560463798	-0.248761287252706
89	9	2	2	2.25368178323314	1.34769265899533	0.851946374894552
90	9	2	2	2.26821249170644	0.182370878595507	-0.0777515713961106
91	10	2	1	1.70653672644609	-0.444145309534762	2.03501301594778
92	10	2	1	1.77926526384829	0.878812458064238	-1.40562210775795
93	10	1	1	-0.970000316630857	-1.14042597876503	-0.24457470916593
94	10	1	1	-1.54039216371427	-2.36357065966827	-1.76935853877449
95	10	1	1	-0.632782911570357	-0.171891056971867	1.7343817358384
96	10	1	1	-0.6163113660174	-1.7776404680814	-0.683147654007757
97	10	1	1	0.0298434516047382	0.961985135081247	-0.395605954054019
98	10	2	1	2.71981672190596	1.71609748141246	1.67673927802326
99	10	1	1	-0.999872162913407	-1.34963813907254	-1.89771880672192
100	10	1	1	0.692600247862883	1.28531416919869	-0.933801324468121
101	11	1	1	0.749291140492313	1.32854821043519	0.633469949752474
102	11	1	1	-0.647817978917394	0.0863155415823967	-1.64954583597606
103	11	1	1	1.88970932012698	3.07208964395269	1.0607326302583
104	11	1	1	0.519836497199591	0.484895794633732	-1.05688207590231
105	11	1	1	0.368559310867356	-0.766497653230092	0.492508183538351
106	11	1	1	0.251830204253531	0.662140970903484	-0.108639869616295
107	11	1	1	-0.992076492069575	-2.03352634286529	-1.41077955196887
108	11	2	1	2.51116967915652	3.72490446101379	1.71648750826256
109	11	1	1	0.914262098394691	-0.188225638764545	-0.320810239474273
110	11	1	1	-0.515689960929079	-0.740928292057272	-0.826006679060356
111	12	1	1	0.539006672228954	1.08821935365912	-0.900947165779876
112	12	1	1	-0.0472557245997047	0.997344332600293	-1.25324659610969
113	12	1	1	0.190404521420532	-0.126433813480642	0.0353248626897971
114	12	1	1	0.592192313805322	0.544768298518945	0.890814419025722
115	12	1	1	0.535540911819527	0.0832368406779952	0.955707547235607
116	12	1	1	1.20559160318856	-0.000684518888524055	0.0131053254870676
117	12	1	1	0.393098464635936	0.522833860614194	0.805913742991197
118	12	1	1	1.23673984907833	0.356531554373417	0.0397504918794502
119	12	1	1	0.744984440415926	0.646336315545529	0.410014036953845
120	12	2	1	1.86558456524565	1.10478675284831	0.33603688899864
121	13	1	1	-1.46206051803768	-1.53314792001347	-0.41622861920082
122	13	2	1	2.39572999768691	2.67055805116329	0.948158080994116
123	13	1	1	0.675819225581705	0.69226213365638	0.0807555803276819
124	13	2	1	2.50928646158852	0.991927013833574	1.29708165226196
125	13	1	1	0.842589610904251	-1.77167530779818	1.49103346630204
126	13	1	1	1.33371242286392	1.72584229861101	-0.767783084861811
127	13	1	1	-0.520979111093692	-0.717456361255288	0.546869881389855
128	13	1	1	0.170721276035439	0.431113639259739	-0.32870738441837
129	13	2	1	1.81281161199775	1.81888290097956	1.22256804142202
130	13	1	1	-1.40165186030965	-0.904706532718171	-0.35613067910646
131	14	1	1	-0.179322844435998	-1.58653354425876	-0.268861801016737
132	14	1	1	-1.72510624684819	-0.807316626183409	1.14561436269668
133	14	2	1	-0.062678155196473	1.36417078480778	-0.706027810645702
134	14	1	1	-0.904440529696423	0.447882098525108	0.911663361484674
135	14	1	1	-1.34202148610384	0.363483431060613	0.871803767078735
136	14	1	1	1.04777018611385	2.64662414379238	-1.32334384635825
137	14	1	1	-0.156681521307147	-1.11929870567059	0.332733600486905
138	14	1	1	-1.23054921751179	-0.629504533247947	0.0378969408867878
139	14	1	1	-0.281403542451393	-0.71212175774554	1.29616556992131
140	14	1	1	1.07138592005394	0.74122877045396	-0.983260362974454
141	15	1	1	-0.824572618164813	-0.866990625290584	0.865924123004142
142	15	1	1	1.09448515752937	0.199590829186299	-1.18404071813863
143	15	1	1	-0.656365021453617	-1.25190653289369	0.152613610419629
144	15	1	1	0.925160688336083	1.06321769595753	1.72648959693488
145	15	1	1	1.48534053806318	-0.504623279021734	-1.53948844002866
146	15	1	1	0.189318522626017	-1.40883192678299	-0.609530744060485
147	15	1	1	-0.16954178767981	-1.3867090841188	1.347553470619
148	15	1	1	-0.460536719434633	1.36404829785221	-0.273893518560459
149	15	1	1	1.29371165740269	0.394110215038886	-0.855393534450804
150	15	1	1	-0.195738390139793	0.44079802286891	-0.291063882716252
151	16	2	2	1.86107727011115	0.663070106353743	1.11669440869109
152	16	2	2	1.84065682108904	2.57769786812398	0.872782669847527
153	16	2	2	2.49200305605586	0.98867295063775	1.27079461287842
154	16	2	2	3.54737833296967	3.04208493191986	1.25260869006835
155	16	1	2	-0.144303932560312	0.468291206127495	0.619083905509878
156	16	2	2	2.46273370250069	2.96940255615276	0.703569537785844
157	16	2	2	2.43568692216897	2.28484149537362	0.908561816503861
158	16	2	2	2.06511617111676	-0.406893098726907	1.7284867649081
159	16	2	2	2.28750807393777	3.23056725944281	0.913987820353372
160	16	2	2	2.24933385398828	2.4129430357248	2.52080480109238
161	17	2	2	1.16978745579442	-0.803924577676711	0.569956489737453
162	17	1	2	-0.478172642867829	-0.145686240823143	1.21961351518164
163	17	2	2	3.33919229517934	3.41900720468726	1.14541588379852
164	17	1	2	1.85428671241761	3.12907956976729	-0.524033862631648
165	17	1	2	-0.370750093807466	-1.95676918707059	-0.446108294821955
166	17	2	2	1.30474670224081	3.28963077203357	0.615289146141786
167	17	1	2	1.78658527600801	0.784274714096087	-0.0604674199486079
168	17	2	2	1.9051783676321	2.10103839026666	2.20443403343385
169	17	2	2	4.04973688437104	2.34389724405817	2.05525923807963
170	17	2	2	1.65585585309413	3.02065784782574	0.31364392502563
171	18	1	1	1.57610669170048	1.23191747468223	-0.201281312870679
172	18	2	1	1.48636757759016	1.80842507822242	0.910613333333725
173	18	1	1	0.499776333008892	0.277693324582792	-1.71474258985005
174	18	1	1	-0.527976073960408	-1.07647619745584	0.904039700533189
175	18	1	1	0.319551935428762	0.356209268280802	1.12640034448428
176	18	1	1	-0.414013769674584	1.53543529550039	-0.0818082698385179
177	18	1	1	0.1616323178302	2.16359376990508	0.628471794131257
178	18	1	1	-0.325695673023823	-0.474821626790712	0.429599285820112
179	18	1	1	-0.497807874687817	-0.360365323852041	2.6636660694081
180	18	1	1	1.19328935089118	1.06106878455229	0.840043677144891
181	19	1	1	-0.305790992666803	1.28613439488194	0.743613527340007
182	19	1	1	-0.927158470783953	-0.650955635786071	-0.311002181930465
183	19	1	1	0.592747232496672	0.27845635682549	-0.379089770179606
184	19	1	1	0.543207529180061	1.40027730256061	-1.46003234764963
185	19	2	1	2.64671589571716	2.37065868507889	0.996463650896191
186	19	1	1	0.524240654077221	2.04825027193246	0.796753193938055
187	19	1	1	-0.73124449698382	-0.0815839776999707	0.231968813267515
188	19	1	1	-1.1962121203326	0.445270964933985	-1.34886080789058
189	19	1	1	0.206188291587411	0.567555024120441	-0.367514352354745
190	19	2	1	1.12463401226616	2.60914091953684	3.34923605974103
191	20	1	1	0.796978547736452	-0.339649465314997	-0.0709743838890823
192	20	1	1	-1.22769297827931	-2.10058026897916	-0.0244141604060666
193	20	1	1	-0.822944546845771	-0.365348586915458	-0.657301297662002
194	20	1	1	-0.189770015588594	-0.664972809981122	0.397584868822247
195	20	1	1	1.75224770524836	1.43431607758349	-0.629619671167826
196	20	1	1	0.959854661019474	1.02426532025441	-0.409614056298601
197	20	1	1	0.102061197686409	0.243251275537441	0.82777827555851
198	20	1	1	-0.937519366580404	-0.603126793233421	0.0738590383447206
199	20	1	1	0.352339667549195	0.328282993611471	0.811076900256054
200	20	1	1	-0.882201583871625	-0.66751300629091	-0.40737638947322
201	21	2	2	1.81332859741117	1.61984834364842	0.709208330052461
202	21	2	2	2.77896480152774	2.79014933764425	0.596346978115135
203	21	2	2	2.01524325032253	2.29137460526524	1.3117802849215
204	21	2	2	1.75469568076486	-0.208974327627834	0.543916528358248
205	21	2	2	2.26743450244361	3.2974159762169	1.10929679541288
206	21	2	2	2.46173750447356	0.828690826173275	1.81679121683293
207	21	2	2	2.44617497548313	-0.0865769741625662	0.0220979284758978
208	21	1	2	-1.08312120269253	-1.19569001510118	0.264390594813867
209	21	2	2	3.13656418261192	3.95440490293621	1.3376015569186
210	21	2	2	3.78880466734761	1.40672409523404	1.42443734059427
211	22	1	2	-0.536685068371805	-0.393754829087923	-2.06711931754394
212	22	2	2	1.80255082319239	0.572838439649874	0.809846346273269
213	22	1	2	1.15432645549294	2.52710351054891	1.06955497234337
214	22	1	2	0.902334061564111	1.77825315556027	-0.826178021776722
215	22	1	2	-1.8471107438745	-0.831687711169243	-1.39935821647402
216	22	2	2	0.78404775758079	0.00780423391709206	1.24627238260016
217	22	2	2	3.20882378068102	4.37325987953875	-0.104670215538997
218	22	2	2	0.60661888655315	1.0453283106202	2.04809253800823
219	22	2	2	1.63242352789769	0.165542501962803	-0.574089184593473
220	22	2	2	3.71281255148109	1.33394577056412	0.0449734976977869
221	23	2	2	1.66074343244727	0.958659334265509	-0.707319888847824
222	23	2	2	2.85644512534891	1.96327818582263	0.897934759293556
223	23	1	2	0.757619176421478	1.66756882358781	0.870478347132872
224	23	1	2	-0.528793152327168	-1.27663775956586	-0.0131870748653823
225	23	2	2	-0.213023102873298	-0.576856771474162	0.335834458457166
226	23	2	2	2.2336018289273	2.49542158750385	1.89085443912022
227	23	2	2	2.5145345928534	-0.27055067058792	1.50801028776773
228	23	1	2	1.38519671070971	1.13912477514003	-1.00990092641406
229	23	2	2	0.911441439502662	1.03796897141289	1.23750542898884
230	23	2	2	1.20069944269208	0.386676996670795	0.70624400132786
231	24	2	2	2.29880027143005	1.04858993284166	0.681511099948527
232	24	2	2	2.19518601477409	2.11640108920727	1.10388153799065
233	24	1	2	-0.70491232342498	0.645683657395345	0.465156175288733
234	24	2	2	2.13776781241541	1.46418932317109	2.2311795947974
235	24	2	2	2.20142328887682	1.25721688160066	2.11584012511308
236	24	1	2	0.154627313924124	1.59890699808207	-0.474649094308322
237	24	2	2	3.01819204840202	1.55068353727994	-0.601750441228087
238	24	2	2	1.05851783386124	-0.684660745101208	2.36207519400537
239	24	2	2	1.55850447056858	1.02800669242046	0.515210565671504
240	24	2	2	2.90881112639103	2.00680346295422	0.390869866314207
241	25	1	2	-0.220325704946049	-0.696203806407033	0.889627015415392
242	25	2	2	3.00111030049552	0.579708199557384	-0.376243373764676
243	25	1	2	-0.419362339948953	-0.369922929893984	-0.456628835864756
244	25	2	2	2.58198959999759	2.15032614820261	0.0683010718666219
245	25	2	2	1.53882477227161	1.61415201234542	1.51430854605962
246	25	2	2	0.746582059616367	1.07348713955623	2.36316928083803
247	25	2	2	4.90182223292487	2.75379728717364	1.46020199939261
248	25	2	2	2.16494324781546	1.81787879569238	1.62172533081032
249	25	2	2	0.827464018810988	-0.976365877425027	-0.0274367862486373
250	25	2	2	4.41481290744763	3.00503779483502	0.101950246549638
251	26	1	1	-0.556007278968266	-2.56893142723269	-0.072948652945518
252	26	2	1	1.43790732362955	1.5601539330387	0.113265021582254
253	26	1	1	-0.0132696936198608	-2.28169011070075	-0.344075272219027
254	26	1	1	-0.205539610427444	0.340809524904163	1.32308084983619
255	26	1	1	1.2863551152223	1.19548535535195	0.456596436083164
256	26	1	1	-0.00587675560743937	-1.14899570866142	-0.64271860052046
257	26	1	1	-0.56347410154657	0.635833469484664	-0.0696458906443553
258	26	2	1	2.33038280204368	0.35571475168118	-0.0731422454488995
259	26	1	1	-0.0525449106643497	1.62926377717301	-0.792498596258021
260	26	1	1	0.265904967059866	1.32189020483643	0.0349973598448657
261	27	2	2	0.706352293827567	-1.85040255651799	0.21115079343756
262	27	2	2	4.53390099435629	3.78355510190041	0.321694289594783
263	27	2	2	2.88967535628219	4.3374952650283	1.31223207655803
264	27	2	2	1.99968130085292	1.22874367817932	0.1401760947447
265	27	2	2	2.41246656632371	2.29014772443278	1.65896991900776
266	27	2	2	1.10428619068085	0.865840326996352	2.25492329712912
267	27	1	2	-0.861799555142653	-0.338880059199592	0.359724862754316
268	27	2	2	1.50348116833398	3.23325273127245	1.24508745517736
269	27	2	2	2.52461478764425	1.58047994323709	1.31405179163769
270	27	1	2	0.19778083144806	0.333922883195148	-0.270973579051676
271	28	1	1	-0.243661746125555	-0.350064081106942	0.177975699904299
272	28	1	1	0.329386076436245	0.198052450640722	-0.433856203534659
273	28	2	1	0.840136299914135	0.424941852962012	-0.393022071554755
274	28	1	1	-0.17876214950883	-1.07170226708992	-2.50199904316402
275	28	2	1	0.992439364567149	-0.630433006122481	1.20818867121603
276	28	2	1	2.33827979954674	1.09980205661597	1.33759555189717
277	28	1	1	0.38010614779071	0.39577505722945	-0.539899739116012
278	28	2	1	0.222999400985374	-1.72803714384622	0.543014075041788
279	28	1	1	-1.81937295290065	-1.05678558152383	-1.05400489012225
280	28	1	1	-0.813471802409191	-1.19432025127496	0.390459985520455
281	29	1	2	0.873264349921406	0.147790197708044	-0.328718740037246
282	29	2	2	2.68864514485082	0.859362736085611	1.07360700974532
283	29	1	2	-0.396772649536139	0.386289331650674	-0.212458512292562
284	29	2	2	0.2976335066299	-0.382121121977871	1.9005844933989
285	29	2	2	2.36675485426497	3.72828009823482	0.339524416144792
286	29	2	2	2.43392591334444	2.0320224711799	1.07778623898104
287	29	1	2	-0.35355763840705	-0.440858433855772	-0.30523129664673
288	29	2	2	2.63253918286346	2.60168120593803	-0.332463006821474
289	29	1	2	-0.662771721697078	-1.39445816508518	0.538662201753403
290	29	2	2	2.3634963039959	0.900031851314337	0.989178638068383
291	30	1	1	-2.63587973430542	-2.87709064831138	-0.865914767388655
292	30	1	1	-1.18307429409843	-1.11558210318006	-0.646999374118867
293	30	1	1	-0.749874558410225	-0.162860420581803	-0.394675567281801
294	30	2	1	0.717282330737834	0.0622892205274048	0.418546502357148
295	30	2	1	1.73137955840542	0.282383723815461	0.627657189389731
296	30	1	1	0.746485560314266	1.6674938773433	-1.71763660786711
297	30	1	1	-1.47535684757233	0.0487853712378516	0.258954234199673
298	30	1	1	-0.578900495275292	-0.822500700133568	-0.785100474072091
299	30	1	1	0.84773924769624	-0.214132342378536	-0.521115808589416
300	30	1	1	-1.25832144486236	-0.612395413132402	0.0746583242319453
301	31	1	1	-0.0125899084035474	0.22009989681933	1.01231202536308
302	31	2	1	2.72699047646471	1.09754754391987	0.497850060766278
303	31	1	1	1.4377435507535	3.35053083924889	0.0852380391852749
304	31	1	1	-0.0696041356717014	0.537164232418742	0.146682824120506
305	31	2	1	1.44454228239272	0.675752505613293	0.653015940342998
306	31	2	1	1.11009775913816	0.837657803832898	0.741916593404209
307	31	2	1	1.5208948509694	1.26699044390907	0.66845208061066
308	31	1	1	-1.32768146258791	0.277740998179556	0.731398434718984
309	31	1	1	0.516855816265151	0.467495710045231	0.888102594409958
310	31	1	1	1.41481118878199	-0.405525475199604	0.459250643637563
311	32	1	1	0.42371147120255	2.14410131016448	0.68448498614643
312	32	1	1	-0.120182562786904	0.457869950729273	0.549157338486019
313	32	1	1	0.0576602652026664	-1.5406742905493	0.160454264008568
314	32	1	1	0.632181329335489	0.827081919897743	0.686553771725714
315	32	1	1	-0.154346964333072	-0.270347178309283	-0.230011744858763
316	32	1	1	-0.204458323554882	-0.157350792330538	0.227291045490382
317	32	1	1	1.03687733017659	3.27549492516995	-0.0311853161638615
318	32	1	1	1.37644399692042	0.828175632242734	0.604354263264493
319	32	1	1	1.24246752771631	2.49930894683288	-0.0620835860332609
320	32	1	1	-0.652035068140837	1.74044883711889	1.41084786590527
321	33	2	2	1.39661873826752	-0.00581970720256031	0.624985787914555
322	33	1	2	0.815559129564994	-0.793699852256919	0.0186213506903124
323	33	2	2	3.51857856216494	3.55009338163202	2.22694790865363
324	33	2	2	2.98105095243803	2.59845625845278	2.75959115776686
325	33	2	2	-0.306334399352495	-0.293944506445714	0.461607964882763
326	33	2	2	1.33430712604777	-0.888632694476195	0.503579063950028
327	33	2	2	1.97412150658651	0.36743210745586	2.72986686497309
328	33	2	2	2.57789143712404	3.10182716945141	2.35466801790292
329	33	2	2	1.90899207761967	1.5839569863157	1.18748746045691
330	33	2	2	2.58694449812048	1.59407609706872	1.78834028285342
331	34	2	1	0.920624744073994	-1.38925459454784	0.992160983991352
332	34	1	1	-1.22458939019654	-0.526631690121855	-0.114759255388307
333	34	1	1	-1.49900519004844	-3.01825407324352	-0.539328978906606
334	34	1	1	0.370901772620354	-1.1051751235184	0.204189702202408
335	34	1	1	0.560775660579169	0.940172536701306	-1.05232958039042
336	34	1	1	-2.84723614597792	-3.0476554579277	-0.931893133467535
337	34	2	1	3.10301840375871	3.72648494166445	0.245108013589756
338	34	1	1	0.403003000075565	2.98406682426207	-0.818792724346133
339	34	1	1	0.0124529310912976	-0.390584256674359	1.88905817611796
340	34	2	1	2.04376277010305	2.15527684985553	0.209761856302541
341	35	2	2	3.04550878843318	3.6017442334294	-0.142405017603499
342	35	2	2	0.438720213720728	-1.92115233487257	0.612931992234504
343	35	1	2	0.121992780317795	-1.53665096964041	0.994515986573618
344	35	2	2	2.13176586554426	0.356056088288316	1.22630610433764
345	35	2	2	2.60681739728962	3.1460565649045	1.10648617993822
346	35	1	2	1.29387858752278	0.603353678857245	0.664894153467236
347	35	2	2	0.53993152988495	2.56802087345709	-0.890173578531237
348	35	1	2	-0.53139585365242	1.57316352981808	0.0454137892285289
349	35	2	2	0.871916588373035	1.11996054272863	0.201636079756293
350	35	2	2	2.58755365752642	1.84778669027572	-0.109000234497804
351	36	1	1	0.820733740760418	1.96730131105314	1.33664647046958
352	36	2	1	2.37194270861753	0.423669735536619	0.556167796434055
353	36	1	1	1.05753786380922	0.979001497212254	-0.43318346177674
354	36	1	1	0.234823016337262	0.368487126706173	-0.874724978413524
355	36	1	1	0.965357873882425	2.04056253604412	1.23895919446918
356	36	2	1	-0.15270568817223	0.57421534415599	-0.428561070193981
357	36	1	1	1.93418554539502	1.66745044566976	1.22004286775146
358	36	1	1	-1.05558763055237	-1.60183662480791	0.0894645512298132
359	36	2	1	1.81692621755547	0.398922409373421	0.544819626149492
360	36	1	1	-0.589797829259148	0.398117529186453	-0.249539658760556
361	37	2	2	0.262700935557097	-1.09550792923767	-0.419185674774015
362	37	2	2	2.1417029637357	0.522493182737531	-0.0212497662440381
363	37	2	2	0.745560226809198	1.07496651086734	1.58982281077169
364	37	1	2	2.02390070499001	1.16850008774709	-0.523943748301651
365	37	2	2	2.18884775997507	2.79934396793851	0.850300620013962
366	37	2	2	1.56846340022425	0.509834862001885	1.66707993635154
367	37	2	2	1.40084592424172	0.0358616875765512	0.880754971738156
368	37	1	2	-0.297168799025017	-2.46589484920717	-0.134239224705619
369	37	1	2	-0.354061844429589	-0.978978932704519	0.728518929772631
370	37	2	2	3.77614947635517	2.69148152674952	1.83427212146815
371	38	1	1	0.62833708089614	1.00759146811708	0.204886256838779
372	38	2	1	1.24035761215446	0.816646064105565	2.15135980781834
373	38	1	1	-0.749377441644608	0.0837103039199097	-1.00289492292929
374	38	1	1	-1.53344300365103	-1.19887721047736	1.01837816558258
375	38	1	1	0.423611760413619	0.702337086831844	0.645080853957933
376	38	1	1	-0.668942758818098	-0.108104704625732	1.29828938834958
377	38	1	1	-0.613425456878619	-1.23038013534737	0.0389257442071551
378	38	1	1	-0.401823837195416	0.900645813189708	-1.60740763393644
379	38	1	1	0.665375329984828	-0.290272700607478	-0.00277384033284398
380	38	1	1	0.11126534605213	0.513417658699353	-0.973670912888846
381	39	1	1	-1.41983161944503	-1.52417907181343	1.7668570427836
382	39	1	1	1.21560460216683	2.50391022938184	-0.152025373543341
383	39	1	1	-2.23566732883609	-1.88316648213306	1.03662251627519
384	39	1	1	0.930828173631127	1.20862520880919	2.11726720389026
385	39	1	1	-0.0193001740177796	-1.04649376678887	1.0062617226557
386	39	2	1	2.60272618902157	0.56697152603002	0.00899906587916843
387	39	1	1	-1.0963615528073	-1.47388141191989	0.588556557645899
388	39	2	1	0.451234000332003	-0.740721620320251	0.237969475793125
389	39	1	1	2.47317065550358	2.07404306917947	-1.81502569452296
390	39	1	1	-0.587614550479645	-0.871783627417579	1.237022650814
391	40	1	1	-1.05637066459077	-0.227880581722463	1.43512082432358
392	40	1	1	0.734842460708608	-0.713864122818201	0.152746337335297
393	40	1	1	0.899042527450053	0.0950411466274785	0.401176232998465
394	40	1	1	1.11531191299315	1.68528713163141	-0.805156274847438
395	40	2	1	2.16505780080609	0.612287033448461	-1.08453952794071
396	40	1	1	-1.8599052834486	-2.96943215006863	-1.39160402985436
397	40	1	1	0.482476465852217	0.945092068684752	-0.629594537609062
398	40	1	1	-0.870508363979724	-1.6118739587961	0.566733978529148
399	40	1	1	0.428427276318831	-1.16478845886369	-0.680110612191577
400	40	1	1	-2.80790881215224	-2.36837375351614	1.71224812961805
