id	g	browse	lectures	forum_read	forum_post	attendance
1	1	0.73	-0.08	0.3	0.67	0.72
2	1	0.68	0.53	-0.02	-0.55	0.7
3	1	-1.51	-0.51	-0.91	-0.8	-0.97
4	1	0.64	-1.02	-1.62	-1.2	-1.26
5	1	-0.94	-0.37	-0.71	-0.28	-1.52
6	1	-0.36	-0.46	-0.77	-0.43	-1.34
7	1	0.38	-1.85	-0.84	-1.09	-1.12
8	1	-1.44	0.66	-0.67	-1.67	-1
9	1	-0.76	-0.43	-1.04	-0.69	-1.37
10	1	0.26	-0.95	-0.51	-1.89	-1.45
11	1	-0.89	0.29	-0.5	-1.74	-1.06
12	1	-1.15	-1.27	-0.8	-0.65	-0.36
13	1	-0.19	-1.4	-0.9	-1.25	-0.77
14	2	-2.6	-0.84	0.08	-0.84	-1.24
15	2	-1.53	-0.7	-1.12	-0.83	-1.33
16	2	-0.29	-0.14	-0.24	-0.42	-0.26
17	2	-0.26	-0.76	-0.44	-1.52	-1.04
18	2	-2.41	0.41	-1.79	-1.79	-2.29
19	2	-0.51	-1.3	0.06	-0.88	-1.83
20	2	-0.7	-0.11	-0.43	-0.41	-2.12
21	2	-0.82	-0.02	-1.17	0.1	-0.46
22	2	-1.15	-0.57	-1.36	0.26	-0.87
23	2	-0.65	-1.06	-0.97	0.09	-1.91
24	2	-0.61	-0.45	-2.09	-0.66	-1.72
25	2	-1.74	0.24	-1.69	-0.61	-1.43
26	2	-1.56	-0.61	-1.54	-0.09	-0.9
27	3	1.42	0.13	0.49	-0.22	0.91
28	3	-0.3	1.06	0.47	1.23	-0.45
29	3	0.52	1.07	-0.52	1.42	0.41
30	3	1.11	1.25	0.39	1.4	0.37
31	3	1.73	-0.19	0.71	-1.14	0.89
32	3	1.07	0.85	0.85	-0.18	0.39
33	3	0.58	-0.19	-0.67	0.03	0.53
34	3	0.84	0.27	0.04	0.83	1.18
35	3	0.41	-1.22	0	1.13	-0.17
36	3	-0.29	1.45	0.26	0.11	-0.11
37	3	-0.14	-0.61	0.4	-0.33	0.59
38	3	-0.61	0.83	-0.04	-0.11	0.24
39	3	0.18	-1.05	-0.09	0.6	1.41
40	3	0.71	-0.01	1.3	1	1.11
41	4	1.77	0.79	-0.11	0.55	1.51
42	4	-0.36	-0.74	0.71	0.68	0.06
43	4	0.42	1.81	0.93	-0.21	0.89
44	4	0.45	0.63	0.51	0.54	0.88
45	4	-0.11	-0.38	1.23	1.15	0.5
46	4	0.33	0.9	-0.05	0.74	-0.57
47	4	1.2	0.62	0.5	0.78	-0.17
48	4	0.23	0.95	1.57	1.07	0.48
49	4	0.33	-0.21	0.94	0.58	0.58
50	4	-0.36	0.9	0.89	0.87	1.48
51	4	0.59	1.86	0.7	-0.57	0.59
52	4	0.89	1.19	-0.47	-0.18	0.46
53	4	1.63	0.87	-0.3	0.3	0.21
54	5	0.05	0.17	-1.22	-0.11	0.32
55	5	0.21	-2.06	-0.62	-1.06	-0.66
56	5	0.34	-0.91	-0.58	-0.94	0.4
57	5	-1.13	-0.35	-0.4	-0.99	-0.13
58	5	-0.79	-0.27	-1.06	-1.43	-0.81
59	5	-0.86	0.07	-0.11	-1.6	0.5
60	5	-0.66	-1.8	-1.84	-1.29	-1.69
61	5	0.09	-1.39	0.18	1.27	-0.61
62	5	-1.35	-1.53	-1.23	-1.52	-2.12
63	5	-0.8	-0.41	-0.78	-0.43	-2.02
64	5	-0.35	-0.66	-0.94	-0.11	-1.19
65	5	-0.56	-0.75	-0.51	-0.81	-0.7
66	5	-0.53	-2.09	-0.79	-0.41	-0.4
67	5	-1.25	-0.07	-0.02	-0.01	-0.66
68	6	0.53	2.83	0.76	-0.97	1.47
69	6	-0.02	-0.21	-0.74	-0.93	-0.39
70	6	-1.33	-2.25	-1.79	-1.46	-1.53
71	6	-0.96	-0.84	-1.59	-1.82	-1.55
72	6	0.25	-0.05	0.6	1.06	-0.1
73	6	0.98	0.73	1.4	2.34	0.41
74	6	1.52	0.44	1.42	1.01	1.11
75	6	0.46	0.28	-0.49	-0.35	-0.74
76	6	0.33	-0.07	-1.39	-1.07	-1
77	6	0.41	-0.54	0.55	0.09	-0.81
78	6	1.68	2.33	0.33	1.18	1.09
79	6	0.12	-0.03	2.21	0.44	1.24
80	7	1.13	1.21	0.64	0.66	1.14
81	7	-1.69	-0.83	0.56	0.82	-0.13
82	7	1.26	-0.98	0.82	0.08	-0.29
83	7	1.05	-0.69	2.23	0.92	0.02
84	7	-0.66	1.26	0.79	0.76	0.68
85	7	0.16	-0.88	-0.7	0.61	-0.2
86	7	0.46	1.41	0.66	-0.37	0.53
87	7	1.99	0.35	0.25	1.49	-0.84
88	7	0.29	-0.08	0.39	0.83	0.79
89	7	0.01	-0.46	0.02	1.47	-0.08
90	7	1.24	1.43	1.12	0.35	1.27
91	7	-0.02	1.41	1.6	1.13	0.77
92	7	1.17	0.68	-0.43	1.91	0.89
93	7	0.41	0.16	1.45	0.53	0.67
94	7	1.03	-0.43	0.46	0.93	0.73
95	8	1.38	-0.01	-0.33	-0.82	0.2
96	8	-0.05	-0.06	0.12	-0.04	-1.42
97	8	-2.7	-1.57	-1.75	-1.92	-1.34
98	8	-1.67	-0.15	-1.6	-1.62	-0.76
99	8	-1.19	-1.1	-0.44	-0.7	-0.9
100	8	-0.29	-1.07	-0.83	-0.42	0.3
101	8	-1.82	-1.13	-1.32	-0.83	-1.64
102	8	-1.39	-1.38	-0.67	-0.34	-0.63
103	8	-1.61	-0.2	-0.58	-0.66	-1.19
104	8	0.19	-1.45	-1.37	-1.16	-1.04
105	8	-0.87	-1.27	0.05	-0.67	-0.18
106	8	1.43	-0.43	1.33	0.83	2.05
107	8	-0.12	2.11	0.83	0.55	0.16
108	8	0.64	-0.75	0.63	-0.09	-0.29
109	9	1.91	0.33	0.55	1.32	1.09
110	9	0.35	1.77	-0.08	-0.08	0.56
111	9	0.53	-1.27	0.05	-0.45	0.48
112	9	-0.25	0.79	1.36	0.1	0.82
113	9	-0.27	1.52	1.09	0.47	0.18
114	9	-1.55	-0.36	2	0.83	0.47
115	9	1.34	0.6	0.99	1.15	1.7
116	9	-0.84	1.49	-0.27	0.65	1.46
117	9	-0.38	-0.12	0.53	0.55	-0.3
118	9	0.06	1.17	1.73	1.91	0.67
119	9	0.49	2.1	1.41	0.7	0.44
120	9	-0.15	1.04	0.9	0.74	1
121	9	0.31	-1.21	0.53	0.98	0.24
122	9	0.22	0.93	1.08	0.21	-0.36
123	10	0.37	-0.45	-1.35	-0.81	-0.84
124	10	-0.37	0.84	-0.45	0.11	-0.73
125	10	-2.26	-0.48	-0.64	-0.95	-0.64
126	10	-1.19	-0.01	-1.27	-1.61	-1.82
127	10	-1.3	0.41	-0.31	-1.67	-1.17
128	10	-1.09	0.4	-1.39	-0.6	-1.34
129	10	-1.82	1.43	-2.57	-1.01	-0.42
130	10	-0.77	0.4	-0.49	-0.4	-0.84
131	10	-0.99	-1.07	-1.12	-0.54	-0.47
132	10	0.25	-0.05	-1.07	-0.64	-0.74
133	10	-0.95	-1.25	-1.62	-1.22	-1.52
134	10	0.01	1.34	0.75	-0.29	0.78
135	10	1.36	0.11	0.42	-0.31	0.95
136	10	-0.37	-0.89	-0.36	-1.53	0.12
137	10	-1.18	-0.69	-0.24	-0.46	-1.63
138	11	-0.4	0.18	-0.75	-0.69	-2.35
139	11	-0.19	-0.04	2.14	0.18	0.9
140	11	0.43	1.67	0.06	1.32	1.52
141	11	-0.94	0.27	1.15	-0.12	0.27
142	11	0.02	0.58	0.99	2.08	0.71
143	11	0.94	1.01	0.24	0.45	0.58
144	11	0.44	0.58	-0.48	-0.64	0.08
145	11	0.8	0.72	0.55	0.71	1.13
146	11	0.41	2.23	1.2	-0.47	1.19
147	11	1.46	-0.62	0.59	-1.05	1.62
148	11	0.32	0.63	0.34	1.22	0.72
149	11	0.85	0.28	-0.15	0.98	2.41
150	11	0.27	0.49	0.92	1.2	0.68
151	12	1.81	2.22	1.28	0.71	1.71
152	12	0.12	-0.42	0.11	-0.61	0.77
153	12	-0.57	0.38	-0.54	0.35	-0.15
154	12	0.34	-0.63	1.55	2.16	0.66
155	12	-1.19	-0.36	-1.59	-1.27	-1.66
156	12	-0.33	-2.26	-0.49	-0.96	-0.7
157	12	-1.09	-1.94	-1.42	-1.87	-1.47
158	12	-1.83	0.54	-0.27	-0.21	-1.11
159	12	-1.26	-0.44	-1.01	-1.78	-1.04
160	12	-0.01	-0.62	-0.22	1.02	0.02
161	12	0.89	0.27	-0.17	0.36	-0.1
162	12	0.83	0.76	0.84	0.9	2.21
163	12	1.26	2.17	0.61	-1.35	1.14
164	12	0.49	1.03	0.73	1.18	1.08
165	12	-0.42	0.53	0.49	1.92	0.25
166	13	0.75	0.36	0.5	1.5	1.46
167	13	0.69	0.48	0.84	1.07	2.15
168	13	1.28	-0.86	0.59	1.35	0.1
169	13	0.99	-0.17	0.77	0.98	0.86
170	13	0.45	-0.58	0.84	-0.47	-0.92
171	13	0.02	0.71	0.88	0.91	-0.01
172	13	0.55	-0.8	2.19	3.02	0.93
173	13	1.29	1.06	0.52	1.72	0.96
174	13	0.22	1.2	-0.32	0.22	0.43
175	13	-1.47	0.48	-1.57	-0.85	-1.31
176	13	-0.33	-1.07	-0.11	-0.83	-0.31
177	13	0.08	0.23	0.45	0.21	1.65
178	13	-0.19	0.99	1.46	1.39	1.69
179	13	0.97	-1.16	-0.47	0.29	-1
180	14	-1.01	-0.67	-0.75	1.27	0.96
181	14	-0.67	1.09	0.27	0.2	0.52
182	14	-0.54	0.12	2.09	0.22	1.56
183	14	1.27	-1.36	0.66	0.54	0.97
184	14	1.06	-0.03	0.52	1.63	0.8
185	14	-0.29	-0.86	-1.4	-1.02	-0.95
186	14	-0.91	-1.27	0.22	-0.52	-0.07
187	14	1.24	0.93	0.05	0.51	0.55
188	14	-1.9	-0.21	-1.25	-0.59	-1.16
189	14	-0.2	-0.34	-1.14	-0.48	-0.38
190	14	1.46	0.36	1.33	0.77	1.67
191	14	-0.22	0.17	-0.05	0.88	0.37
192	15	-1.53	-0.59	0.11	-0.85	-0.63
193	15	-0.19	-2.07	-1.41	-0.54	-0.82
194	15	-0.3	0	0.22	-1.64	-0.14
195	15	0.9	-0.35	0.51	1.17	-0.02
196	15	1.68	3.1	2.21	0.17	1.99
197	15	0.99	-0.99	-0.55	0.35	0.62
198	15	1.75	0.83	1.57	0.39	1.69
199	15	1.61	1	0.84	1.07	1.47
200	15	0.93	0.4	-0.5	0.82	0.51
201	15	0.38	0.37	1.07	0.18	0.79
202	15	0.23	0.02	1.08	0.92	1.35
203	15	0.76	0.48	0.64	0.51	-0.11
204	15	0.58	0.46	-0.73	1.42	-0.42
205	15	-1.06	-0.06	-0.94	-0.08	-0.1
206	16	1.56	0.73	-0.66	1.13	0.6
207	16	-0.03	0.85	0.59	-0.56	0.62
208	16	0.73	1.67	1.27	0.38	0.33
209	16	0.68	0.09	0.61	-0.32	0.4
210	16	0.08	0	-0.17	1.92	0.56
211	16	0.36	-1.04	0.26	-0.77	0.16
212	16	0.36	1.05	-0.24	1.61	1.09
213	16	1.77	1.86	0.94	1.75	1.38
214	16	1.43	0.02	0.95	1.95	-0.51
215	16	0.97	-0.73	0.78	0.81	0.27
216	16	0.49	0.33	0.41	0.36	1.54
217	16	-0.07	0.88	0.83	0.05	0.93
218	16	1.09	0.75	2.02	0.97	1.56
219	16	1.93	0.87	1.23	0.27	1.25
220	16	2.02	-0.09	0.84	0.22	1.7
221	17	-0.64	1.38	0.95	1.25	0.89
222	17	0.82	2.02	0.65	1.3	1.38
223	17	0.94	-0.32	1.6	-0.3	1.02
224	17	0.23	0.45	0.12	1.01	0.24
225	17	-0.25	1.43	1.12	1.04	0.86
226	17	0.91	0.07	0.11	-0.25	-0.25
227	17	1.93	0.21	0.37	1.24	0.3
228	17	0.23	-0.83	-0.2	0.86	0.27
229	17	-0.23	-0.16	0.87	-0.65	0.4
230	17	0.28	0.3	0.04	0.49	0.36
231	17	-0.15	0.47	1.27	-0.94	0.55
232	17	0.28	0	1.14	2.01	0.52
233	17	0.4	-0.34	0.19	1.13	1.79
234	18	1.15	1.07	1.39	0.17	0.58
235	18	1.27	0.8	0.2	1.97	-0.04
236	18	-0.68	-1.66	-0.62	-1.67	-0.69
237	18	0.91	1.58	0.53	-0.04	1.41
238	18	0.52	0.14	1.68	1.62	0.62
239	18	0.23	0.82	-0.42	-0.06	0.68
240	18	0.48	1.04	0.21	1.18	1.43
241	18	0.18	0.2	0.15	1.9	0.73
242	18	-0.56	1.02	0.57	-0.55	0.79
243	18	0.99	-0.23	0.7	-0.8	-1.03
244	18	0.03	0.93	-0.83	1.34	0.96
245	18	1.53	1.72	1.74	0.62	1.57
246	19	1.57	0.01	1.18	-0.31	0.23
247	19	-1.08	-0.27	-0.52	-0.44	-0.31
248	19	1.82	-0.55	1.5	0.38	0.26
249	19	0.25	0.58	0.05	0.09	0.27
250	19	-1.05	1.72	0.87	1.16	0.42
251	19	-0.41	0.53	0.62	0.15	0.56
252	19	0.02	-1.42	0.23	-0.33	-0.43
253	19	0.06	0.62	1.14	0.42	0.12
254	19	0.16	0.55	0.55	0.74	0.65
255	19	-0.16	-1.06	1.18	0.71	1.12
256	19	1.85	0.79	1.51	0.65	1.5
257	19	0.56	0.74	-0.08	-1.09	0.13
258	19	-0.57	-1.59	-0.49	-1.73	-0.99
259	19	-1.67	0.84	-2	-1.78	-1.58
260	20	-0.95	-0.53	-2.52	-1.89	-1.68
261	20	-1.26	-1.1	-0.79	-0.47	-0.74
262	20	1.74	-0.16	0.51	0.02	1.38
263	20	0.55	0.62	0.07	0.46	-0.21
264	20	-0.66	0.12	0.7	0.15	-0.31
265	20	-1.11	-1.31	-0.6	-0.81	-0.95
266	20	-1.35	0.23	-1.29	-2.28	-1.17
267	20	1.71	0.86	-0.79	1.19	0.92
268	20	1.39	1.98	1.32	0.57	0.51
269	20	1.02	-1.3	0.65	0.25	0.54
270	20	-0.1	1.79	-0.28	0.97	0.32
271	20	1.13	-0.21	1.33	-0.76	-0.5
272	20	0.92	-0.42	0.04	-0.79	-1.23
273	20	1.31	0.62	1.62	-0.43	0.08
274	20	-0.64	-0.84	-1.11	-1.1	0.34
275	21	-0.03	0.54	1.15	0.96	0.08
276	21	1.07	-0.13	0.08	1.57	0.63
277	21	-0.54	0.39	1.6	0.15	0.8
278	21	0.2	-1.04	1.28	1.03	0.1
279	21	0.51	1.07	0.07	2.25	0.56
280	21	1.32	0.36	0.78	-0.15	-0.16
281	21	0.23	1.25	1.45	0.29	0.36
282	21	1.53	0.62	1.29	0.74	0.97
283	21	-0.85	-0.13	-1.44	0.02	-1.4
284	21	-1.85	-0.74	-0.77	-0.71	-0.93
285	21	-1.46	-0.33	-1.21	-0.57	-0.63
286	21	0.48	0.24	1.38	-0.25	-0.49
287	21	1.42	-0.01	-1.19	-0.03	0.71
288	21	0.24	-0.25	-0.09	-1.45	-1.44
289	22	0.79	0.51	-0.01	0.25	0.89
290	22	1.14	0.72	0.78	0.47	1.12
291	22	0.79	0.2	-0.21	0.85	0.17
292	22	1.33	0.69	2.01	2.42	1.87
293	22	-0.63	-0.62	-0.53	-2	-0.29
294	22	0.47	0.52	-0.33	-0.68	-0.66
295	22	-0.86	1.01	-0.54	-0.68	-0.7
296	22	-1.49	-0.3	-1.14	-1.19	-0.53
297	22	-1.19	0.08	-0.17	-1.06	-0.02
298	22	-0.76	0.53	-0.57	-0.43	0.16
299	22	-0.78	-0.25	-1.64	0.48	-0.18
300	22	0.21	0.85	0.56	1.69	0.11
301	22	0.55	0.31	0.62	0.35	0.23
302	23	2.17	1.68	0.88	-0.4	0.42
303	23	0.26	0.93	0.86	1.36	1.01
304	23	-0.67	0.42	0.28	1.11	0.93
305	23	-0.5	1.27	0.42	0.67	1.24
306	23	-0.6	0.02	0.53	-0.02	1.32
307	23	0.36	-1.1	0.27	0.46	0.46
308	23	0.01	0.35	1.43	-0.21	1.89
309	23	0.6	2.17	0.56	-0.6	0.68
310	23	1.09	0.57	0.37	0.87	1.3
311	23	1.49	1.29	1.05	0.26	1.94
312	23	-1.3	0.19	-0.67	-0.87	-1.32
313	23	0.71	2.33	0.43	0.95	1.65
314	23	1.17	-0.6	-0.63	0.5	0.18
315	23	-0.5	-0.64	0.53	1.01	0.16
316	23	0.3	1.44	-0.45	0.48	1.08
317	24	1.05	1.01	0.13	1.65	1.63
318	24	0.59	1.44	1.53	2.14	1.29
319	24	0.57	-1.39	0.61	-0.46	-0.85
320	24	-0.42	-0.56	-1.09	-0.44	-0.61
321	24	1.66	0.9	0.41	0.58	0.9
322	24	-0.71	-1.48	-0.97	-0.68	-1.2
323	24	-0.66	-0.67	-0.21	-0.66	-0.82
324	24	-2.29	-0.11	-1.51	-1.28	-0.92
325	24	0.35	1.19	-0.29	0.67	1.6
326	24	-0.16	-0.08	0.72	0.88	1.35
327	24	-1.36	-1.77	-1.11	0.64	-0.37
328	24	-1.42	0.11	-0.41	-0.96	-0.71
329	24	0.88	0.45	0.23	-0.26	0.1
330	24	-0.39	0.33	0.12	1.09	-0.17
331	25	1.3	-0.39	-0.71	0.32	0.42
332	25	-0.29	0.66	1.3	-0.89	0.3
333	25	1.14	2.85	0.61	0.61	1.53
334	25	2.1	-0.12	-0.45	-0.29	0.24
335	25	-1	-0.38	-1.49	0.35	0.11
336	25	0.45	-1.23	-0.78	-1.5	-1.14
337	25	0.2	1.5	0.38	0.77	0.5
338	25	0.95	1.41	-0.22	-0.48	-0.17
339	25	-0.08	1.35	0.47	1.26	1.29
340	25	-0.11	-1.33	-1.14	-0.52	-0.52
341	25	0.21	-1.63	1.03	2.11	0.79
342	25	1.39	-1.99	-0.33	0.87	-0.01
343	25	1.67	-0.82	-0.05	2.64	0.22
344	25	1.81	0.41	0.04	-0.21	1.72
345	26	0.59	1.58	1.09	1.63	1.34
346	26	1.24	-0.15	0.19	-2.15	-0.39
347	26	0.37	1.36	0.41	1.13	-0.42
348	26	1.85	-0.06	0.67	-0.42	1.68
349	26	0.61	-1.07	1.25	0.8	0.07
350	26	1.55	0.03	1.14	1.39	1.74
351	26	1.62	0.7	0.73	-0.36	0.31
352	26	0.59	1	0.21	1.08	0.91
353	26	1.25	0.3	1.58	-0.23	0.05
354	26	-0.63	-0.56	-0.21	0.22	0.2
355	26	0.38	0.54	0.49	0.4	0.63
356	26	0.95	1.95	0.24	-0.85	-0.23
357	26	0.77	0.49	-0.17	-0.48	0.85
358	27	1.61	1.02	1.38	-0.35	1.47
359	27	0.86	-0.63	0.03	1.01	0.84
360	27	0.9	0.4	1.11	0.34	0.38
361	27	-1.46	-0.81	-1.22	-1.15	-0.96
362	27	-0.55	0.08	-1.25	-0.02	0.03
363	27	0.21	-1.63	-0.47	0.04	-0.21
364	27	-1.56	-0.16	-1.02	-0.73	-1.02
365	27	-0.38	0.34	0.6	-1.87	-0.84
366	27	0.17	-0.97	-0.2	-0.53	-0.62
367	27	1.26	-0.34	0.44	0.51	0.63
368	27	0.68	1.95	0.37	1.14	1.28
369	27	0	-0.32	1.14	1.46	1.04
370	27	1.15	-0.46	-0.17	0.63	0.2
371	27	1.13	0.8	0.24	0.13	0.25
372	27	0.39	1	0.59	1.54	1.98
373	28	0.69	1.04	0.71	0.61	0.59
374	28	0.91	-1.55	1.92	0.52	1.61
375	28	-0.89	-1.65	-1.18	-0.78	-2.2
376	28	-0.7	-0.47	-0.64	-0.17	-0.59
377	28	-1.85	-0.03	-0.27	-1.04	-2.45
378	28	-0.17	-0.38	-0.85	-0.25	-1.2
379	28	-2.07	-1.48	-0.62	-1.57	-1.12
380	28	0.57	-0.57	-1.5	1.24	0.07
381	28	0.22	-0.53	0.24	0.74	0.89
382	28	0.64	-1.52	0.33	-0.93	-0.29
383	28	0.58	1.45	1.09	1.79	2.19
384	28	0	-1.09	-1.04	-0.26	-0.69
385	28	1.43	0	1.18	1	0.18
386	28	0.03	0.45	0.27	0.77	0.21
387	28	0.45	2.73	1.59	0.96	0.84
388	29	-0.08	1.07	-1	1.54	0
389	29	1.48	0.2	0.54	-0.15	0.08
390	29	-0.18	-0.39	2.41	2.22	0.77
391	29	-0.03	0.01	-1.05	-0.7	-0.98
392	29	-0.11	-0.29	1.21	1.31	0.98
393	29	0.72	0.36	1.41	0.28	2.27
394	29	-0.13	0.74	1.14	-0.15	0.56
395	29	0.73	0.09	0.39	-0.75	0.4
396	29	0.33	1.11	0.61	0.72	1.34
397	29	1.21	1.83	0.63	1.97	0.43
398	29	-0.37	-0.12	0.92	0.99	0.71
399	29	0.9	0.37	0.97	0.95	0.09
400	30	-0.4	-0.66	-0.72	-0.38	-1.41
401	30	-1.45	1	-1.04	-0.84	-1.43
402	30	-1.11	-0.44	-0.29	-0.38	-1.55
403	30	-0.66	-2.25	-0.93	-1	-0.34
404	30	0.1	-0.57	-1.15	0.12	-0.57
405	30	-1.74	-0.99	-0.42	-1.35	-1.96
406	30	-0.94	-1.3	-0.03	-0.39	-0.94
407	30	-1.72	-0.28	-0.86	0.09	0.83
408	30	-0.91	-0.81	-0.47	-1.33	-0.41
409	30	-1.76	0.14	-1.27	-0.69	-0.66
410	30	0.22	0.7	-0.35	-0.71	-0.61
411	30	-1.06	-1.15	-1.35	-1.59	-1.48
412	30	0.63	-1.47	-1.08	-0.8	-1.81
413	30	-0.1	-0.46	-0.76	-1.42	0.37
414	30	-1.44	-0.5	-0.89	0.19	-0.91
415	31	0.16	0.07	-1.29	0.14	-0.72
416	31	-1.78	-1.01	-0.15	-1.35	-1.59
417	31	0.01	-0.86	-1.38	-0.64	-1.01
418	31	-2.08	-0.14	-0.76	-0.69	-2.1
419	31	0.04	1.75	0.27	0.07	0.68
420	31	-0.81	0.07	-1.42	-0.47	-0.03
421	31	-0.89	-1.24	-1.98	-0.64	-1.6
422	31	-1.14	-1.31	-1.64	-1.47	-1.52
423	31	0.04	-0.14	-1.37	-0.98	-0.78
424	31	0.98	1.63	0.57	-0.4	0.15
425	31	1.02	1.42	-0.11	0.15	0.88
426	31	1.35	0.07	0.14	0.52	0.59
427	31	0.19	0.86	1.37	1.41	1.54
428	31	1.09	1.77	0.25	0.44	1.01
429	32	0.08	0.34	0.63	1.54	0.83
430	32	-0.09	0.82	1.49	-0.29	0.78
431	32	-1.52	-0.5	0.86	1.32	-0.14
432	32	-0.04	2.66	-0.56	1.72	1.38
433	32	1.5	2.13	0.94	0.68	1.68
434	32	0.8	0.74	0.32	-0.06	0
435	32	0.29	-0.13	1.33	2.42	0.4
436	32	-0.29	-0.2	0.81	-0.84	-0.2
437	32	-1.24	0.83	1.79	0.44	0.76
438	32	0.28	-0.72	1.31	0.82	-0.2
439	32	1.11	0.98	0.52	-0.22	0.59
440	32	0.03	0.49	0.21	0.02	-0.56
441	32	-0.09	0.47	1.17	-0.34	0.81
442	33	-1.23	0.1	1.26	1.31	0.19
443	33	0.9	0.79	0.47	-0.12	0.08
444	33	-0.89	-1.49	-1.53	-1.24	-1.97
445	33	0.28	-0.16	-1.1	-1.45	-1.51
446	33	-0.95	-0.59	-0.76	0.95	-0.73
447	33	0.31	0.28	1.12	1.1	1.25
448	33	0.34	0.05	1.01	0.62	0.68
449	33	-0.22	-0.26	-0.49	1.33	-0.36
450	33	1.34	1.72	1.12	0.49	1.12
451	33	0.21	0.82	0.33	-1.59	0.09
452	33	-0.04	-1.77	-0.19	0.09	-0.37
453	33	-0.83	-0.6	-0.44	-1.25	-1.06
454	33	-0.35	-1.47	-0.24	-0.78	-0.8
455	34	0.98	0.89	1.52	1.19	1.22
456	34	0.75	0.95	2.23	1.29	1.47
457	34	-1.41	-0.78	-0.74	-0.34	-1.95
458	34	1.22	0.06	0.98	-0.53	0.73
459	34	-0.44	1.89	0.27	0.83	1.88
460	34	0.34	-0.25	0.04	0.61	0.43
461	34	0.1	0.28	1.42	1.91	0.46
462	34	-0.35	1.06	-0.69	1.06	0.25
463	34	1.45	-0.82	0.41	-0.51	1.33
464	34	0.25	-0.12	-0.06	0.95	1.06
465	34	-0.29	-2.08	-0.41	0.14	-1.1
466	34	-1.17	-1.43	-1.72	-0.14	-0.88
467	34	-0.98	-0.39	-1.03	-0.75	0.04
468	34	-0.85	-2.5	-0.82	-1.36	-0.2
469	35	-0.87	1.56	-0.16	0.91	0.48
470	35	0.46	0.4	1.98	1.03	1.95
471	35	-1.43	-0.98	-1.65	-0.48	-1.1
472	35	-1.65	-0.88	-1.5	-0.87	-0.8
473	35	-0.73	-0.38	-0.89	-0.04	-1.37
474	35	0.08	-1.22	0.25	-1.22	-1.02
475	35	-1.49	-0.88	-0.39	-0.9	-0.77
476	35	-0.69	0.01	-1.71	-1.24	0.16
477	35	-1.21	0.04	-1.24	-0.36	-0.76
478	35	-1.1	0.18	-1.49	-0.74	-1.73
479	35	-1.23	-1.71	-1.03	-0.96	-0.87
480	35	-0.97	-0.64	-1.56	0.27	-1.11
481	35	-1.18	0.54	-2.58	-0.68	-0.78
482	36	0.08	-0.74	1.42	0.8	0.63
483	36	1.96	0.92	2.02	0.95	0.75
484	36	-1.23	-0.57	-0.38	-0.99	-0.53
485	36	-1.13	-0.73	-1.23	-1.16	-2.08
486	36	0.73	2.97	0.62	-0.68	1.41
487	36	0.01	0.1	1.53	-0.21	0.87
488	36	-0.47	0.63	1.42	-0.05	0.46
489	36	0.9	0.95	0.49	-0.19	0.22
490	36	1.28	0.14	2.81	0.72	0.92
491	36	0.88	2.12	0.73	2.47	1.38
492	36	0.33	0.22	0.62	1.48	0.04
493	36	1.16	-0.23	1.51	0.14	0.78
494	36	0.17	-1.69	-0.19	0.29	0.38
495	36	0.71	-0.76	0.65	2.32	1.26
496	37	2.14	-0.23	1.74	1.14	0.21
497	37	0.55	-0.18	1.04	1.1	1.17
498	37	-0.94	0.17	1.13	0.25	0.34
499	37	1.21	1.26	1.18	-0.24	1.41
500	37	0.9	-1.53	0.19	0.22	0.85
501	37	0.56	-0.24	0.26	1.67	1.26
502	37	2.02	0.4	0.4	1.38	1.39
503	37	0.44	0.52	-0.52	1.37	0.39
504	37	-1.11	-1.39	1.12	0.04	-0.74
505	37	0.58	0.03	-0.23	0.44	0.75
506	37	1.26	0.51	0.64	1.16	0.4
507	37	0.49	1.75	-0.08	0.58	0.68
508	37	-1.11	-0.37	-1.53	-0.73	-1.39
509	38	-0.31	0.29	-1.05	-0.95	-0.31
510	38	-0.59	0.62	-1.54	-0.24	-1.75
511	38	-1.35	-1.07	-0.65	-0.08	-1.06
512	38	-1.73	0.25	-1.61	-0.82	-0.52
513	38	-0.85	0.49	-0.06	0	-0.77
514	38	-0.79	-1.55	-1.89	-1.12	-1.74
515	38	0.51	1.72	0.26	-0.39	0.66
516	38	0.83	-0.71	0.45	-0.03	0.14
517	38	0.6	0.2	-0.73	0.1	-0.87
518	38	-0.09	1.25	0.31	0.17	1.86
519	38	1.05	0.3	0.51	-0.37	1.09
520	38	1.96	-0.36	0.34	1.32	0.38
521	38	-0.36	-1.98	-1.29	-0.13	-1.83
522	39	-0.4	-0.39	-0.4	-0.16	-0.26
523	39	-0.53	-0.4	-1.4	-0.99	-0.56
524	39	-0.03	-0.39	-1.28	-0.95	-0.97
525	39	-0.94	0.39	-0.36	-1.01	-1.02
526	39	-0.43	-1.04	-0.46	-0.11	-0.8
527	39	-1.33	-1.27	-0.88	0.06	-0.75
528	39	-2.2	-1.06	-1.22	-1.54	-2.17
529	39	-0.41	-1.85	-1.17	-0.11	-0.61
530	39	-1.04	-0.31	-0.26	-0.71	-0.55
531	39	-0.25	0.82	0.03	-0.91	-0.77
532	39	-1.89	-0.1	-0.15	-0.98	-0.85
533	40	-1.57	1.56	0.65	1.54	1.5
534	40	0.78	-0.07	-0.04	-0.68	1.49
535	40	-0.5	1.14	0.69	0.67	0.55
536	40	0.87	-0.03	1.61	0.84	0.81
537	40	-0.44	-0.68	-0.87	-1.33	-0.42
538	40	0.2	0.67	0.63	0.73	1.22
539	40	0.25	0.49	1.73	0.51	1.95
540	40	1.77	-0.39	1.17	1.49	1.11
541	40	-0.19	0.81	0.02	-0.93	-0.21
542	40	0.82	-0.32	1.22	0.45	0.11
543	40	1.69	0.28	1.57	-0.06	0.02
544	40	-0.76	-0.96	-2.1	-1.53	-2.32
545	40	-1.71	-1.91	-0.83	0.11	-2.02
546	40	-0.77	-0.81	-1.12	-0.5	-0.47
547	40	1.41	0.28	1.3	2.65	1.91
548	41	-0.23	0.94	0.41	0.11	0.5
549	41	-1.63	1.7	0.91	1	1.09
550	41	-0.27	-0.32	-0.08	0.54	-0.05
551	41	1.64	0.8	0.89	0.78	0.48
552	41	-1.02	0.28	-0.87	-0.65	-0.94
553	41	-1.56	-1.02	-0.27	-0.79	-1.45
554	41	1.07	-0.97	-0.05	0.37	0.21
555	41	0.83	-0.64	1.28	0.91	0
556	41	2	0.51	1.37	0.77	0.57
557	41	-0.41	-1.81	1.04	1.05	0.5
558	41	-0.14	0.14	0.62	0.05	1.04
559	41	-1.3	-1.09	0.36	0.7	-0.6
560	41	-0.24	-0.87	0.26	-1.26	-1.28
561	41	-0.42	-1.06	-0.74	-1.98	-0.15
562	42	-0.12	2.58	1.21	1.24	1.46
563	42	-0.64	1.66	2.3	-0.48	0.97
564	42	0.23	0.03	0.51	-0.95	0.16
565	42	-0.62	-0.36	-0.3	-0.09	-0.45
566	42	0.36	-0.12	-1.47	-0.96	-1.62
567	42	0.05	0.59	0.75	-1.45	-1.19
568	42	0.44	-1	-0.32	-1.58	-1.42
569	42	0.08	-0.51	-1.38	-1.82	-1.73
570	42	-1.15	-1.89	-0.63	-0.28	-1.25
571	42	-0.64	-0.98	-1.25	-0.35	-1.88
572	42	-1.14	-1.66	-0.33	-0.86	-0.39
573	42	-0.18	0.56	-0.5	-0.44	-0.97
574	42	-0.59	-1.17	-0.88	-0.41	-0.12
575	43	-0.36	-1.69	-0.15	1.25	0.35
576	43	0.84	0.04	-1.07	-0.36	-0.02
577	43	1.45	0.43	1.03	0.09	-0.07
578	43	0.73	0.09	0.18	0.29	-0.14
579	43	1.28	0	1.05	-0.39	1.03
580	43	0.85	1.23	0.9	-0.17	-0.06
581	43	0.85	-1.9	0.79	-0.01	0.01
582	43	1.65	0.13	0.33	1.12	1.48
583	43	0.11	1.82	1.7	0.89	0.62
584	43	0.9	0.46	-0.47	-1.02	0.2
585	43	0.3	0.99	0.56	0.61	1
586	43	0.64	-0.87	0.44	1.22	0.57
587	43	2.02	0.99	0.16	0.53	-0.1
588	44	-0.42	-0.28	-1.37	-1.16	-0.24
589	44	-0.98	-0.7	-1.49	-0.22	-1
590	44	0.93	-0.59	-1.9	-1.55	-0.94
591	44	0.34	-1.44	0.13	0.59	0.08
592	44	1.3	-0.17	1.2	1.22	0.72
593	44	-0.52	0.18	0.5	0.92	0.97
594	44	0.95	0.96	-0.39	1.93	0.98
595	44	1.1	1.32	1.1	0.21	1.36
596	44	0.76	0.03	0.51	-1.14	-0.88
597	44	-0.1	-0.67	0.21	-0.79	0.5
598	44	0.74	-0.54	0.37	-0.16	2.14
599	44	-0.35	0.81	0.61	0.55	0.04
600	44	0.65	1.04	1.17	0.36	1.28
601	44	0.46	0.24	-0.05	-2.16	0.28
602	44	0.9	0.3	1.4	1.47	0.77
603	45	0.33	1.35	0.45	0.43	0.03
604	45	-0.18	0.29	1.69	0.46	0.6
605	45	0.06	-0.25	0.62	-0.46	0.54
606	45	0.94	1.29	1.01	2.03	1.3
607	45	0.18	-0.03	1.35	-0.24	1.11
608	45	-0.85	-0.86	-1.42	-0.37	-1.1
609	45	-0.58	-0.72	-1.39	0	-2.16
610	45	1.24	0.28	0.92	0.8	0.74
611	45	1.01	0.28	1.23	0.35	0.24
612	45	1.37	-0.13	1.07	-0.86	1
613	45	1.71	0.15	1.27	0.18	-0.1
614	45	1.22	0.09	-0.06	0.7	0.33
615	45	-0.07	1.62	0.47	0.25	0.04
616	45	0.49	1.3	0.56	0.3	1.07
617	46	0.86	1.19	0.09	0.34	0.8
618	46	1.62	0.7	0.87	0.77	1.42
619	46	-0.97	1.93	0.99	1.12	0.17
620	46	0.58	1.06	0.21	1.56	1.11
621	46	-0.58	-0.67	-0.3	-1.02	-0.01
622	46	-0.5	-1.52	-0.28	0.09	-0.55
623	46	-1.79	-0.9	-1.6	-1.04	-1
624	46	-0.12	-0.77	-1.27	-0.89	-0.72
625	46	1.46	1.77	0.5	0.94	1.7
626	46	-0.71	-1.23	-1.37	-0.9	-1.01
627	46	-1.55	-1.16	-0.17	-1.18	-0.76
628	46	-0.51	-0.17	0.63	1.64	0.6
629	46	0.32	-0.26	0.29	-0.88	-0.33
630	46	1.38	0.76	1.85	0.15	1.19
631	46	-0.27	1.22	0.49	2.57	0.86
632	47	-1.65	-0.3	-0.57	0.21	-1.13
633	47	-1.72	-0.03	-1.12	-1.84	-0.53
634	47	-0.9	-0.58	-0.4	-0.38	-0.5
635	47	-0.27	2.01	-0.1	-1.32	0.24
636	47	-1.11	-0.91	0.03	-1.33	-0.54
637	47	-1.15	-0.91	-0.44	-1.81	-0.15
638	47	-1.08	-0.69	-1.7	-1.02	-1.8
639	47	-0.24	3.22	0.39	1.03	0.38
640	47	-0.18	-0.74	1.12	0.44	0.21
641	47	0.12	0.65	-0.05	0.4	1.76
642	48	-1.29	-0.45	-1.11	-0.29	-1.16
643	48	-1.01	-1.22	-1.1	-1.46	-0.77
644	48	-0.54	0.31	1.02	1.02	1.05
645	48	0.87	0.19	1.31	0.5	-0.31
646	48	0.46	-0.82	0.89	-0.2	-0.28
647	48	-0.6	-0.3	1.19	1.2	0.86
648	48	0.21	1.07	0.95	-0.09	0.24
649	48	0.85	-0.82	0	-0.42	-0.13
650	48	0.9	-0.82	0.85	0.27	-0.44
651	48	0.8	1.01	-0.01	-0.65	0.12
652	48	-1.29	0.87	0.9	0.39	0.42
653	48	0.6	0.75	0.75	-0.25	0.09
654	48	-0.44	1.05	0.16	0.59	0.89
655	49	-0.2	1.07	0.78	0.06	0.36
656	49	1.52	-0.6	-2.23	-1.67	-0.2
657	49	0.39	0.08	0.71	0.48	0.44
658	49	-0.69	0.44	-0.65	1	0.21
659	49	1.7	0.43	0.26	1.24	1.35
660	49	0.01	0.07	1.11	0.45	0.18
661	49	1.18	0.25	1.16	0.59	1.28
662	49	-0.04	-2.91	-1.38	-0.81	-1.28
663	49	1.27	0.39	0.29	-0.45	1.04
664	49	0.87	-0.12	-0.01	-0.55	-0.2
665	49	0.1	2.74	0.46	0.89	1.33
666	49	1.28	0.52	1.41	0.34	1.47
667	50	1.57	0.37	0.18	0.93	0.98
668	50	-0.18	0.32	0.87	0.3	0.07
669	50	-1.42	0.88	-0.86	-0.79	-0.37
670	50	0.26	-1.32	1	1.6	-0.07
671	50	-1.49	1.03	0.34	-1.18	1.21
672	50	0.58	0.59	-0.09	0.11	0.29
673	50	1.48	0.25	1.29	1.53	1.26
674	50	-0.79	0.41	1.2	0.57	0.15
675	50	1.11	-0.8	-0.16	0.16	-0.35
676	50	0.58	-0.31	0.41	0.57	1.26
677	50	-0.26	-1.87	-1.38	-0.52	-1.78
678	50	-2	-0.86	-0.47	-0.87	-1.08
679	51	-1.29	-1.32	-1	-0.26	-0.8
680	51	-0.72	-0.78	-1.82	-2	-1.09
681	51	-0.52	0.03	-0.66	-1.73	-2.15
682	51	-2.04	-0.22	-0.94	-0.39	-0.17
683	51	-0.64	-1.15	-0.26	-0.86	-1.05
684	51	1.21	0.83	0.49	0.59	0.6
685	51	0.45	-0.21	0.68	-0.17	-0.1
686	51	1.29	-0.22	-0.14	0.21	-0.78
687	51	0.33	1.48	-0.38	-0.14	1.12
688	51	1.18	0.62	0.41	1.52	1.51
689	51	-1.51	0.02	-0.97	-1.23	-1.46
690	51	-1.77	-1.98	-0.57	-0.75	-1.99
691	51	-0.43	-1.11	-1.27	-0.8	-0.68
692	51	-1.09	-1.68	-1.7	0.21	-0.4
693	52	-0.78	1.69	-0.08	0.26	-0.03
694	52	0.43	1.48	-0.05	1.06	1.49
695	52	-0.23	0.37	0.15	-0.48	0.01
696	52	0.35	1.57	1.54	0.17	0.93
697	52	1.15	1.7	1.34	0.4	0.78
698	52	1.2	1.51	0.7	0.23	0.95
699	52	0.91	-1.48	2.25	-0.05	1.37
700	52	-1.02	0.06	-0.45	0.44	-1.18
701	52	-0.34	-0.24	-0.74	0.3	-0.51
702	52	-1.12	-0.07	-0.36	-2.14	-0.81
703	52	-0.62	-1.28	-1.15	-0.58	-1.14
704	52	-1.65	-1.38	-0.94	-1.27	-0.93
705	52	0.16	-1.68	-0.6	-0.72	0.55
706	53	-1.31	0.17	0.17	-1.44	-1.49
707	53	-0.77	-0.53	-1.03	-0.11	-1.11
708	53	-0.57	-0.65	-0.82	-0.06	0.15
709	53	0.94	-1.67	-1.03	-0.85	-0.54
710	53	-1.45	-0.28	-0.46	-0.78	-0.4
711	53	-0.93	0.55	-0.61	-0.29	-0.12
712	53	0.26	0.31	-0.33	1.74	1.44
713	53	-0.37	0.13	0.31	-0.08	0.3
714	53	0.56	2.13	-0.02	1.48	0.6
715	53	-1.38	-0.92	-2.16	-0.83	-1.3
716	53	0.15	-2.26	-1.78	-0.77	-0.57
717	53	-0.17	-2.16	0.22	-0.49	-0.96
718	54	-0.44	-1.08	-1.57	-0.17	-0.87
719	54	-1.37	-0.37	-0.56	-1.44	-1.01
720	54	-2.04	-1.36	-0.06	-0.92	-0.49
721	54	-0.93	-0.28	-1.63	0.64	-0.07
722	54	-0.11	-0.81	-0.11	-0.9	0.52
723	54	-1.55	-0.96	0.16	0.77	-1.5
724	54	-0.85	-1.41	-0.63	-0.66	-2.44
725	54	-0.73	-0.73	-0.79	-0.22	0.28
726	54	-0.43	-1.8	-0.67	-0.85	-1.32
727	54	0.39	0	0.96	1.25	1.27
728	54	0.75	-1.52	-1.38	-1.92	-0.35
729	54	-1.36	0.66	-0.56	-0.8	-0.1
730	54	-0.52	-0.56	-0.6	-0.88	-0.78
731	54	-0.99	-0.69	-0.71	-0.67	0.04
732	54	-1.06	-0.63	-0.51	-0.16	-1.56
733	55	-0.01	0.58	0.46	0.39	0.09
734	55	0.92	2.77	1.88	0.81	0.81
735	55	0.79	1.53	0.18	0.12	1.12
736	55	0.05	-0.61	-0.69	-2.21	-1.05
737	55	-0.11	-0.22	-1.31	-1.79	-0.95
738	55	-0.85	0.46	0.26	0.9	0.42
739	55	-1.21	-0.3	1.24	0.21	0.51
740	55	-0.1	0.39	0.23	1.32	1.07
741	55	-0.36	1.01	1.42	0.65	1.74
742	55	-0.64	-0.19	0.41	1.79	0.6
743	55	0.57	-1.13	2.14	1.14	1.14
744	55	0.18	0.32	0.29	1.87	1.68
745	55	0.44	0.61	0.13	-0.32	0.35
746	55	-0.59	0.3	-0.21	-1.48	-0.53
747	55	0.19	-0.5	-0.19	-1.31	-0.99
748	56	-0.8	-0.19	-1.35	-0.38	-0.01
749	56	-1.1	-1.17	-1.19	-0.63	-0.71
750	56	0.96	-1.01	-1.55	0.17	-1.24
751	56	-0.57	-0.57	-1.95	-1.05	-2.19
752	56	-0.44	0.11	-0.94	-0.78	-0.12
753	56	-0.7	0.6	-0.86	-1.52	-1.1
754	56	-0.52	-0.7	-0.48	-0.65	-1.51
755	56	0.03	-0.65	-0.76	0.4	-1.17
756	56	-0.31	0.13	-0.46	-0.29	-0.1
757	56	-3.14	-0.45	-2.34	-0.93	-1.32
758	56	-0.34	-1.14	-0.93	-0.34	0.12
759	56	0.21	-1.25	-0.35	-0.26	-1.74
760	56	-0.84	0.14	-1.6	-0.85	-1.28
761	57	-1.48	-1.8	-0.58	-0.56	-0.7
762	57	-0.19	-1.69	-0.84	0.08	-1.35
763	57	-0.83	-0.42	-1.53	-1.29	-0.95
764	57	-1.27	-0.82	-0.76	-1.29	-0.91
765	57	0.96	-0.69	-0.75	-2.61	-0.34
766	57	-0.66	0.83	-1.6	-1.28	-0.78
767	57	-1.49	-0.57	-0.5	-0.9	-0.81
768	57	0.2	-1.54	1.36	0.84	1.13
769	57	0.7	1.4	0.23	-0.87	0.07
770	57	-0.22	-1.39	0.19	-0.52	0.64
771	57	0.07	-0.36	-0.89	-0.4	-1.63
772	58	0.41	0.13	1.28	0.48	1.03
773	58	0.15	0.83	1.29	0.31	1.08
774	58	0.03	-0.35	-0.5	-1.14	0.39
775	58	1.37	0.53	2.69	-0.87	1.83
776	58	-0.9	-1.22	0.34	1.94	1.1
777	58	-1.11	0.19	-1.7	-2.2	-1.75
778	58	-0.12	-0.55	-0.51	-1.17	-1.75
779	58	0.82	-0.25	0.38	0.47	-0.34
780	58	-0.32	-0.18	0.54	-0.73	-0.2
781	58	0.71	0.66	0.36	-0.89	0.64
782	58	0.24	-1.58	0.24	1.14	-0.12
783	58	-1.29	0.55	1.54	0.41	0.29
784	58	0.1	-0.13	1.47	-1.32	1.12
785	58	0.23	2.07	0.02	1.59	0.77
786	58	0.13	0.46	-0.3	-0.27	0.15
787	59	-1.68	-1.47	0.05	-0.97	-1.14
788	59	-0.74	-1.01	-1.68	0.05	-0.26
789	59	-0.37	-0.68	-0.61	-0.74	-1.42
790	59	-1.8	-0.66	-1.31	-2.22	-1.79
791	59	-0.37	-0.85	-1.16	-1.07	-1.13
792	59	0.49	-0.93	-1.21	-2.32	-1.37
793	59	-1.69	-1	-0.6	-0.66	-0.78
794	59	-0.36	-1.01	-0.32	-1.72	-0.85
795	59	0.71	0.11	1.25	1.52	1.53
796	59	0.67	-0.38	0.06	0.47	1.41
797	59	0.65	1.34	1.45	-0.58	0.39
798	59	0.71	1.22	0.21	1.63	1.01
799	59	-1.35	-1.53	-0.97	-0.19	-0.62
800	59	-1.67	-1.81	-1.88	-0.14	-0.93
801	59	-1.45	-0.56	-2.01	0.01	-1.53
802	60	0.64	0.04	1.29	0.2	0.41
803	60	2.49	0.15	1.08	1.21	1.81
804	60	2.22	0.91	0.2	0.25	0.69
805	60	1.67	-0.05	1.1	0.22	0.71
806	60	0.46	0.33	1.89	-0.08	1.77
807	60	-0.16	-0.23	0.36	1.03	1.23
808	60	0.37	2.51	1.35	0.35	1.37
809	60	1.75	0.04	0.65	1.75	-0.27
810	60	-0.44	1.41	-0.17	-0.39	-0.2
811	60	-1.01	-1.82	-0.51	-1.36	-1.14
812	60	-0.09	-1.26	0.68	0.01	-0.1
813	60	1.05	-1.34	2.21	0.1	2.29
814	60	1.2	1.44	1.32	0.63	1.5
815	60	0.61	0.63	0.16	1.56	-0.87
816	61	1.07	-0.17	1.73	0.75	1.46
817	61	-0.19	-0.27	1.06	0.04	-0.88
818	61	0.2	1.35	0.29	1.12	1.7
819	61	0.56	0.88	1.41	1	0.73
820	61	0.88	0.15	0.04	0.53	0.87
821	61	-0.69	-0.75	0.91	2.33	1.14
822	61	1.04	-1.06	1.28	1.02	1.1
823	61	0.03	-0.19	-0.94	-1.75	-0.2
824	61	-1.52	-0.85	-0.71	-0.53	-0.6
825	61	-1.46	-1.7	-1.7	-1.44	-1.12
826	61	-1.13	-1.8	-0.86	-1.56	-1.33
827	61	1.58	0.25	0.06	0.44	0.69
828	61	1.84	0.51	-0.53	0.43	-0.1
829	61	1.15	2.01	-0.36	1.35	0.1
830	61	0.66	0.13	1.12	1.4	1.33
831	62	0.36	0.1	0.64	0.61	0.58
832	62	0.97	0.83	1.67	1.33	1.51
833	62	1.53	0.39	-0.28	0.43	0.88
834	62	-0.07	-1.16	0.06	-0.71	-0.31
835	62	-1.44	-0.58	-0.69	-0.46	-0.96
836	62	-1.97	-0.01	-0.57	-1.31	-0.9
837	62	-1.17	-1.51	-1.09	0.09	-0.99
838	62	-0.5	-1.91	-2.12	-0.99	-1.02
839	62	-1.13	-0.29	-0.76	-0.65	-1.91
840	62	0.18	-0.31	-0.51	-0.63	-0.64
841	62	0.3	-0.94	-0.78	-1.26	-0.54
842	62	-0.29	0.26	-0.79	-0.14	0.36
843	62	-1.44	-0.5	-1.14	-1.14	-0.14
844	63	-0.77	-0.22	-1.43	-0.24	-0.09
845	63	0.6	-1.1	-0.64	-1.69	-1.78
846	63	0.29	0.11	-0.9	0.18	-0.02
847	63	-0.68	-0.36	-0.67	-1.05	-0.61
848	63	1.38	0.09	-0.45	-0.52	0
849	63	-0.12	0.79	-0.12	0.1	0.97
850	63	-0.79	0.5	-1.58	0.52	0.15
851	63	-0.13	0.01	1.09	0.69	-0.72
852	63	-0.85	0.96	0.12	-0.53	0.29
853	63	-0.15	-0.68	-0.09	1.88	1.01
854	63	1.74	-1.95	0.26	-0.21	-0.03
855	63	0.12	2.2	0.24	0.96	0.33
856	63	1.26	0.79	-0.18	0.21	-0.45
857	64	0.45	-0.18	-0.14	-0.2	-0.17
858	64	-1.01	-0.84	-1.4	-0.73	-0.66
859	64	-0.8	0.3	-0.49	0.4	-1.09
860	64	0.14	0.29	1.84	1.48	1.13
861	64	-0.59	2.21	-0.35	0.39	0.94
862	64	1.3	0.11	-0.02	-0.58	-0.5
863	64	-0.69	1.07	0.84	-1.3	0.6
864	64	-0.58	-0.86	0.81	0.38	0.09
865	64	-0.03	-1.62	0.73	-0.15	0.29
866	64	1.35	0.68	0.35	0.51	2.27
867	64	0.97	1	0.46	-1.03	0.53
868	64	0.15	-0.44	-0.31	0.16	0.13
869	64	1.99	0.56	0.95	2.05	1.25
870	64	-0.62	-1.66	-1.85	-0.76	-1.99
871	64	-0.46	0.39	-1.2	-1.27	-0.28
872	65	1.26	0.55	1.04	-0.16	1.36
873	65	0.62	0.75	-0.13	0.37	0.24
874	65	0.93	-0.28	-1.21	1.55	1.04
875	65	1.37	0.08	0.65	0.48	0.87
876	65	0.77	0.56	1.02	0.86	1.27
877	65	0.97	-0.26	0.09	0.91	0.94
878	65	0.41	-0.19	0.74	-0.55	0.83
879	65	1.15	0.57	-0.28	-0.34	-0.05
880	65	1.44	0.98	1.73	1.15	0.88
881	65	-0.25	0.62	0.36	0.28	0.58
882	65	0.65	0.24	-0.22	0.89	1.23
883	65	0.59	0.69	-0.47	2.5	0.25
884	66	0.83	0.2	0.71	1.59	0.89
885	66	-0.77	0.81	0.02	0.68	-0.08
886	66	1.36	0.02	-0.57	-0.11	0.54
887	66	-1.23	0.59	-0.81	-0.49	-0.4
888	66	-0.22	-0.38	-0.95	-1.13	-0.7
889	66	-1.34	-1.28	-1.16	-1.35	-1.06
890	66	1.14	-0.61	0.67	0.24	0.36
891	66	0.11	-0.15	1.22	1.13	-0.02
892	66	0.31	0.04	1.06	-1.23	-0.42
893	66	1.39	0.24	-0.04	-0.76	0.48
894	66	0.78	-0.15	1.51	-0.47	0.67
895	66	-0.47	-0.3	-0.65	-1.02	-1.36
896	66	-1.38	0.69	-0.39	-1.22	-1.57
897	67	1.99	-0.26	1.16	-0.22	0.53
898	67	-0.18	0.94	1.12	2.33	0.02
899	67	2.05	0.83	0.43	0.24	0.84
900	67	1.56	1.09	-0.28	0.17	0.33
901	67	0.34	1.63	0.11	-0.32	0.28
902	67	0.98	0.74	0.27	0.29	0.7
903	67	1.48	0.87	1.07	0.81	2.04
904	67	0.37	0.56	0.9	0.45	0.12
905	67	1.16	-0.57	0.22	0.9	0.85
906	67	0.58	1.1	0.49	0.97	0.09
907	67	-0.01	0.2	0.07	-0.4	-0.18
908	67	-0.88	-0.34	-0.1	0.32	-0.69
909	67	0.25	0.7	-0.1	0.13	1.23
910	68	0.75	0.84	1.78	-0.14	1
911	68	-0.08	0.12	1.8	1.2	0.33
912	68	0.52	-0.07	1.14	-0.77	0.04
913	68	-1.46	-1.05	-0.62	0.16	0.42
914	68	-0.53	1.06	-1.04	-0.11	0.17
915	68	0.82	-0.79	-1.92	-1.5	-0.79
916	68	0.94	-0.44	-0.33	0.31	0.46
917	68	0.67	0.35	0.35	0.05	0.4
918	68	0.98	-0.47	-0.31	1.01	0.59
919	68	0.75	1.29	0.04	0.6	0.71
920	68	0.78	-1.35	-0.69	1.97	-0.22
921	68	0.33	-0.38	-0.52	0.13	-0.07
922	69	1.02	0.5	-0.47	1.84	1.81
923	69	0.68	-0.26	-0.92	0.19	0.14
924	69	-0.58	-0.24	-0.92	-1.43	-1.13
925	69	-0.96	-0.72	-0.97	-0.63	-1.49
926	69	0.2	0.91	1.41	0.45	1.42
927	69	0.83	1.23	0.66	2.06	1.57
928	69	0.16	-0.64	-0.95	-0.53	-0.61
929	69	-1.66	-1.23	0.49	-0.7	-0.69
930	69	0.16	0.69	-0.7	-0.51	-0.5
931	69	-2.14	0.33	-0.33	-2.08	-1.29
932	69	-1.55	-0.26	-0.3	0.83	-1.02
933	69	-0.39	0.08	-1.95	-1.15	-0.49
934	69	-0.66	-1.39	-0.75	-0.46	-0.75
935	69	-0.89	-1.64	-1.02	-0.05	-0.85
936	70	1.43	1.84	-0.21	0.51	0.86
937	70	1.44	2.32	1.47	0.85	0.84
938	70	1.93	2.07	-0.14	1.42	1.51
939	70	-0.11	-1.74	-0.06	-0.58	-1.11
940	70	-1.29	-1.47	-0.85	-0.51	-1.13
941	70	-1.22	-1.65	-1.68	-0.44	-1.8
942	70	-0.54	-1.21	-0.14	-1.13	-0.96
943	70	-0.78	-0.89	-0.86	-1	-0.28
944	70	-0.5	-0.02	-1.53	-0.42	-2.37
945	70	0.09	1.27	0.89	-0.81	1.42
946	70	-0.54	-0.63	-1.21	-0.14	-1.8
947	70	-0.46	-0.89	-0.4	-0.92	-1.79
948	70	-1.15	-0.51	-1.41	-0.65	-0.77
949	71	-0.64	0.46	-0.23	0.3	-1.22
950	71	-1.24	-0.15	-1.46	-1.22	-0.76
951	71	-0.71	-0.21	-0.97	-1.61	-0.24
952	71	-1.34	0.52	-0.74	0.23	-0.46
953	71	-1.69	-0.44	-0.02	-0.56	-0.69
954	71	-1.84	-1.38	-0.23	-0.41	-1.7
955	71	-1.98	-0.27	-2.21	-0.11	-1.55
956	71	-0.1	0.21	-0.06	-1.87	0.72
957	71	-2.07	-0.28	0.37	1.18	-0.69
958	71	0.16	-1.79	-0.53	-1.06	-1.07
959	71	-0.61	0.02	-1.22	-0.95	-1.7
960	71	0.15	-0.23	-0.2	0.62	-0.21
961	72	1.77	-0.63	0.95	1.81	0.61
962	72	0.02	1.69	1.1	0.85	0.95
963	72	-0.06	0.68	0.44	-0.09	0.3
964	72	1.68	-0.95	0.07	0.33	0.68
965	72	0.47	0.12	0.93	1.43	0.85
966	72	0.37	-0.02	0.08	-0.3	0.6
967	72	2.11	1.32	-0.13	1.01	1.12
968	72	-0.48	-0.11	1.38	-0.38	1.36
969	72	0.75	0.03	-0.11	-1.3	-1.43
970	72	-0.14	0.32	-0.74	1.88	0.16
971	72	0.87	-1.86	1.38	-0.45	0.74
972	73	0.68	-1.29	-1.01	-0.76	-0.59
973	73	-0.31	-1.65	0.08	-0.56	-1.31
974	73	-1.34	1.26	0.38	-0.35	-0.73
975	73	-0.4	-0.78	-1.35	-1.37	-1.75
976	73	-1.36	0.23	-0.2	-1.52	-0.76
977	73	-0.19	-1.12	-1.17	-0.36	-0.37
978	73	-1.66	-1.58	-0.84	-1.31	-1.34
979	73	-0.35	0.1	-1.14	-1.69	-0.51
980	73	-0.74	-2.41	-0.9	-0.8	-2.26
981	73	-0.66	-0.78	-1.02	-1.12	-0.91
982	74	-1.84	0.35	-1.13	-1.04	-1.73
983	74	-0.44	-1.15	-0.97	-0.71	-1.64
984	74	-0.8	-0.63	-0.43	-0.13	-0.7
985	74	-0.03	0.18	0.2	0.73	0.16
986	74	-1.45	-0.86	-1.42	-0.35	-0.99
987	74	-0.75	-0.45	-1.36	0.35	-0.08
988	74	-0.5	-0.83	0.24	-0.82	-0.76
989	74	-0.67	-1.22	-0.11	-1.74	-0.57
990	74	-0.45	-1.33	-1.33	-0.32	-1.51
991	74	-1.28	-0.75	-1.39	-0.37	-1.68
992	74	-1.16	-1.29	-0.11	-0.47	-0.63
993	74	0.53	-1.46	0.44	-1.69	-0.08
994	74	-0.5	-1.53	-0.46	0.34	-0.63
995	75	-1.67	-0.66	-1.11	-1.15	0.33
996	75	-0.92	-1.64	-0.6	-1.47	-0.93
997	75	-0.81	-0.16	-0.81	-0.74	-0.68
998	75	0.57	2.23	1.42	0.9	1.71
999	75	0.34	0.17	0.29	1.79	0.35
1000	75	1.56	3.06	1.15	-1.59	1.11
1001	75	-0.53	0.86	1.19	1.32	0.17
1002	75	1.25	-2.13	0.99	-0.35	0.38
1003	75	0.42	0.18	0.97	1.8	0.27
1004	75	-0.08	-0.29	0.97	-0.47	0.04
1005	75	0.9	0.82	1.06	1.76	0.84
1006	75	-0.54	-0.59	-0.05	0.33	0.09
1007	75	-0.56	-1.45	0.28	-0.68	-1.04
1008	75	1.37	-0.06	0.76	0.98	1.32
1009	75	0.89	0.1	2.52	0.3	-0.25
1010	76	0.51	0.25	-0.5	-0.45	-0.97
1011	76	-1.03	-0.88	-1.63	-0.69	-1.5
1012	76	-1.06	-1.44	-0.16	-1.08	-0.36
1013	76	-1.11	-0.34	-0.32	0.78	-1.05
1014	76	-1.17	-2.07	-1.17	-1.54	-2.14
1015	76	-0.1	0.87	-0.81	-0.06	-0.52
1016	76	-0.57	-0.76	-1.39	0.33	-2.32
1017	76	0.11	0.18	0.54	-0.09	0.36
1018	76	-1.49	1.3	0.02	-0.08	-0.19
1019	76	0.78	0.06	0.93	0.59	0.42
1020	76	1.3	0.66	0.38	0.25	0.42
1021	76	-0.67	-0.12	-1.65	-0.52	-1
1022	76	-2.02	-1.03	-1.71	-1.33	-1.02
1023	76	-0.11	-1.4	-1.04	-1.16	0.13
1024	77	-0.27	0.03	-0.79	-1.9	-0.02
1025	77	0.79	0.47	0.62	0.78	0.18
1026	77	-0.85	1.51	1.33	0.14	0.67
1027	77	0.69	0.08	0.18	3.1	1.24
1028	77	1.27	0.85	0.72	0.13	0.46
1029	77	1.66	0.8	0.43	-0.46	0.64
1030	77	-0.05	-0.52	0.95	-0.56	-0.68
1031	77	1.32	0.55	1.21	0.65	0.54
1032	77	0.12	1.04	-0.1	0.4	0.25
1033	77	-0.72	0.29	-1.11	-1.04	-1.11
1034	77	-0.3	-1.96	-1.47	-0.59	-1.75
1035	78	0.54	0.42	1.07	0.94	1.07
1036	78	-0.07	-0.1	0.79	0.49	1.52
1037	78	-0.44	-0.68	0.11	3.1	0.84
1038	78	1.01	-0.43	0.7	1.46	0.14
1039	78	-1.34	-1.51	-0.64	-0.15	-1.67
1040	78	-0.04	-0.17	1.01	-0.04	0.94
1041	78	0.23	1.91	0.76	0.32	0.79
1042	78	0.48	1.05	1.09	0.59	0.72
1043	78	0.04	0.61	1.09	-0.31	0.06
1044	78	0.2	1.03	0.28	0.55	0.98
1045	78	0.88	-0.26	1	-0.11	0.4
1046	78	0.52	0.94	1	-0.37	0.4
1047	78	-0.86	-0.34	0.12	-0.04	0.58
1048	79	1.75	-0.35	-0.42	0.73	0.07
1049	79	-1.3	-0.35	-1.2	-1.43	-1.69
1050	79	-0.78	0.08	-0.86	-0.7	-1.16
1051	79	1.58	0.9	0.01	0.89	0.88
1052	79	-0.11	-0.43	-0.17	1.66	0.83
1053	79	-0.88	0.09	-1.1	-0.85	-1.32
1054	79	0.2	1.53	0.97	-1.74	0.53
1055	79	1.37	0.89	1.81	0.96	0.97
1056	79	0.96	2.22	1.56	0.32	1.62
1057	79	0.95	1.89	1.24	1.17	1.38
1058	79	-0.85	0.49	-0.1	1.16	0.4
1059	79	-0.66	-0.24	0	0.53	-0.22
1060	79	-0.79	-1.28	-1.25	0.35	-1.75
1061	79	-0.14	0.07	-0.7	-0.51	-1.06
1062	80	-1.81	0.19	-0.78	-1.36	-0.05
1063	80	-1.22	-1.41	0.26	-0.48	-0.07
1064	80	-1.66	-0.58	-1.49	0.07	-0.98
1065	80	0.21	0.23	-1.25	-0.57	-1.09
1066	80	1.31	0.49	1.5	1.11	1.46
1067	80	2.44	-0.81	2.27	-1.11	0.6
1068	80	0.11	0.58	0.95	-0.87	1.01
1069	80	0.36	1.09	1.5	1.93	1.31
1070	80	1.15	-0.09	0.26	-1.13	0.29
1071	80	-0.13	-1.66	-1.83	-0.63	-1.38
1072	80	-1.02	0.27	-1.29	-0.12	-1.09
1073	80	0.33	0.36	0.29	-0.87	0.19
1074	80	-1.34	-0.77	-0.63	-0.82	-0.4
1075	80	0.18	0.37	-0.01	0.85	0.07
1076	81	-0.06	-0.05	0.4	-0.7	-0.21
1077	81	1.33	-0.75	-0.64	1.45	1.29
1078	81	-0.03	-1.52	1.94	1.2	-0.32
1079	81	1.53	0.01	1.17	-0.57	0.47
1080	81	1.27	0.36	1.2	0.13	0.65
1081	81	0.96	0.49	-0.01	0.61	1.54
1082	81	-0.34	-0.15	-0.46	-0.51	-0.87
1083	81	2.33	1.69	0.53	0.61	1.92
1084	81	-0.26	-0.86	-0.4	0.09	0.8
1085	81	-0.1	-0.3	1.79	-0.21	-0.29
1086	81	-0.13	-0.86	-0.37	-1.02	0.29
1087	81	-0.28	0.47	-0.89	-0.74	-0.58
1088	82	-1.62	-0.16	-1.07	-1.5	-1.06
1089	82	-1.35	-0.59	0.13	-0.85	-1.29
1090	82	-0.88	0.08	-1.16	-1.09	-1.16
1091	82	-1.59	0.46	-0.66	-2.01	-0.43
1092	82	-0.09	-1.24	-0.85	-1.51	-0.75
1093	82	-1.07	-0.65	-0.95	-1.22	-1.49
1094	82	0.27	-0.63	-1.02	-1.03	-0.75
1095	82	-0.34	0.38	-0.51	-1.47	0.47
1096	82	-0.92	1.38	-0.42	-0.67	-0.79
1097	82	-1.27	-1.04	-1.6	0.1	-1.61
1098	82	-1.26	-0.33	-1.93	-1.71	-0.87
1099	82	-1.85	-0.2	-2.17	-1.51	-1.38
1100	82	-1	-1.12	-0.92	-1.59	-0.88
1101	82	-0.7	-1.85	-0.01	-0.76	-0.27
1102	82	-0.2	0.36	-0.88	-0.63	-0.09
1103	83	0.4	0.02	0.62	1.63	1.42
1104	83	-1.69	-0.53	-2.14	-0.42	-1.01
1105	83	-0.01	-0.79	-0.52	-1.56	-0.94
1106	83	-1.72	0.55	-0.33	-0.11	-0.41
1107	83	0.06	-1.88	-1.25	-1.37	-1.01
1108	83	0.27	-1.11	-0.76	-0.62	-0.15
1109	83	0.13	0.87	-1.74	-0.11	-0.27
1110	83	-0.3	-1.41	-1.26	-1.42	-1.16
1111	83	-1.85	-0.41	-0.57	-1.6	-0.74
1112	83	-0.31	-0.35	-1.76	-1.01	-0.48
1113	83	-0.53	-2.64	-1.1	-2.21	-0.28
1114	83	-0.8	-0.54	-0.39	-0.3	-0.08
1115	83	-1.76	-1.18	-0.89	-0.26	-1.24
1116	83	-1.41	-1.27	-1.28	0.18	-0.77
1117	83	-0.36	-1.55	-0.49	0.09	-0.75
1118	84	-0.97	-0.55	-0.49	-0.74	-0.35
1119	84	-1.3	-0.57	-0.68	-0.19	-0.59
1120	84	1.08	0.65	-0.85	-1.21	-0.77
1121	84	-1.09	-0.81	-1.59	-2.09	-0.41
1122	84	0.03	-0.72	-0.4	-0.29	-0.98
1123	84	-0.19	-1.93	0.04	0.26	0.19
1124	84	-1.88	-0.66	-0.92	-1.25	-1.83
1125	84	-0.87	-1.63	-0.51	-0.66	-2.05
1126	84	-1.89	-0.87	-0.51	-1.13	-1.96
1127	84	-1.24	-0.8	-0.28	-1.29	-1.44
1128	84	-0.25	-0.99	-1.11	-0.65	-1.15
1129	84	1	-0.5	-1.08	-1.15	-1.81
1130	84	-0.69	-0.59	-1.28	0.92	-1.37
1131	84	-1.82	-1.17	-0.23	-0.89	-0.55
1132	85	-0.71	-0.05	1.46	0.89	0.67
1133	85	1.54	1.21	1.66	1.46	0.93
1134	85	0.56	-1.36	1.84	0.82	-0.18
1135	85	-0.06	-0.76	0.69	3.05	0.56
1136	85	0.26	0	0.59	0.31	0.3
1137	85	0.66	0.04	-0.47	-0.6	-0.42
1138	85	1.44	-0.1	0.51	0.19	-0.12
1139	85	-2.16	-0.64	-2.18	-0.33	-1.05
1140	85	1.38	0.92	0.1	0.86	0.61
1141	85	1	-0.03	0.1	-0.19	0.9
1142	85	-0.2	-0.07	0.83	1.01	1.15
1143	85	1.42	-1.04	1.17	0.34	0.52
1144	85	-0.21	0.41	-1.05	-0.93	-1.22
1145	85	0.92	1.05	-0.45	1.47	0.19
1146	86	-0.39	0.19	-1.8	-0.21	-0.61
1147	86	-0.93	0.83	-1.45	-0.61	0.17
1148	86	0.01	0.45	-0.28	-0.5	-0.2
1149	86	-1.64	0.5	-1	-0.4	-0.55
1150	86	-1.54	-0.74	-0.86	-0.79	-1.92
1151	86	-0.51	0.32	-0.28	-0.11	-1.43
1152	86	0.46	-1.25	-0.44	-0.62	-1.03
1153	86	0.11	-1.13	-0.62	0.33	-0.53
1154	86	-1.47	-0.87	0.05	1.03	0.87
1155	86	-0.57	1.19	-1.25	2.39	-0.5
1156	86	0.36	0.12	0.46	0.77	-0.42
1157	86	1.05	1.76	1.45	1.23	0.09
1158	86	0.54	2.76	1.01	1.34	0.33
1159	86	-1.07	0.28	-1.14	0.21	0.06
1160	86	-0.44	-1.23	-0.52	-0.24	-0.57
1161	87	-1.75	-0.47	0.8	-0.01	-1.14
1162	87	-0.45	0.31	0.23	-0.7	-0.39
1163	87	-1.47	-0.74	-2.32	-0.95	-1.41
1164	87	0.19	-1.22	1.25	0.92	0.94
1165	87	-1.35	-0.8	-1.41	-0.84	-2.04
1166	87	0.85	-1.14	0.43	1.46	-0.23
1167	87	0.82	-0.47	0.94	-1.37	0.13
1168	87	1.65	-0.54	0.43	-1.24	0.95
1169	87	-0.26	-1.64	-0.04	0.32	0.99
1170	87	0.32	0.08	0.2	0.77	1.08
1171	87	0.58	0.35	0.67	-0.11	0.55
1172	87	0.44	0.64	1.42	-0.22	0.84
1173	87	-0.67	-0.67	-1.25	-0.48	-0.98
1174	87	0.72	-0.92	-0.58	-0.01	-1.08
1175	88	1.1	-0.7	-0.87	-1.81	-0.79
1176	88	-0.01	-1.88	0.4	0.18	0.25
1177	88	-0.01	0.23	-1.63	-0.16	-1.41
1178	88	1.01	-1.2	-0.3	-0.94	-1.3
1179	88	-0.27	-0.98	-1.06	-1.32	-0.39
1180	88	0	-0.29	-0.95	-0.25	-0.41
1181	88	0.21	0.23	-0.94	-0.27	-1.25
1182	88	0.19	0.96	0.89	1.67	1.53
1183	88	0.14	0.18	-0.01	-0.81	0.45
1184	88	0.23	1.09	1.19	2.16	1.59
1185	88	1.31	1.4	0.31	0.42	0.95
1186	89	-0.99	-0.03	-0.56	-0.63	-1.22
1187	89	0.39	1.27	0.87	0.93	0.23
1188	89	-0.71	-1.39	-1.27	-0.05	-1.47
1189	89	0.41	0.15	1.71	0.33	1.13
1190	89	0.29	1.33	0.66	1.06	0.87
1191	89	0.02	0.2	0.78	0.12	0.09
1192	89	-0.6	0.89	0.63	-0.03	0.78
1193	89	0.23	-0.54	-0.68	-1.43	-0.33
1194	89	-2.03	-0.67	-0.11	-0.76	-2.05
1195	89	-1.04	-0.95	-0.48	-0.41	-1.56
1196	89	1.08	0.43	0.91	0.86	0.97
1197	89	1.06	0.53	1.24	0.76	1.55
1198	89	0.98	0.58	-1.2	1.74	1.21
1199	89	-0.93	-0.23	1.04	0.07	-0.02
1200	90	1.34	1.05	0.12	1.59	1.46
1201	90	0.49	0.48	-0.65	-0.22	-0.33
1202	90	1.42	-1.2	1.28	0.74	-0.11
1203	90	-1.03	0.2	-1.55	1.59	-0.58
1204	90	-0.22	0.37	1.16	-0.16	0.25
1205	90	0.61	1.05	0.93	-0.38	-0.23
1206	90	1.16	-0.1	0.5	-0.01	0.48
1207	90	-0.34	1.7	0.74	0.68	-0.05
1208	90	1.74	1.78	1.04	-0.05	1.02
1209	90	1.2	-0.91	0.28	1.32	-0.46
1210	90	0.74	-0.45	0.95	0.03	0.67
1211	90	0.74	0.04	-0.56	1.01	0.83
1212	90	-1.59	-1.35	-0.74	-0.17	-1.4
1213	90	-0.41	-0.16	-0.69	-1.95	-1.08
1214	91	-1.34	0.19	-2.05	-0.74	-1.4
1215	91	0.06	-0.39	-0.34	-1.54	-0.3
1216	91	-2.79	-0.67	-1.3	-1.25	-1.16
1217	91	-0.77	-1.12	-0.71	1.37	-0.4
1218	91	-0.22	-1.38	-0.37	-0.23	-0.7
1219	91	-1.04	-0.15	1.15	-1.92	-0.7
1220	91	-0.92	0.56	-0.74	0.35	-0.6
1221	91	0.59	0.63	-0.65	-0.17	0.66
1222	91	-1.01	-0.73	-1.08	-0.1	-2.08
1223	91	-0.77	-0.18	-1.07	0.2	-1.74
1224	91	-0.77	-0.93	-0.86	-2.17	-0.53
1225	91	-1.17	-0.23	-0.01	-1.72	-0.77
1226	91	0.11	-0.15	-1.35	-0.99	-1.17
1227	91	0.15	-0.65	-0.76	-1.28	-1.32
1228	91	-0.16	0.45	-0.06	0.7	0.28
1229	92	-0.32	-0.7	-1.03	-1.05	-0.62
1230	92	-0.38	-0.35	-1.47	-0.46	-1.38
1231	92	-0.99	0.62	-0.4	0.17	-0.55
1232	92	-1.5	0.1	-1.16	0.82	0.39
1233	92	-1.53	-0.88	-2.73	-0.01	-1.8
1234	92	-1.49	0.47	-1.62	-0.83	-1.78
1235	92	-1.47	-0.1	-0.51	-1.59	-2.02
1236	92	-0.75	0.28	-0.6	-0.36	0.06
1237	92	0.2	-0.61	-0.82	-0.38	0.19
1238	92	0.3	1.73	0.17	0.65	1.3
1239	92	-0.69	0.45	0.88	0.84	1.36
1240	92	-0.02	1.77	0.2	0.4	1.18
1241	92	-0.44	1.07	1.45	0	1.32
1242	93	-1.11	-1.16	-0.48	-0.62	-0.22
1243	93	0.02	-0.01	-1.77	-1.42	-0.83
1244	93	-1.12	-1.16	-0.79	0.29	-1.76
1245	93	0.33	-0.88	-0.26	-0.21	-1.25
1246	93	0.13	-0.36	-0.43	-0.11	-0.52
1247	93	-1.26	0.12	-1.25	-0.52	-0.65
1248	93	-1.77	-1.77	-1.54	-0.68	-1.59
1249	93	-0.5	-0.67	-1.49	-1.34	-1.23
1250	93	-2.11	-0.82	-2.05	-1	-1.67
1251	93	-0.46	-1.93	-1.23	-0.86	-0.25
1252	93	-1.45	-0.36	-1.28	-0.55	-0.91
1253	93	-1	-0.07	-1.55	-1.38	-1.77
1254	93	-1.94	-1.43	-1.17	0.28	-1.15
1255	94	-0.31	0.79	0.01	0.44	1.4
1256	94	0.32	1.48	1.88	0.74	0.65
1257	94	-0.55	1.4	-0.27	1.3	-0.65
1258	94	1.02	2.49	0.55	-0.78	0.6
1259	94	-1.38	-1.31	-0.01	-1.54	-0.68
1260	94	-0.44	-0.48	-0.79	-0.81	-0.32
1261	94	0.08	1.25	-0.03	0.18	1.27
1262	94	-0.15	-1.09	-0.22	-0.02	0.24
1263	94	1.11	-0.08	1.17	-0.9	1.16
1264	94	1.31	-0.06	1.12	0.43	0.69
1265	94	1.07	1.4	-0.84	0.54	0.77
1266	94	0.05	-0.04	0.7	0.12	-0.01
1267	94	0.23	-0.7	0.27	0.71	0.89
1268	94	0.81	1.94	0.62	0.03	1.2
1269	95	0.68	0.44	1.47	0.46	1.08
1270	95	1.17	0.72	0.44	0.68	0.8
1271	95	1.64	0.88	1.05	0.1	0.85
1272	95	1.17	0.92	0.56	1.26	1.25
1273	95	0.18	1.14	1.63	0.88	1.05
1274	95	1.34	1.05	0.9	0.72	-0.28
1275	95	-0.59	0.9	0.83	-0.9	0.56
1276	95	0.06	-1.34	-1.27	-0.37	-0.39
1277	95	-1.05	-0.28	-2.06	-1.37	-0.88
1278	95	-0.16	1.44	-0.16	0.99	-0.66
1279	95	0.28	-0.05	0.87	0.4	1.32
1280	95	-0.54	1.66	1.05	1.38	2.07
1281	96	-0.05	0.52	1.43	-1.04	0.09
1282	96	1.24	-1.66	0.63	0.54	0.47
1283	96	0.36	0.31	0.93	0.28	0.62
1284	96	-0.57	-0.15	-1.4	-1.5	-1.19
1285	96	0.28	0.53	1.69	0.9	0.65
1286	96	0.66	-1.17	1.61	0.69	1
1287	96	0.34	-0.89	1.02	0.73	1.39
1288	96	0.16	-0.04	0.54	-0.22	-0.16
1289	96	0.03	1.74	0.04	-0.65	-0.62
1290	96	0.97	-0.11	0.13	-1.18	0.06
1291	96	-0.6	1.52	0.45	-0.55	0.32
1292	96	0.96	0.81	-0.41	0.02	0.83
1293	96	0.87	-0.39	1.52	0.84	1.24
1294	97	-0.52	-0.31	-0.8	-0.92	-0.76
1295	97	-0.33	-1.29	-0.04	0.33	-0.12
1296	97	0.38	-0.79	-0.41	-0.29	-1.68
1297	97	-0.49	1.12	-1.44	-1.02	-1.29
1298	97	-1.1	-0.44	-1.25	-1.19	-1.6
1299	97	0.18	0.19	-0.38	-1.01	-0.99
1300	97	0.37	0.15	-0.19	-0.34	0.33
1301	97	0.02	-0.45	-1.79	-0.51	-0.44
1302	97	-1.02	0.79	-1.46	-1.72	-1.71
1303	97	-0.11	0.03	-1.34	-0.5	-0.31
1304	97	-1.29	-0.39	-1.59	-1.54	-2.31
1305	97	-1.05	0.36	-0.85	-0.85	-0.15
1306	97	-0.91	0.6	-1.52	0.01	-1.2
1307	97	-1.27	0.09	-1.34	-1.35	-1.5
1308	98	-0.05	-0.01	0.12	1.55	0.29
1309	98	-0.16	0.69	0.69	1.18	0.75
1310	98	2.01	0.5	2.34	-0.84	0.06
1311	98	1.63	0.61	-0.08	0.94	0.26
1312	98	1.22	0.73	0.93	0.21	0.83
1313	98	-0.09	1.26	-0.31	1.26	0.63
1314	98	1.6	0.2	-0.19	-0.11	1.08
1315	98	0.59	0.84	0.84	-0.83	0.29
1316	98	1.8	-0.19	0.25	-1.06	0.56
1317	98	-1.39	-0.86	-0.39	0.11	-0.89
1318	98	1.09	0.33	1.41	0.59	0.79
1319	99	-2.02	-0.38	-0.39	-1.95	-1.9
1320	99	-0.17	1.17	0.76	1.04	1.15
1321	99	1.25	0.32	-0.11	1.72	1.04
1322	99	0.49	1.37	0.25	-0.77	0.44
1323	99	-0.12	-0.31	-0.8	-0.11	0.01
1324	99	-0.09	0.57	-0.47	-0.56	-0.39
1325	99	-0.86	-1.13	-1.78	-1.27	-1.08
1326	99	-2.13	-0.89	0.23	-0.57	0.14
1327	99	-0.89	-0.03	-1	-1.11	-1.21
1328	99	0.45	-1.19	-0.87	-0.69	-0.57
1329	99	-0.68	-1.53	-0.3	-1.44	-0.61
1330	99	-0.6	-0.99	-0.95	-0.27	-1.07
1331	99	-0.5	-1.27	-0.02	-0.4	-1.03
1332	99	-0.69	-0.16	-0.41	-1.64	-0.13
1333	100	-0.92	-0.75	-0.88	-0.71	-0.9
1334	100	1.22	-1.04	0.95	0.06	0.31
1335	100	-0.27	0.75	0.88	0.04	-0.01
1336	100	2.48	1.43	1	1.69	1.24
1337	100	0.38	-0.5	-0.04	2.5	1.61
1338	100	-1.46	-0.21	-1.48	-1.62	-0.73
1339	100	-1.49	-0.4	-1.37	-0.87	-1.39
1340	100	-0.82	-0.75	-1.45	-0.65	-0.59
1341	100	-1.19	0.48	-1.35	-1.16	-2.15
1342	100	-0.16	0.64	0.84	-0.4	0.14
1343	100	0.8	-0.92	1.53	-0.06	1.48
1344	100	1.13	-0.55	0.53	-0.19	0.29
1345	101	-0.25	1.6	1.14	1.9	0.76
1346	101	-0.41	0.01	0.34	1.18	-0.5
1347	101	-0.69	-0.73	1.07	0.88	0.78
1348	101	0.16	1.69	0.75	-0.67	1.24
1349	101	0.23	1.06	0.87	1.64	1.43
1350	101	-0.66	0.8	0.92	-0.41	-0.32
1351	101	0.95	0.56	0.55	-1.01	1.03
1352	101	-0.46	-0.28	1.83	-0.46	-0.34
1353	101	0.9	-1.7	-0.01	0.5	1.86
1354	101	-2.31	1.46	0.68	1.89	-0.06
1355	101	0.71	1.26	1.43	-0.29	0.72
1356	101	0.54	-0.72	-0.2	1.48	0.29
1357	101	-0.44	0.52	-0.69	-1.51	-0.8
1358	101	0.63	-0.29	2	-0.11	0.33
1359	101	1.52	1.9	0.31	0.76	0.71
1360	102	0.4	-1.9	1.47	0.02	-0.11
1361	102	-0.3	0.37	0.71	-0.47	0.4
1362	102	-1.62	1.29	1.47	0.36	0.07
1363	102	1.44	-1.19	-0.79	-0.59	0.34
1364	102	-0.53	1.87	1.17	-0.33	1.12
1365	102	-1.57	-0.52	-0.32	-0.52	-0.95
1366	102	0.12	1.09	1.09	0.33	0.79
1367	102	-0.95	0.39	0.53	0.4	0.74
1368	102	0.17	0.48	0.83	-0.05	0.7
1369	102	-0.99	-1.08	-1.2	-0.75	-1.42
1370	102	-1.23	-0.93	-0.45	-0.61	-1.06
1371	103	-0.07	0.45	0.67	-1.02	0.01
1372	103	1.4	0.98	-0.74	1.39	0.35
1373	103	0.35	0	2.3	0.23	1.49
1374	103	-0.01	0.12	0.35	2.04	0.3
1375	103	1.42	0.3	1.54	0.47	0.89
1376	103	0.3	0.08	0.09	1.56	1.23
1377	103	-0.98	-0.48	-1.41	-0.3	-1.32
1378	103	-1.52	-0.24	-1.45	-0.9	-1.01
1379	103	1.4	0.47	1.2	0.82	0.57
1380	103	-1.13	-0.1	-0.68	-0.23	-0.99
1381	103	1.37	-0.76	1.97	0.17	-0.14
1382	103	-0.41	2.19	0.19	0.44	0.46
1383	104	1.62	1.14	1.63	1.64	1.63
1384	104	1.69	-0.41	0.17	0.61	0.28
1385	104	0.86	1.58	1.9	0.36	-0.17
1386	104	-0.08	1.26	0.03	0.08	1.2
1387	104	-0.81	0.97	0.49	1.77	0.54
1388	104	0.1	0.53	-0.35	1.22	0.64
1389	104	2.14	1.38	1.07	0.88	0.87
1390	104	1.41	-0.21	0.37	1.09	0.51
1391	104	1.83	1.51	0.28	0.49	0.82
1392	104	0.84	1.52	0.62	0.48	-0.01
1393	104	-0.18	0.02	0.69	1.8	-0.33
1394	104	0.88	0.79	-0.01	0.25	0.66
1395	104	2.05	0.75	0.64	1.06	0.59
1396	105	2.31	0.9	-0.18	0.9	0.57
1397	105	0.57	0.89	-0.72	0.45	1.55
1398	105	1.57	1.45	-0.01	0.44	1.12
1399	105	0.75	-0.09	1.19	0.01	1.03
1400	105	0.22	-0.45	0.78	0.99	0.12
1401	105	-0.36	-0.21	0.57	0.22	0.68
1402	105	0.15	1.56	0.15	0.12	1.73
1403	105	1.04	0.91	-0.68	0.65	-0.13
1404	105	0.06	-1	0.58	0.28	0.57
1405	105	-0.43	0.8	1.18	1.88	0.45
1406	105	1.36	-0.48	1.57	0.47	1.86
1407	105	0.69	1.1	0.18	1.47	0.97
1408	105	1.19	0.7	1.31	-0.2	1.11
1409	106	0.08	0.8	0.79	1.07	0.36
1410	106	0.68	0.84	0.23	1.62	0.84
1411	106	1.63	-0.8	0.36	-1.2	0.37
1412	106	0.66	1.14	-0.32	0.4	0.2
1413	106	1.11	-0.89	1.15	0.77	0.82
1414	106	-0.03	0.62	0.31	0.62	1.28
1415	106	-0.89	1.79	0.6	1.52	-0.04
1416	106	1.13	-0.16	0.46	-0.22	0.56
1417	106	0.49	1.48	-0.95	0.34	0.45
1418	106	-0.16	-0.45	-0.08	-0.29	0.46
1419	106	1.75	-1.23	0.96	0.71	-0.03
1420	106	-0.18	0.66	-0.17	0.06	0.43
1421	106	1.02	0.35	0.38	0.49	0.42
1422	106	-0.87	0.73	-0.2	2.24	0.48
