1 1 1 1 0 1 1
1 1 1 0 0 1 2
0 0 1 1 1 1 3
1 1 1 0 0 1 4
1 1 1 0 0 1 5
1 1 0 1 0 1 6
1 0 1 0 0 1 7
1 1 1 0 0 1 8
1 1 1 0 0 1 9
1 1 1 1 0 1 10
0 1 0 1 1 1 11
0 0 1 0 0 1 12
0 1 0 0 1 1 13
0 1 1 1 1 1 14
0 0 1 0 1 1 15
1 1 1 0 0 1 16
0 1 1 0 0 1 17
1 1 1 0 0 1 18
0 0 0 1 1 1 19
1 1 1 0 0 1 20
1 1 1 0 0 2 21
0 0 0 1 0 2 22
0 1 0 0 0 2 23
0 0 0 1 0 2 24
1 0 0 1 1 2 25
1 0 0 1 1 2 26
0 1 0 1 1 2 27
0 0 1 1 1 2 28
1 1 1 0 0 2 29
0 0 0 1 1 2 30
0 0 0 1 1 2 31
1 1 1 0 1 2 32
1 0 0 0 0 2 33
0 0 0 1 1 2 34
0 0 0 1 1 2 35
0 0 0 1 1 2 36
1 1 1 0 0 2 37
0 0 0 1 1 2 38
0 0 0 0 1 2 39
0 1 0 1 0 2 40
0 0 0 1 0 3 41
1 0 1 1 0 3 42
1 1 1 1 0 3 43
1 0 0 1 1 3 44
1 1 1 1 1 3 45
1 1 1 0 0 3 46
0 1 1 0 0 3 47
1 1 1 1 0 3 48
1 1 0 1 0 3 49
1 1 0 0 0 3 50
1 0 1 0 0 3 51
1 0 1 0 0 3 52
1 0 0 0 1 3 53
1 1 0 0 0 3 54
0 0 1 1 1 3 55
1 1 1 0 0 3 56
1 1 1 0 0 3 57
1 1 0 1 1 3 58
1 1 1 0 0 3 59
1 1 1 0 0 3 60
0 1 0 1 1 4 61
0 0 0 1 1 4 62
1 0 0 1 1 4 63
1 0 0 0 1 4 64
1 1 1 0 0 4 65
0 1 0 1 1 4 66
1 1 0 0 0 4 67
0 0 0 1 1 4 68
1 1 0 1 0 4 69
1 0 0 1 1 4 70
0 0 0 1 1 4 71
1 1 1 0 0 4 72
1 0 0 0 0 4 73
0 1 0 0 1 4 74
1 1 1 1 1 4 75
1 1 0 0 0 4 76
1 1 1 0 0 4 77
1 1 1 1 1 4 78
1 1 1 0 0 4 79
1 1 1 0 1 4 80
1 1 1 1 0 5 81
1 1 1 1 0 5 82
1 1 1 0 0 5 83
1 0 1 0 0 5 84
0 1 1 0 0 5 85
1 1 0 0 0 5 86
0 0 0 1 1 5 87
1 0 1 0 0 5 88
1 1 1 1 0 5 89
1 1 1 1 0 5 90
1 1 1 0 0 5 91
1 1 1 0 1 5 92
1 1 1 0 1 5 93
0 0 0 1 1 5 94
1 1 1 0 0 5 95
1 1 1 0 1 5 96
1 1 1 0 0 5 97
1 1 1 0 0 5 98
1 1 1 0 0 5 99
0 1 0 0 1 5 100
0 1 0 1 1 6 101
0 1 0 1 1 6 102
0 0 1 1 0 6 103
0 1 0 1 1 6 104
1 0 1 0 0 6 105
1 1 1 0 0 6 106
0 1 0 1 1 6 107
0 0 1 1 1 6 108
1 0 0 1 1 6 109
1 0 0 0 1 6 110
0 1 0 1 0 6 111
0 0 1 1 1 6 112
1 0 0 1 0 6 113
0 1 0 1 1 6 114
0 0 1 0 0 6 115
0 1 0 1 1 6 116
0 0 0 1 0 6 117
1 1 1 0 0 6 118
1 0 0 1 0 6 119
0 0 0 1 1 6 120
1 1 0 0 1 7 121
1 1 1 0 0 7 122
1 1 0 0 0 7 123
1 1 1 1 0 7 124
0 1 1 0 0 7 125
0 1 0 1 1 7 126
0 0 0 0 1 7 127
1 1 1 0 0 7 128
1 1 1 0 1 7 129
0 1 1 1 0 7 130
1 1 1 0 0 7 131
0 0 0 1 1 7 132
1 1 0 0 0 7 133
1 0 1 0 0 7 134
1 0 1 1 1 7 135
1 1 1 0 0 7 136
0 0 0 1 0 7 137
1 1 1 0 0 7 138
0 1 1 0 0 7 139
0 1 0 1 1 7 140
0 1 1 1 1 8 141
0 0 0 0 1 8 142
0 0 0 1 1 8 143
0 1 0 1 0 8 144
0 1 0 1 1 8 145
0 0 0 0 0 8 146
1 0 0 1 1 8 147
0 0 0 1 1 8 148
1 0 0 0 0 8 149
0 0 1 1 1 8 150
0 0 0 1 1 8 151
1 0 0 1 1 8 152
0 0 1 1 1 8 153
1 1 0 0 0 8 154
0 0 0 1 1 8 155
0 0 0 1 1 8 156
0 1 0 1 1 8 157
0 1 0 1 1 8 158
1 1 0 0 0 8 159
0 0 1 1 1 8 160
1 1 0 0 0 9 161
1 1 1 0 0 9 162
1 1 0 1 0 9 163
1 1 1 0 0 9 164
0 0 0 1 1 9 165
1 1 1 0 0 9 166
1 0 1 0 0 9 167
1 1 0 0 0 9 168
1 1 0 0 0 9 169
1 0 1 1 0 9 170
1 1 1 0 1 9 171
0 0 0 1 1 9 172
1 1 1 0 0 9 173
1 1 1 0 0 9 174
1 1 1 0 0 9 175
0 0 0 1 0 9 176
0 0 0 1 1 9 177
0 0 0 1 1 9 178
1 1 1 0 0 9 179
1 0 1 0 0 9 180
0 0 0 1 1 10 181
0 0 0 0 1 10 182
0 0 0 1 1 10 183
0 0 0 1 1 10 184
0 1 0 1 1 10 185
0 0 0 1 1 10 186
1 0 1 0 1 10 187
1 0 1 0 0 10 188
0 0 1 1 1 10 189
0 0 0 1 1 10 190
1 1 0 0 0 10 191
1 0 0 1 1 10 192
0 0 0 1 1 10 193
0 0 0 1 1 10 194
1 1 1 1 1 10 195
0 1 0 1 1 10 196
0 0 0 1 0 10 197
0 1 1 1 0 10 198
1 1 1 1 1 10 199
0 1 0 1 1 10 200
0 0 1 0 1 11 201
1 1 1 1 0 11 202
0 0 0 1 1 11 203
1 1 0 0 0 11 204
0 1 1 1 0 11 205
1 1 1 0 0 11 206
0 0 1 1 0 11 207
0 1 1 0 0 11 208
1 1 1 0 0 11 209
1 1 0 0 0 11 210
1 1 0 0 0 11 211
1 1 1 0 0 11 212
1 1 0 0 0 11 213
1 1 1 1 1 11 214
1 1 1 0 0 11 215
0 1 1 0 1 11 216
1 1 1 0 0 11 217
1 1 1 1 0 11 218
1 1 0 1 0 11 219
1 1 1 1 0 11 220
0 0 0 1 0 12 221
1 0 0 1 1 12 222
0 0 0 1 1 12 223
0 0 0 1 1 12 224
1 1 0 0 1 12 225
0 0 0 1 1 12 226
0 0 0 0 1 12 227
1 1 1 0 0 12 228
1 1 0 0 0 12 229
0 0 0 1 1 12 230
0 1 0 1 1 12 231
1 0 0 1 0 12 232
0 1 1 1 1 12 233
0 0 1 1 1 12 234
0 0 0 0 1 12 235
1 1 1 0 0 12 236
1 1 1 1 0 12 237
1 0 0 1 1 12 238
0 0 0 1 1 12 239
0 0 0 0 1 12 240
1 1 1 1 0 13 241
1 1 0 1 0 13 242
1 1 1 1 0 13 243
0 1 0 0 0 13 244
1 1 1 0 0 13 245
0 0 0 0 1 13 246
1 1 0 0 0 13 247
1 1 1 1 0 13 248
0 0 0 0 1 13 249
1 1 1 0 0 13 250
0 0 1 0 1 13 251
1 0 1 1 0 13 252
0 0 1 1 0 13 253
1 1 1 0 0 13 254
1 1 0 1 0 13 255
1 1 1 0 0 13 256
1 1 1 0 0 13 257
1 1 1 0 1 13 258
1 1 0 0 1 13 259
1 1 1 1 0 13 260
1 0 1 0 0 14 261
1 1 0 0 0 14 262
0 0 0 1 1 14 263
0 0 0 1 1 14 264
0 0 1 1 1 14 265
1 1 1 1 0 14 266
0 0 0 0 0 14 267
0 1 0 0 1 14 268
0 0 0 1 1 14 269
0 0 0 1 1 14 270
0 0 0 1 1 14 271
0 0 1 1 1 14 272
1 1 1 1 0 14 273
1 1 0 0 1 14 274
0 0 1 1 1 14 275
1 1 1 1 1 14 276
0 0 0 1 1 14 277
0 0 0 1 1 14 278
1 1 1 1 0 14 279
0 0 1 0 1 14 280
1 1 1 0 0 15 281
1 1 1 0 0 15 282
1 1 1 1 0 15 283
1 1 1 0 0 15 284
1 1 1 0 0 15 285
0 1 0 1 0 15 286
1 1 0 0 0 15 287
1 1 1 0 0 15 288
1 1 0 0 0 15 289
1 1 1 0 0 15 290
1 1 1 0 0 15 291
1 1 1 0 0 15 292
1 0 1 0 0 15 293
0 0 0 1 0 15 294
1 1 0 1 0 15 295
1 0 1 0 0 15 296
1 1 1 0 0 15 297
0 1 0 1 1 15 298
0 0 0 1 1 15 299
1 0 0 0 0 15 300
0 0 0 1 1 16 301
1 1 0 1 1 16 302
0 1 1 1 1 16 303
0 1 0 1 1 16 304
0 0 0 1 1 16 305
0 1 0 1 1 16 306
1 1 1 0 0 16 307
1 0 0 1 1 16 308
0 0 0 1 1 16 309
1 1 0 1 1 16 310
0 0 0 1 1 16 311
0 0 0 0 1 16 312
1 1 0 1 0 16 313
1 0 0 1 1 16 314
0 0 0 1 1 16 315
0 1 0 0 1 16 316
0 0 0 1 1 16 317
0 1 0 1 1 16 318
0 0 0 1 1 16 319
1 1 0 1 0 16 320
1 0 1 0 1 17 321
1 1 1 0 0 17 322
1 1 0 0 0 17 323
0 1 1 0 0 17 324
1 1 0 0 0 17 325
1 1 1 0 1 17 326
0 1 0 1 1 17 327
1 1 1 0 0 17 328
0 1 1 1 0 17 329
1 1 0 0 0 17 330
1 1 1 1 1 17 331
1 1 1 0 0 17 332
1 0 1 0 0 17 333
1 1 1 0 0 17 334
1 1 1 0 0 17 335
1 0 0 1 1 17 336
1 0 1 0 0 17 337
0 1 1 0 0 17 338
1 1 1 0 0 17 339
1 1 1 0 0 17 340
0 0 0 0 1 18 341
1 1 0 0 0 18 342
0 0 0 1 0 18 343
0 0 1 1 1 18 344
0 0 0 1 1 18 345
1 0 0 1 1 18 346
1 0 0 1 1 18 347
0 0 1 1 1 18 348
0 0 0 1 1 18 349
1 0 1 1 1 18 350
0 0 0 1 1 18 351
0 0 0 1 1 18 352
1 1 1 0 0 18 353
1 0 0 0 1 18 354
1 1 1 0 0 18 355
0 0 0 1 1 18 356
0 0 0 0 1 18 357
0 0 0 1 1 18 358
0 0 0 1 1 18 359
0 0 0 1 1 18 360
1 1 1 1 0 19 361
1 1 1 0 0 19 362
1 0 1 0 0 19 363
0 0 0 0 1 19 364
1 1 0 0 0 19 365
0 0 0 1 1 19 366
1 1 0 0 0 19 367
1 0 1 1 0 19 368
0 0 0 1 0 19 369
1 1 0 0 1 19 370
1 1 1 0 0 19 371
0 0 0 1 0 19 372
1 1 1 0 0 19 373
0 0 0 1 1 19 374
0 0 0 0 1 19 375
0 1 1 1 1 19 376
1 1 1 0 0 19 377
0 1 0 0 0 19 378
1 1 1 0 1 19 379
1 0 1 0 0 19 380
0 0 0 1 1 20 381
0 0 0 1 1 20 382
0 0 1 1 1 20 383
1 1 1 0 0 20 384
0 1 0 1 0 20 385
0 1 0 0 1 20 386
1 0 0 1 1 20 387
0 0 0 0 1 20 388
0 0 0 1 0 20 389
0 0 1 1 1 20 390
1 1 1 1 0 20 391
0 1 0 1 1 20 392
0 0 1 1 0 20 393
1 0 1 1 1 20 394
1 0 1 1 1 20 395
0 0 0 1 1 20 396
0 0 1 1 1 20 397
0 0 0 0 1 20 398
0 1 1 1 1 20 399
1 0 0 1 1 20 400
1 1 0 1 1 21 401
0 0 1 1 1 21 402
1 0 1 1 1 21 403
0 0 0 1 1 21 404
0 0 0 0 0 21 405
1 1 0 1 0 21 406
1 1 1 0 0 21 407
1 1 1 0 0 21 408
1 1 1 1 0 21 409
1 1 1 0 0 21 410
0 0 0 1 1 21 411
1 1 0 0 0 21 412
0 1 1 0 0 21 413
1 1 1 0 0 21 414
0 1 0 1 0 21 415
1 1 1 0 0 21 416
1 1 1 0 0 21 417
0 1 1 0 0 21 418
1 1 1 0 0 21 419
1 0 0 0 0 21 420
1 1 1 0 0 22 421
0 1 1 1 1 22 422
0 0 0 1 1 22 423
1 1 1 0 0 22 424
0 0 1 1 1 22 425
0 0 0 1 0 22 426
0 0 0 1 1 22 427
0 1 1 1 0 22 428
1 1 1 0 0 22 429
1 0 0 1 0 22 430
0 0 1 0 1 22 431
1 1 0 1 0 22 432
0 0 0 1 1 22 433
0 0 0 1 1 22 434
1 0 1 0 0 22 435
1 1 0 1 0 22 436
1 1 0 0 0 22 437
0 0 0 1 0 22 438
0 1 0 1 1 22 439
0 0 0 1 1 22 440
1 0 1 0 0 23 441
1 1 1 0 0 23 442
1 0 1 1 0 23 443
0 0 0 1 1 23 444
1 1 1 0 0 23 445
1 0 0 0 0 23 446
1 1 1 0 1 23 447
0 1 1 1 1 23 448
1 1 1 1 0 23 449
1 1 1 0 1 23 450
0 0 0 1 1 23 451
1 1 1 0 0 23 452
1 0 1 0 0 23 453
1 1 0 1 1 23 454
0 0 0 1 1 23 455
1 1 1 0 0 23 456
0 1 1 1 0 23 457
1 1 1 1 0 23 458
1 1 1 0 0 23 459
1 1 0 1 0 23 460
0 1 0 0 1 24 461
0 0 0 1 0 24 462
1 0 0 1 1 24 463
0 1 0 1 1 24 464
1 1 1 0 0 24 465
1 0 1 0 1 24 466
0 0 0 1 1 24 467
0 1 0 1 1 24 468
1 1 0 1 0 24 469
0 0 0 1 1 24 470
0 0 0 1 1 24 471
1 0 0 0 1 24 472
1 0 1 1 1 24 473
0 0 0 0 1 24 474
0 1 0 1 1 24 475
0 0 1 1 1 24 476
0 1 0 1 1 24 477
1 1 1 0 0 24 478
0 0 0 1 1 24 479
0 0 0 1 1 24 480
1 1 1 1 0 25 481
1 1 0 1 1 25 482
1 0 1 0 0 25 483
1 1 1 0 0 25 484
1 1 1 0 0 25 485
0 0 0 1 0 25 486
1 0 1 0 0 25 487
0 1 1 0 0 25 488
1 1 1 0 1 25 489
1 1 1 0 0 25 490
1 0 1 0 0 25 491
1 1 1 0 0 25 492
1 1 1 0 0 25 493
1 1 1 0 0 25 494
1 0 1 0 0 25 495
1 1 0 1 0 25 496
1 1 0 0 0 25 497
1 1 1 0 1 25 498
0 0 0 1 1 25 499
1 0 0 0 0 25 500
1 1 1 0 1 26 501
0 1 0 1 1 26 502
0 0 0 1 1 26 503
0 0 0 1 0 26 504
0 0 0 0 1 26 505
0 0 0 1 1 26 506
0 0 1 0 1 26 507
0 1 1 1 0 26 508
0 0 0 1 1 26 509
1 0 0 1 1 26 510
1 0 1 1 1 26 511
0 0 1 1 1 26 512
0 1 0 1 1 26 513
0 0 0 1 1 26 514
1 0 1 0 0 26 515
1 0 0 0 1 26 516
0 0 0 0 1 26 517
1 0 0 1 1 26 518
1 1 1 0 0 26 519
1 1 1 1 1 26 520
1 1 1 0 0 27 521
1 0 0 1 1 27 522
0 0 0 1 1 27 523
1 0 1 0 1 27 524
1 1 1 0 0 27 525
1 1 1 0 0 27 526
0 1 1 0 0 27 527
1 1 1 0 0 27 528
1 0 1 0 0 27 529
0 0 0 1 1 27 530
0 1 1 0 0 27 531
1 1 1 1 0 27 532
1 1 1 1 0 27 533
1 1 1 0 0 27 534
1 1 1 0 0 27 535
1 1 1 0 0 27 536
1 1 1 0 0 27 537
0 0 1 1 1 27 538
1 1 1 0 0 27 539
0 0 1 0 1 27 540
0 1 1 1 1 28 541
0 0 0 0 1 28 542
0 1 0 1 0 28 543
0 0 1 1 1 28 544
0 0 0 1 1 28 545
1 1 1 0 0 28 546
0 1 0 1 0 28 547
0 0 0 1 1 28 548
1 1 0 1 1 28 549
1 0 0 1 0 28 550
1 1 0 1 0 28 551
1 0 1 1 1 28 552
0 0 0 1 0 28 553
0 1 0 1 1 28 554
0 0 0 1 1 28 555
0 0 0 1 1 28 556
0 1 0 1 1 28 557
1 1 1 0 0 28 558
0 0 0 0 1 28 559
1 0 0 1 1 28 560
1 1 0 0 0 29 561
0 0 0 1 0 29 562
1 1 0 0 0 29 563
0 0 1 0 0 29 564
1 1 1 0 0 29 565
1 1 0 0 0 29 566
0 1 0 0 1 29 567
1 1 1 0 0 29 568
0 0 0 1 1 29 569
0 0 0 1 1 29 570
1 0 1 0 0 29 571
1 1 1 0 0 29 572
1 1 1 0 0 29 573
0 0 0 1 1 29 574
0 1 0 1 0 29 575
1 0 0 1 1 29 576
0 0 1 1 1 29 577
1 1 1 0 0 29 578
1 0 1 0 0 29 579
1 1 0 0 1 29 580
0 0 0 1 1 30 581
0 0 0 1 1 30 582
1 1 1 1 0 30 583
0 0 0 1 1 30 584
0 0 0 1 1 30 585
1 0 0 0 1 30 586
1 1 1 1 0 30 587
0 0 1 1 1 30 588
0 0 0 0 1 30 589
1 0 1 1 1 30 590
0 0 0 1 1 30 591
1 0 1 0 0 30 592
0 0 0 1 0 30 593
0 1 0 1 1 30 594
1 0 0 1 1 30 595
1 1 1 1 0 30 596
0 0 1 1 1 30 597
0 0 0 0 0 30 598
0 0 0 1 1 30 599
0 0 0 1 1 30 600
0 0 1 1 1 31 601
1 0 1 1 0 31 602
1 1 1 0 0 31 603
1 1 1 0 0 31 604
0 0 0 1 1 31 605
1 1 1 0 0 31 606
1 1 1 0 0 31 607
1 1 1 1 0 31 608
1 1 0 0 1 31 609
0 1 0 0 0 31 610
1 1 1 0 0 31 611
1 0 1 1 1 31 612
0 0 0 1 1 31 613
0 1 1 1 0 31 614
1 1 1 0 0 31 615
1 1 0 1 0 31 616
0 0 0 0 0 31 617
0 1 0 1 0 31 618
1 1 1 0 0 31 619
1 1 1 0 0 31 620
0 0 0 1 1 32 621
0 0 0 1 1 32 622
1 1 1 0 0 32 623
0 0 0 0 1 32 624
1 1 0 1 1 32 625
0 0 0 0 1 32 626
0 0 0 1 1 32 627
0 1 0 1 1 32 628
0 0 0 1 1 32 629
0 0 0 1 1 32 630
1 1 0 0 1 32 631
1 1 1 0 0 32 632
0 0 1 1 0 32 633
1 0 1 0 0 32 634
0 1 1 1 1 32 635
1 1 1 0 0 32 636
0 1 0 1 1 32 637
1 0 0 1 1 32 638
0 0 0 1 1 32 639
1 0 0 1 1 32 640
1 1 1 0 0 33 641
0 0 0 1 1 33 642
1 1 1 0 0 33 643
1 0 0 1 1 33 644
1 1 0 0 0 33 645
0 0 0 0 1 33 646
0 1 1 1 0 33 647
0 0 1 0 0 33 648
1 0 1 0 0 33 649
1 0 1 0 1 33 650
1 1 0 0 0 33 651
1 0 1 0 0 33 652
0 0 0 1 1 33 653
1 1 0 1 0 33 654
1 1 1 0 1 33 655
0 0 1 1 0 33 656
1 1 0 0 0 33 657
1 1 1 0 1 33 658
1 1 1 0 0 33 659
1 1 1 1 1 33 660
1 1 1 1 0 34 661
0 0 0 1 1 34 662
1 1 0 1 1 34 663
1 1 1 0 0 34 664
1 1 1 0 0 34 665
1 1 0 0 0 34 666
1 1 0 0 0 34 667
0 0 0 0 1 34 668
0 0 0 1 1 34 669
0 0 0 1 1 34 670
1 0 0 1 1 34 671
1 1 0 1 0 34 672
1 1 0 1 1 34 673
0 1 1 0 0 34 674
0 0 0 1 1 34 675
0 1 0 0 1 34 676
1 1 0 0 1 34 677
1 1 0 1 1 34 678
0 0 0 0 1 34 679
1 0 0 0 1 34 680
1 0 1 0 1 35 681
0 1 0 1 1 35 682
1 1 1 0 1 35 683
1 1 1 0 0 35 684
1 1 0 0 1 35 685
1 1 1 0 0 35 686
1 1 1 0 1 35 687
1 1 1 1 0 35 688
1 1 0 0 0 35 689
1 1 1 1 0 35 690
1 1 1 0 1 35 691
1 1 1 0 0 35 692
1 1 0 0 0 35 693
0 0 1 1 1 35 694
1 1 1 0 0 35 695
1 1 1 0 0 35 696
0 1 1 0 0 35 697
1 1 0 0 0 35 698
1 0 1 0 0 35 699
1 1 1 1 1 35 700
0 0 0 1 1 36 701
1 1 1 0 0 36 702
0 0 0 1 0 36 703
0 0 0 1 1 36 704
0 0 0 1 0 36 705
1 1 0 1 1 36 706
0 0 0 1 1 36 707
1 0 0 1 0 36 708
0 0 1 1 1 36 709
1 0 0 0 0 36 710
0 1 0 1 1 36 711
0 1 0 1 1 36 712
0 0 1 1 1 36 713
1 0 1 1 1 36 714
0 0 0 0 1 36 715
0 1 0 1 1 36 716
1 0 1 1 0 36 717
1 1 1 0 0 36 718
0 0 1 1 1 36 719
0 0 0 1 1 36 720
1 1 1 1 0 37 721
1 1 0 1 0 37 722
1 1 1 1 0 37 723
0 1 0 0 1 37 724
1 1 1 0 0 37 725
0 1 1 0 1 37 726
0 0 0 0 1 37 727
1 1 1 1 0 37 728
1 1 1 1 0 37 729
1 1 1 0 0 37 730
1 1 1 0 1 37 731
0 1 1 0 0 37 732
1 1 1 0 0 37 733
1 1 1 0 0 37 734
1 1 1 0 0 37 735
1 1 0 1 0 37 736
0 1 1 1 0 37 737
1 1 1 0 1 37 738
1 0 1 1 0 37 739
1 0 1 1 0 37 740
0 0 1 0 1 38 741
0 0 0 1 1 38 742
0 0 0 0 0 38 743
0 0 0 0 1 38 744
0 0 0 1 1 38 745
1 1 1 1 1 38 746
1 1 1 1 0 38 747
0 1 0 1 1 38 748
1 1 0 0 0 38 749
0 1 1 0 1 38 750
0 1 0 1 1 38 751
0 0 1 1 1 38 752
1 1 0 0 0 38 753
1 0 0 0 0 38 754
1 0 0 1 1 38 755
0 1 1 0 0 38 756
0 0 0 1 1 38 757
0 0 0 0 1 38 758
0 0 0 1 1 38 759
0 0 0 1 1 38 760
1 1 1 0 0 39 761
1 1 1 0 0 39 762
1 0 1 0 0 39 763
1 1 1 1 0 39 764
1 1 1 1 0 39 765
1 1 1 1 0 39 766
0 0 0 1 1 39 767
1 1 1 0 0 39 768
1 1 0 0 0 39 769
1 1 1 0 0 39 770
1 1 1 0 0 39 771
0 1 1 0 0 39 772
0 0 1 1 1 39 773
1 1 1 0 0 39 774
0 0 0 1 1 39 775
1 1 1 0 0 39 776
1 1 1 1 0 39 777
0 1 0 1 1 39 778
1 0 1 0 0 39 779
1 1 0 1 0 39 780
0 0 0 1 1 40 781
0 1 0 0 1 40 782
1 0 0 1 1 40 783
1 0 1 1 0 40 784
0 1 1 0 0 40 785
0 0 0 1 1 40 786
0 0 0 1 1 40 787
0 1 0 1 1 40 788
1 0 0 0 0 40 789
0 0 0 1 1 40 790
0 1 0 1 1 40 791
0 0 0 1 1 40 792
0 1 1 1 0 40 793
0 0 1 1 1 40 794
0 0 0 1 1 40 795
0 1 0 1 1 40 796
1 0 0 0 1 40 797
0 0 0 1 1 40 798
0 1 0 1 1 40 799
0 0 0 1 0 40 800
1 0 0 1 1 41 801
0 1 1 0 0 41 802
0 0 0 1 1 41 803
1 1 1 0 0 41 804
1 1 1 0 0 41 805
0 1 0 0 0 41 806
0 1 1 0 0 41 807
1 1 1 0 0 41 808
1 1 0 0 0 41 809
0 0 0 0 1 41 810
1 0 0 0 1 41 811
0 0 0 1 1 41 812
0 1 1 0 1 41 813
1 1 1 0 1 41 814
0 0 0 1 1 41 815
0 0 0 1 1 41 816
0 1 1 0 0 41 817
1 1 0 0 0 41 818
0 1 0 0 0 41 819
1 1 0 0 0 41 820
0 1 1 1 1 42 821
0 0 1 1 1 42 822
1 1 0 0 0 42 823
1 0 0 1 1 42 824
0 0 0 1 1 42 825
0 1 1 0 1 42 826
0 0 0 1 1 42 827
0 0 0 1 1 42 828
0 0 0 1 1 42 829
1 1 1 0 0 42 830
0 1 0 1 0 42 831
0 0 1 1 0 42 832
0 1 0 1 1 42 833
1 0 0 0 1 42 834
0 0 0 1 1 42 835
0 0 1 1 1 42 836
1 0 0 1 1 42 837
1 0 1 0 0 42 838
1 1 1 0 1 42 839
0 0 1 0 1 42 840
0 0 0 1 1 43 841
1 1 1 0 1 43 842
0 0 0 1 1 43 843
1 1 1 0 0 43 844
1 1 1 0 0 43 845
1 1 1 1 0 43 846
0 1 1 1 0 43 847
1 1 1 1 1 43 848
0 1 1 0 0 43 849
1 1 1 0 0 43 850
0 0 1 1 0 43 851
1 1 1 1 1 43 852
1 1 1 0 0 43 853
0 0 0 1 1 43 854
1 1 0 0 0 43 855
0 1 0 0 1 43 856
1 1 1 0 0 43 857
1 1 1 1 0 43 858
1 1 0 0 0 43 859
1 1 1 1 0 43 860
0 0 0 1 1 44 861
0 1 0 1 1 44 862
1 0 0 1 1 44 863
1 1 1 0 0 44 864
1 1 1 0 0 44 865
0 0 0 1 1 44 866
1 0 0 1 1 44 867
0 0 0 1 1 44 868
1 0 0 1 1 44 869
0 1 1 1 1 44 870
0 1 0 1 0 44 871
0 0 1 1 1 44 872
0 0 0 1 1 44 873
0 1 0 1 1 44 874
0 0 1 1 1 44 875
1 1 1 1 0 44 876
1 1 1 1 0 44 877
0 1 1 0 1 44 878
0 0 1 1 1 44 879
0 1 0 0 1 44 880
0 1 0 1 1 45 881
1 1 0 0 0 45 882
1 0 1 0 0 45 883
1 1 1 1 0 45 884
1 0 1 0 1 45 885
1 1 1 1 0 45 886
1 1 1 0 0 45 887
1 1 1 1 1 45 888
0 0 0 1 1 45 889
1 1 0 0 0 45 890
1 1 1 1 0 45 891
0 0 0 1 0 45 892
1 1 0 0 0 45 893
1 0 0 1 1 45 894
1 1 0 0 0 45 895
0 1 0 0 1 45 896
1 1 1 0 1 45 897
1 0 1 0 0 45 898
1 1 1 0 0 45 899
1 0 1 0 1 45 900
0 0 0 0 1 46 901
0 1 0 1 1 46 902
0 1 0 1 1 46 903
1 1 1 0 0 46 904
0 0 0 0 1 46 905
0 0 0 1 1 46 906
0 0 0 1 1 46 907
0 1 0 1 0 46 908
0 0 0 1 1 46 909
0 0 0 1 1 46 910
1 1 1 1 0 46 911
0 1 0 1 1 46 912
1 1 1 0 0 46 913
0 0 1 1 1 46 914
0 1 0 0 1 46 915
0 0 0 1 1 46 916
0 1 0 1 1 46 917
1 0 1 0 1 46 918
0 0 0 1 1 46 919
0 0 0 1 1 46 920
1 1 1 0 0 47 921
1 1 1 0 1 47 922
1 1 1 0 0 47 923
1 0 0 1 0 47 924
1 1 0 0 0 47 925
1 1 0 1 0 47 926
0 0 0 1 1 47 927
1 0 0 0 0 47 928
1 1 0 0 1 47 929
1 0 1 0 0 47 930
1 1 1 0 0 47 931
1 1 0 0 0 47 932
1 0 1 0 0 47 933
1 1 1 0 0 47 934
0 0 0 1 1 47 935
1 1 0 0 0 47 936
0 0 0 1 1 47 937
0 1 0 1 1 47 938
1 0 1 1 1 47 939
1 1 1 0 0 47 940
0 0 0 0 1 48 941
1 1 1 1 0 48 942
0 0 1 0 1 48 943
1 1 0 0 0 48 944
1 1 1 0 0 48 945
0 1 0 1 0 48 946
0 0 0 1 1 48 947
1 0 0 1 0 48 948
1 1 1 0 0 48 949
0 1 0 0 1 48 950
1 0 0 1 1 48 951
1 1 1 0 1 48 952
1 0 1 0 1 48 953
1 1 0 1 0 48 954
1 1 1 0 0 48 955
0 0 0 1 0 48 956
1 0 1 0 0 48 957
0 1 0 0 1 48 958
0 0 0 1 1 48 959
1 1 1 1 0 48 960
0 0 0 1 1 49 961
1 1 1 1 0 49 962
1 1 1 0 0 49 963
0 0 1 0 0 49 964
1 0 1 0 0 49 965
1 1 1 0 0 49 966
1 1 1 1 0 49 967
1 1 1 0 1 49 968
1 0 1 0 0 49 969
0 0 0 1 1 49 970
1 0 1 0 0 49 971
1 0 0 0 1 49 972
0 1 1 0 1 49 973
0 1 0 1 1 49 974
1 1 1 1 0 49 975
1 0 0 0 0 49 976
1 1 0 0 0 49 977
1 1 1 0 0 49 978
0 0 0 1 1 49 979
0 0 1 0 0 49 980
0 1 0 0 1 50 981
0 1 0 1 1 50 982
0 0 0 1 1 50 983
0 0 0 1 1 50 984
1 1 0 0 0 50 985
0 1 0 1 0 50 986
1 1 1 1 0 50 987
1 0 0 1 1 50 988
0 1 0 1 1 50 989
1 1 0 0 0 50 990
0 1 0 1 1 50 991
0 0 0 0 1 50 992
1 1 1 0 0 50 993
1 1 0 1 1 50 994
1 0 0 0 1 50 995
1 0 0 1 1 50 996
0 0 0 1 1 50 997
0 0 0 1 1 50 998
0 0 0 1 1 50 999
0 0 0 0 1 50 1000
1 1 1 0 0 51 1001
0 0 0 1 0 51 1002
1 0 1 1 0 51 1003
1 1 1 0 0 51 1004
1 1 1 0 0 51 1005
1 1 0 0 0 51 1006
0 0 0 1 1 51 1007
1 0 0 0 1 51 1008
0 0 1 1 1 51 1009
0 0 0 1 0 51 1010
1 1 1 0 0 51 1011
1 1 1 0 0 51 1012
1 1 0 0 0 51 1013
0 0 0 1 1 51 1014
1 0 1 1 0 51 1015
1 1 1 0 1 51 1016
1 1 1 0 0 51 1017
1 0 1 1 1 51 1018
0 1 1 0 0 51 1019
1 1 1 0 0 51 1020
1 1 1 0 0 52 1021
0 0 1 0 1 52 1022
0 0 0 1 1 52 1023
0 1 0 0 1 52 1024
0 1 1 1 1 52 1025
0 0 0 1 0 52 1026
0 0 0 1 1 52 1027
0 0 0 1 1 52 1028
0 0 0 1 1 52 1029
0 0 1 1 1 52 1030
0 0 0 1 1 52 1031
1 1 1 1 0 52 1032
1 1 1 0 0 52 1033
0 1 0 1 0 52 1034
0 0 0 1 1 52 1035
1 0 1 1 1 52 1036
1 1 1 0 1 52 1037
0 0 0 1 1 52 1038
0 0 0 1 0 52 1039
0 0 0 1 0 52 1040
0 1 1 1 1 53 1041
1 1 1 0 0 53 1042
1 1 0 0 0 53 1043
0 1 0 0 1 53 1044
1 1 1 1 0 53 1045
1 1 1 0 0 53 1046
0 0 0 1 0 53 1047
1 0 1 0 0 53 1048
1 1 1 0 0 53 1049
1 1 1 0 0 53 1050
1 1 0 1 0 53 1051
0 1 1 0 0 53 1052
1 1 1 0 1 53 1053
1 1 1 1 0 53 1054
0 0 0 1 1 53 1055
0 1 0 1 1 53 1056
0 1 0 0 0 53 1057
0 1 1 1 0 53 1058
0 0 0 1 1 53 1059
1 1 1 1 0 53 1060
0 0 1 1 1 54 1061
0 1 0 1 1 54 1062
1 1 1 0 0 54 1063
0 1 0 0 0 54 1064
0 0 0 1 1 54 1065
1 1 0 0 0 54 1066
1 0 0 0 1 54 1067
1 1 0 1 1 54 1068
0 1 0 1 1 54 1069
0 1 0 1 1 54 1070
0 0 1 1 1 54 1071
1 0 0 1 0 54 1072
0 1 0 1 1 54 1073
1 1 1 0 0 54 1074
0 0 0 1 1 54 1075
0 0 0 1 1 54 1076
0 0 0 0 1 54 1077
0 0 0 1 1 54 1078
0 0 0 1 1 54 1079
1 1 0 0 0 54 1080
1 1 0 0 0 55 1081
1 0 1 0 0 55 1082
1 0 0 0 0 55 1083
0 0 1 1 0 55 1084
0 1 0 1 1 55 1085
1 1 1 0 0 55 1086
0 0 0 0 0 55 1087
1 1 0 0 0 55 1088
0 1 0 1 0 55 1089
0 1 0 0 1 55 1090
0 0 0 1 0 55 1091
1 1 1 0 0 55 1092
1 0 0 1 1 55 1093
1 1 1 0 0 55 1094
0 0 1 0 0 55 1095
0 1 1 0 0 55 1096
0 0 1 0 0 55 1097
0 1 1 0 1 55 1098
1 1 0 1 1 55 1099
1 0 0 1 1 55 1100
0 0 1 1 1 56 1101
0 0 0 1 1 56 1102
1 1 1 1 0 56 1103
0 0 0 0 1 56 1104
0 1 0 1 1 56 1105
0 0 0 1 1 56 1106
0 0 0 1 1 56 1107
0 0 0 0 1 56 1108
0 0 0 1 1 56 1109
1 1 1 0 1 56 1110
0 0 0 1 0 56 1111
0 1 1 0 0 56 1112
1 0 0 1 1 56 1113
1 1 1 0 0 56 1114
0 0 0 1 1 56 1115
1 1 1 1 0 56 1116
0 0 1 1 1 56 1117
0 0 0 1 1 56 1118
0 0 0 1 1 56 1119
0 0 0 1 0 56 1120
1 1 1 1 0 57 1121
1 0 0 0 1 57 1122
1 0 1 1 0 57 1123
0 0 1 0 0 57 1124
0 0 0 1 1 57 1125
0 0 0 1 0 57 1126
0 1 1 0 0 57 1127
1 1 1 0 0 57 1128
0 1 1 0 0 57 1129
1 1 1 0 0 57 1130
1 0 1 1 1 57 1131
1 0 1 0 1 57 1132
1 1 1 0 0 57 1133
1 1 1 0 0 57 1134
1 1 0 1 1 57 1135
1 0 0 0 0 57 1136
1 0 0 0 0 57 1137
1 0 0 1 1 57 1138
1 0 1 0 1 57 1139
1 1 0 1 1 57 1140
0 1 1 1 1 58 1141
0 1 0 1 0 58 1142
1 0 0 0 1 58 1143
1 0 0 0 0 58 1144
0 0 0 1 0 58 1145
0 0 0 1 1 58 1146
0 1 0 1 0 58 1147
0 0 1 1 1 58 1148
0 0 1 1 1 58 1149
0 0 1 1 0 58 1150
1 1 0 0 0 58 1151
0 0 1 0 1 58 1152
0 0 1 1 1 58 1153
1 1 0 1 1 58 1154
0 0 1 0 1 58 1155
0 0 0 1 0 58 1156
0 0 0 1 0 58 1157
0 0 0 1 1 58 1158
1 0 1 0 0 58 1159
0 0 0 0 1 58 1160
0 1 1 0 0 59 1161
1 1 1 0 0 59 1162
1 1 1 1 0 59 1163
0 1 1 0 1 59 1164
1 1 1 1 0 59 1165
1 1 1 1 0 59 1166
0 0 1 0 1 59 1167
0 1 0 0 1 59 1168
1 1 1 0 1 59 1169
1 0 0 0 0 59 1170
1 1 0 1 0 59 1171
1 0 1 0 0 59 1172
0 0 1 1 0 59 1173
1 1 1 0 0 59 1174
1 1 1 0 0 59 1175
1 1 0 0 0 59 1176
1 1 1 0 0 59 1177
1 1 1 0 0 59 1178
0 0 0 1 1 59 1179
1 1 1 0 0 59 1180
0 0 1 0 1 60 1181
0 0 1 1 1 60 1182
1 1 1 0 0 60 1183
0 0 1 1 1 60 1184
1 1 1 0 1 60 1185
0 1 0 1 1 60 1186
1 0 1 1 0 60 1187
1 1 0 0 0 60 1188
0 0 0 1 1 60 1189
1 1 1 1 0 60 1190
0 1 0 0 1 60 1191
0 0 0 0 0 60 1192
1 0 0 1 1 60 1193
1 0 0 1 1 60 1194
0 0 1 1 1 60 1195
1 1 0 1 1 60 1196
0 0 0 1 1 60 1197
0 0 0 1 1 60 1198
0 0 0 0 1 60 1199
0 1 1 1 1 60 1200
