y	o	k	id	Cluster#1	Cluster#2	Cluster#
0.995658675048483	1	2	1	    0.252674	    0.747326	2
-0.161371215957434	4	1	2	    0.999068	 0.000931502	1
0.969167501035684	3	0	3	    0.992324	  0.00767624	1
-0.240812805739924	4	2	4	    0.996011	  0.00398899	1
2.45372396134593	1	7	5	 1.33286e-05	    0.999987	2
-0.72707569325926	4	1	6	    0.999814	 0.000186024	1
-1.56018692514251	2	1	7	    0.999855	 0.000145135	1
0.649359816969336	3	0	8	    0.995823	  0.00417747	1
1.01709702043141	4	2	9	    0.938075	   0.0619254	1
-0.38719162782411	3	0	10	    0.999659	  0.00034147	1
1.89093298272664	4	0	11	     0.99188	  0.00812013	1
1.19268803187069	1	8	12	 1.07958e-05	    0.999989	2
-0.150192096583667	2	7	13	  0.00358073	    0.996419	2
-2.08276143544273	3	1	14	    0.999995	 5.32185e-06	1
-0.308112314711109	4	1	15	    0.999372	 0.000627651	1
-0.717083944934519	4	3	16	    0.994622	   0.0053784	1
0.734800401473934	3	0	17	    0.995048	  0.00495248	1
-0.704828208682888	3	2	18	    0.996212	  0.00378835	1
-0.238153879924243	3	1	19	    0.997275	  0.00272525	1
-1.12959257616706	4	0	20	     0.99999	 9.62531e-06	1
1.91687643474785	2	7	21	 7.71562e-05	    0.999923	2
-1.34095458367468	3	1	22	    0.999911	 8.88457e-05	1
-0.214816865664529	3	2	23	    0.984787	   0.0152126	1
1.58240780246185	4	5	24	   0.0404932	    0.959507	2
1.70401564297026	1	4	25	  0.00409865	    0.995901	2
1.58510198209811	3	7	26	 0.000414559	    0.999585	2
1.90373442459349	4	3	27	    0.445898	    0.554102	2
-1.99940134451242	2	0	28	    0.999995	 5.04925e-06	1
-0.782437413181617	4	0	29	     0.99997	 2.95477e-05	1
-0.0228371109490117	2	1	30	    0.983033	   0.0169666	1
3.66988054263663	2	4	31	  0.00537968	     0.99462	2
0.287518586679263	2	1	32	    0.964728	   0.0352723	1
1.28069821867414	4	1	33	    0.981105	   0.0188948	1
0.897193938596372	1	4	34	   0.0141329	    0.985867	2
-0.933206156291349	4	1	35	    0.999903	 9.74497e-05	1
-0.405946724793927	2	1	36	     0.99385	  0.00614993	1
1.77017657855728	3	6	37	  0.00173918	    0.998261	2
0.758080380125738	4	1	38	    0.992369	  0.00763119	1
0.573428118389414	3	0	39	    0.996426	  0.00357443	1
-0.24746456169987	4	1	40	     0.99926	 0.000740348	1
0.266165212984874	3	2	41	    0.951139	   0.0488612	1
0.0966110549106157	3	1	42	    0.993581	  0.00641911	1
-0.243972161076897	3	1	43	    0.997317	  0.00268293	1
-0.601267321792362	3	1	44	    0.999023	 0.000976733	1
1.30098627064953	2	4	45	   0.0253262	    0.974674	2
-1.20401273802722	4	3	46	    0.998882	  0.00111828	1
-0.880604695406109	3	0	47	    0.999922	  7.8098e-05	1
0.455010059375102	3	2	48	    0.927176	   0.0728244	1
3.11609537808701	2	4	49	  0.00533605	    0.994664	2
0.959108191727691	2	3	50	    0.196476	    0.803524	2
-0.0235040359437169	4	0	51	    0.999749	 0.000250784	1
0.492019828750614	3	0	52	     0.99699	  0.00300957	1
1.3915928651639	2	4	53	   0.0221543	    0.977846	2
-1.2929935392603	3	0	54	     0.99998	  1.9794e-05	1
-0.563213391151796	4	0	55	    0.999943	 5.72793e-05	1
-0.214610292869611	4	0	56	    0.999848	 0.000152416	1
-0.0169024555993611	4	1	57	    0.998648	  0.00135246	1
1.14550468433539	2	7	58	 0.000222758	    0.999777	2
2.00440672864131	2	1	59	    0.611816	    0.388184	1
3.06212239353436	2	3	60	    0.028004	    0.971996	2
0.230539728788208	2	1	61	    0.968967	   0.0310332	1
1.43791001464583	2	1	62	     0.76013	     0.23987	1
0.0243499127328649	3	0	63	    0.998983	  0.00101672	1
0.459208963200029	4	2	64	    0.978438	   0.0215623	1
0.913024270617285	3	0	65	    0.993062	  0.00693769	1
-0.803546254536773	3	0	66	      0.9999	 9.95201e-05	1
0.319312393764533	3	2	67	    0.945137	   0.0548629	1
0.162495387694846	1	0	68	     0.98187	   0.0181297	1
0.968323356313204	4	1	69	    0.988727	   0.0112729	1
-0.324475292586838	3	0	70	    0.999593	 0.000406561	1
0.920919138239456	1	6	71	 0.000486598	    0.999513	2
3.05469031502795	2	9	72	 1.28843e-06	    0.999999	2
1.27116341264757	4	4	73	    0.260437	    0.739563	2
0.716498286472678	3	1	74	    0.975147	   0.0248534	1
2.46719352753642	2	1	75	    0.515525	    0.484475	1
-0.858084151354491	1	0	76	    0.998916	  0.00108396	1
1.9625907258877	4	0	77	    0.991233	  0.00876745	1
2.37090692311803	2	1	78	    0.532625	    0.467375	1
1.36119233177307	3	6	79	   0.0030157	    0.996984	2
2.56719996730802	2	4	80	  0.00662552	    0.993374	2
-0.619976110117289	3	3	81	    0.974593	   0.0254068	1
-0.496910292349759	3	2	82	    0.993004	  0.00699616	1
0.96426076217443	2	0	83	    0.973161	   0.0268395	1
1.1645655254167	3	4	84	    0.104118	    0.895882	2
0.157531399194759	3	1	85	    0.992568	  0.00743237	1
3.04267521131633	4	3	86	    0.272448	    0.727552	2
-1.03173405353918	3	3	87	    0.992878	  0.00712242	1
1.685701887604	1	5	88	 0.000792503	    0.999207	2
0.976916674638495	3	5	89	   0.0293317	    0.970668	2
1.71237044703461	2	1	90	    0.686778	    0.313222	1
2.50021222966634	4	5	91	   0.0166661	    0.983334	2
1.87611324018486	3	4	92	   0.0416381	    0.958362	2
2.08770080502949	3	3	93	    0.156245	    0.843755	2
-0.61175086745003	2	1	94	    0.996603	   0.0033972	1
-0.3966724092649	2	2	95	    0.967376	   0.0326237	1
1.62203172226876	4	1	96	    0.969535	   0.0304653	1
-0.592949010187598	3	0	97	    0.999811	 0.000188704	1
-0.737442650568513	3	3	98	    0.982053	   0.0179471	1
-1.92372059316884	2	1	99	    0.999964	 3.62338e-05	1
1.1848309294738	4	6	100	   0.0141412	    0.985859	2
0.300847502532761	4	0	101	    0.999451	 0.000548539	1
0.594099814070157	3	0	102	    0.996269	  0.00373102	1
0.719089451190381	3	0	103	    0.995198	   0.0048019	1
-0.678189032969064	4	3	104	    0.993951	  0.00604894	1
1.15808856471699	3	0	105	      0.9894	   0.0105995	1
0.574980403551296	2	2	106	    0.732654	    0.267346	1
-0.479236399145535	3	1	107	    0.998606	  0.00139438	1
-0.547616285049533	4	3	108	    0.991105	  0.00889465	1
-1.73983263608865	4	1	109	    0.999994	 5.72146e-06	1
0.102027082030469	3	0	110	    0.998768	  0.00123152	1
2.60202921544522	3	0	111	    0.949178	   0.0508222	1
0.177675133507255	4	1	112	     0.99782	  0.00217985	1
1.56184542748905	2	1	113	    0.727133	    0.272867	1
-0.0641947298678586	4	1	114	    0.998801	  0.00119912	1
0.122210394937295	2	2	115	    0.883927	    0.116073	1
2.5616195900541	4	8	116	 0.000108942	    0.999891	2
1.69160641515217	2	11	117	 1.26413e-07	           1	2
-1.07705349563309	2	1	118	    0.999213	 0.000787393	1
2.37219542867868	4	0	119	    0.987374	   0.0126258	1
0.314192264967906	3	0	120	    0.997969	  0.00203116	1
0.458768858308904	4	0	121	     0.99922	  0.00078041	1
0.46037034186652	1	3	122	    0.154837	    0.845163	2
-0.908883603360871	4	2	123	    0.999441	 0.000559081	1
-0.296505723785701	4	1	124	    0.999352	 0.000647942	1
-0.0181322748286189	4	3	125	    0.963337	   0.0366625	1
0.43049743844126	3	3	126	    0.716716	    0.283284	1
1.66638597491906	2	4	127	   0.0152843	    0.984716	2
0.10088018459899	3	9	128	 0.000242525	    0.999757	2
0.0183603225804349	4	1	129	    0.998522	  0.00147779	1
2.87010952684386	3	1	130	    0.755899	    0.244101	1
0.713611796810705	1	7	131	  0.00013615	    0.999864	2
0.837189121867784	4	0	132	    0.998317	  0.00168339	1
1.33192688670012	4	0	133	     0.99609	  0.00391023	1
0.336298139709026	3	3	134	    0.757389	    0.242611	1
-0.0902949135265547	3	5	135	    0.237621	    0.762379	2
1.20441739125121	3	3	136	    0.366349	    0.633651	2
-1.82940584270738	1	2	137	       0.999	  0.00100032	1
-1.1258625768962	3	1	138	    0.999814	 0.000186099	1
2.40121259538179	3	1	139	    0.800339	    0.199661	1
-2.16626242120386	3	1	140	    0.999996	 3.77809e-06	1
0.691060049897366	1	6	141	 0.000755636	    0.999244	2
2.17541708922132	1	6	142	 8.81626e-05	    0.999912	2
1.39025156524856	2	3	143	    0.107564	    0.892436	2
0.489163208822341	4	2	144	    0.977027	   0.0229728	1
2.175612102755	2	4	145	  0.00885906	    0.991141	2
-1.26365137046358	4	0	146	    0.999994	 6.09333e-06	1
1.05879113179741	2	0	147	    0.968448	   0.0315518	1
2.29613450572484	2	2	148	    0.185311	    0.814689	2
0.627552876112183	2	6	149	  0.00308378	    0.996916	2
0.721326983523739	3	1	150	    0.974914	   0.0250862	1
1.07824329973388	2	9	151	   8.854e-06	    0.999991	2
-0.616970395196253	3	2	152	     0.99507	  0.00492978	1
1.59603462540548	2	2	153	    0.324071	    0.675929	2
1.74223904746023	2	6	154	 0.000500729	    0.999499	2
1.77068033361614	2	4	155	   0.0134621	    0.986538	2
1.73499797098886	4	2	156	    0.838605	    0.161395	1
1.34180446107457	3	7	157	 0.000586282	    0.999414	2
2.70823250088849	2	8	158	 7.76813e-06	    0.999992	2
0.93616953442367	4	2	159	    0.945969	   0.0540314	1
-0.166824435971198	2	0	160	    0.997766	  0.00223442	1
0.146006417018308	3	2	161	     0.96277	   0.0372304	1
0.00328207538043648	1	6	162	  0.00356166	    0.996438	2
-0.960241160403272	4	0	163	    0.999983	 1.68236e-05	1
0.399389460852197	3	1	164	    0.987078	   0.0129216	1
1.13355856589898	3	3	165	    0.393804	    0.606196	2
0.987635910169957	2	3	166	    0.188535	    0.811465	2
-1.15778457190939	3	2	167	    0.999113	 0.000886678	1
0.512653733330323	3	1	168	    0.983524	   0.0164756	1
-0.900307815510375	4	1	169	    0.999892	 0.000108273	1
3.18064436657218	1	6	170	 5.23374e-05	    0.999948	2
0.783926801836217	2	6	171	  0.00226071	    0.997739	2
1.19188369263657	2	1	172	    0.822199	    0.177801	1
1.63219143825734	4	2	173	     0.85539	     0.14461	1
1.58970654884769	4	2	174	    0.862165	    0.137835	1
0.317282878006462	3	1	175	    0.989235	   0.0107654	1
0.333088512001164	4	0	176	     0.99941	 0.000590373	1
2.52169558449509	3	2	177	    0.410225	    0.589775	2
2.37589494887901	1	4	178	  0.00210463	    0.997895	2
1.61401850304861	3	7	179	 0.000398997	    0.999601	2
0.61692250557833	2	0	180	    0.986076	   0.0139237	1
1.25265894948886	4	0	181	    0.996541	  0.00345889	1
-0.0794030508781794	3	0	182	    0.999218	 0.000781525	1
0.819249616484292	2	3	183	    0.240637	    0.759363	2
1.06720312985574	2	0	184	    0.968002	    0.031998	1
1.39458486380617	2	7	185	 0.000150687	    0.999849	2
0.211565922602652	3	0	186	    0.998399	   0.0016013	1
2.04722945812922	3	9	187	  8.5993e-06	    0.999991	2
2.08384380563785	2	5	188	  0.00182978	     0.99817	2
0.634750706476992	2	1	189	    0.927849	   0.0721506	1
-0.441903979377315	2	3	190	    0.863904	    0.136096	1
0.145600478824159	4	0	191	    0.999619	 0.000380873	1
0.671002323120694	2	1	192	    0.922765	   0.0772354	1
2.60512838832911	3	3	193	    0.110767	    0.889233	2
0.24657855500602	4	2	194	    0.986538	   0.0134625	1
-0.445259967556074	2	1	195	    0.994495	  0.00550487	1
-0.11008931037432	1	1	196	    0.952724	   0.0472762	1
1.27802513346545	2	6	197	 0.000954376	    0.999046	2
-0.660578427173273	3	2	198	    0.995671	  0.00432897	1
1.08322478283372	4	8	199	  0.00060265	    0.999397	2
1.11125552120773	2	6	200	  0.00125126	    0.998749	2
2.01193128067782	3	1	201	    0.849072	    0.150928	1
-1.99757413350665	4	1	202	    0.999998	 2.08742e-06	1
0.0235412849716137	4	2	203	    0.992103	  0.00789739	1
1.58120967740699	4	2	204	    0.863507	    0.136493	1
1.37232894342909	3	3	205	    0.308068	    0.691932	2
1.0869543453465	1	1	206	    0.604963	    0.395037	1
0.974152718663542	3	5	207	   0.0294729	    0.970527	2
0.837161648255925	4	0	208	    0.998317	   0.0016833	1
0.661546445262141	4	1	209	    0.993693	  0.00630723	1
-0.678994968707934	2	2	210	    0.985423	   0.0145774	1
0.637237432047077	1	7	211	 0.000158777	    0.999841	2
2.17417442051694	1	5	212	 0.000468429	    0.999532	2
1.25252756684069	2	6	213	 0.000993396	    0.999007	2
0.00245134041875634	4	0	214	    0.999732	 0.000267767	1
0.706757143266577	4	1	215	    0.993098	  0.00690212	1
1.52212972117947	2	2	216	    0.346362	    0.653638	2
-0.443060688484141	4	0	217	    0.999919	 8.10859e-05	1
1.12037427957219	2	3	218	    0.155868	    0.844132	2
0.742420122088653	4	0	219	    0.998597	  0.00140267	1
-1.22612497108417	4	1	220	    0.999963	 3.68174e-05	1
-0.151370487734714	2	0	221	    0.997673	  0.00232712	1
1.24282888646899	4	1	222	     0.98218	   0.0178198	1
0.695987089547993	4	0	223	     0.99872	  0.00127958	1
1.66433162120139	3	7	224	 0.000373855	    0.999626	2
0.607755093217053	2	1	225	    0.931474	   0.0685259	1
-0.487045687682936	2	0	226	    0.999076	 0.000924066	1
1.61676237278344	3	2	227	    0.626586	    0.373414	1
1.65817272559858	1	4	228	  0.00434187	    0.995658	2
2.12104553400684	2	4	229	  0.00930794	    0.990692	2
-0.733326182440446	4	1	230	    0.999818	 0.000182497	1
-1.16572454681952	3	0	231	    0.999969	 3.06467e-05	1
-0.0627647282781553	4	0	232	    0.999773	 0.000226901	1
0.13663492055198	2	0	233	    0.995199	  0.00480072	1
0.404332875683052	3	0	234	    0.997513	  0.00248657	1
1.23031176119415	4	3	235	    0.666074	    0.333926	1
1.33471080530775	4	3	236	    0.628921	    0.371079	1
1.93105145186671	1	4	237	  0.00315195	    0.996848	2
0.260599648771134	2	1	238	    0.966786	   0.0332139	1
-0.360992152662801	4	1	239	    0.999458	  0.00054226	1
1.38213483309356	3	3	240	    0.304963	    0.695037	2
1.55925088708035	3	6	241	  0.00227462	    0.997725	2
0.0339298259493541	4	2	242	    0.991897	  0.00810317	1
-0.397375253395235	4	0	243	    0.999908	 9.22808e-05	1
1.23316452744191	2	3	244	    0.133058	    0.866942	2
-1.80665566780943	4	1	245	    0.999996	 4.42633e-06	1
1.71210003290786	3	5	246	  0.00983042	     0.99017	2
1.21079265341961	2	0	247	    0.959695	    0.040305	1
1.1719207889068	3	2	248	    0.763967	    0.236033	1
0.818012697426975	3	5	249	   0.0389511	    0.961049	2
-0.26075235834293	3	2	250	    0.986535	   0.0134652	1
1.07923543905862	3	2	251	    0.790844	    0.209156	1
1.1561531631561	3	4	252	    0.105421	    0.894579	2
-0.368508780346848	3	2	253	    0.989956	   0.0100442	1
0.342327630808515	1	1	254	    0.870298	    0.129702	1
-0.0815508548483534	4	0	255	    0.999784	 0.000216204	1
0.660087067417539	4	0	256	    0.998809	  0.00119054	1
0.742800298531866	4	0	257	    0.998596	  0.00140371	1
2.04503276155664	1	4	258	  0.00280259	    0.997197	2
0.507062527951652	4	0	259	    0.999134	 0.000866017	1
1.4296610256014	4	0	260	    0.995481	  0.00451908	1
-0.141453028840887	1	13	261	 4.35902e-08	           1	2
2.23081778838328	1	5	262	 0.000445821	    0.999554	2
0.653366614077649	4	0	263	    0.998826	  0.00117445	1
1.64372111270341	2	8	264	 2.01084e-05	     0.99998	2
0.837950259982335	4	1	265	    0.991114	  0.00888601	1
2.10028531107813	4	0	266	    0.989949	   0.0100506	1
-1.19904043457344	3	3	267	    0.995921	  0.00407902	1
-0.952088539524853	4	1	268	    0.999908	    9.17e-05	1
1.37482214233573	3	3	269	    0.307276	    0.692724	2
2.28812580461459	3	6	270	  0.00103519	    0.998965	2
0.761229231100843	1	4	271	   0.0182195	     0.98178	2
-2.15745012454827	4	0	272	           1	 2.05173e-07	1
0.36355000833574	2	8	273	 0.000193414	    0.999807	2
0.698189096641084	1	9	274	 4.98108e-06	    0.999995	2
-1.16548116418239	4	1	275	    0.999955	 4.52747e-05	1
-0.142473365669408	4	1	276	    0.999021	 0.000978937	1
0.285205943490498	4	4	277	    0.703866	    0.296134	1
0.122444285903949	3	2	278	    0.964758	   0.0352418	1
-0.598996854571567	4	2	279	    0.998549	  0.00145082	1
-1.11458529055664	3	0	280	    0.999964	 3.64074e-05	1
-0.403083153236508	4	0	281	    0.999909	 9.08094e-05	1
3.06672676963838	1	7	282	 1.00693e-05	     0.99999	2
2.39747364071165	1	5	283	 0.000390823	    0.999609	2
-0.133146980278	4	0	284	    0.999811	  0.00018909	1
1.21277083276249	4	2	285	    0.915917	    0.084083	1
-1.36007317761525	4	0	286	    0.999996	 4.34949e-06	1
0.0389551617106391	4	3	287	    0.957928	   0.0420725	1
0.710733655750197	3	1	288	    0.975422	   0.0245776	1
0.829070535737191	4	2	289	    0.955285	   0.0447145	1
-0.609061895715835	3	1	290	    0.999046	  0.00095441	1
0.518122771086818	3	2	291	    0.917445	    0.082555	1
0.976568786466067	3	0	292	    0.992222	  0.00777789	1
-1.24015527406304	4	1	293	    0.999965	 3.50838e-05	1
1.7930687631297	4	4	294	    0.146691	    0.853309	2
-0.06351287825195	4	1	295	    0.998799	  0.00120122	1
1.74234062177752	4	5	296	   0.0332629	    0.966737	2
2.53175537389091	2	5	297	  0.00128224	    0.998718	2
0.802057316575591	4	2	298	    0.957437	    0.042563	1
1.58035861612137	2	4	299	   0.0170705	     0.98293	2
-0.398740248767326	1	5	300	   0.0524957	    0.947504	2
2.56623295131856	3	4	301	   0.0234412	    0.976559	2
-0.717319696517326	2	1	302	    0.997526	  0.00247381	1
1.71307103940513	2	1	303	    0.686591	    0.313409	1
-2.37179930778061	3	1	304	    0.999998	 1.59001e-06	1
-0.0053714179489142	3	8	305	  0.00167377	    0.998326	2
-0.461310880034342	4	0	306	    0.999923	 7.69696e-05	1
0.0410408854264901	4	2	307	    0.991753	   0.0082467	1
0.941021132444805	3	0	308	    0.992701	  0.00729884	1
1.36604319760527	2	6	309	 0.000834173	    0.999166	2
1.3992238155615	2	3	310	    0.106299	    0.893701	2
1.1264613633288	1	3	311	    0.048357	    0.951643	2
1.32359409114435	2	5	312	  0.00470457	    0.995295	2
2.57663168210831	1	5	313	 0.000347171	    0.999653	2
0.461215576627719	1	1	314	    0.837528	    0.162472	1
1.54237622088241	2	5	315	  0.00343157	    0.996568	2
1.45106458688009	1	12	316	 9.14757e-09	           1	2
1.21066694047503	2	11	317	    2.52e-07	           1	2
-1.77932134866816	4	2	318	    0.999974	 2.61124e-05	1
1.68056619136956	1	6	319	 0.000150332	     0.99985	2
0.26171101029427	4	1	320	    0.997345	   0.0026553	1
0.109297550689474	3	1	321	     0.99338	  0.00661963	1
2.28556657689684	3	5	322	  0.00548307	    0.994517	2
0.173844679253407	3	2	323	    0.960301	   0.0396987	1
2.07567851786685	3	6	324	  0.00125013	     0.99875	2
1.52945668493404	2	0	325	    0.936658	   0.0633419	1
2.48049149627154	2	4	326	  0.00699724	    0.993003	2
-0.352605589178813	4	0	327	    0.999895	 0.000104591	1
1.24112616021739	2	11	328	 2.39995e-07	           1	2
-0.420977457479102	2	1	329	    0.994104	  0.00589568	1
-0.608121082385929	2	0	330	    0.999351	 0.000648577	1
-0.536258568846838	3	0	331	    0.999777	 0.000222905	1
1.2295171846916	2	10	332	 1.29804e-06	    0.999999	2
1.16726999390628	1	1	333	    0.572377	    0.427623	1
0.704215692301637	4	2	334	    0.964586	   0.0354141	1
1.98814603119549	2	3	335	   0.0537948	    0.946205	2
-0.388399682778444	4	0	336	    0.999905	 9.46381e-05	1
2.42496422813824	1	8	337	 2.56125e-06	    0.999997	2
0.705245198599476	1	4	338	   0.0203011	    0.979699	2
1.82602113993823	1	10	339	 1.58701e-07	           1	2
2.37624635605364	2	3	340	   0.0387076	    0.961292	2
2.76908607710615	4	0	341	     0.98404	   0.0159599	1
0.738539726670148	3	2	342	    0.876165	    0.123835	1
-0.582798608470211	1	1	343	    0.986817	    0.013183	1
1.56527518275419	2	8	344	 2.23022e-05	    0.999978	2
0.317900949579043	1	2	345	    0.571898	    0.428102	1
1.83242801287488	2	5	346	  0.00238489	    0.997615	2
1.49053073907915	4	0	347	    0.995073	  0.00492737	1
-0.301365980625029	3	1	348	    0.997704	  0.00229592	1
1.16663436990155	4	0	349	    0.996988	  0.00301167	1
1.04949997628313	3	0	350	    0.991165	  0.00883464	1
0.97380287162778	1	9	351	 2.95579e-06	    0.999997	2
-0.52339285035633	4	2	352	    0.998189	  0.00181079	1
0.60996157111978	2	3	353	    0.324331	    0.675669	2
1.85674403192924	3	2	354	    0.555894	    0.444106	1
2.2505180408827	3	4	355	   0.0292493	    0.970751	2
-0.547619344214481	4	2	356	    0.998313	  0.00168745	1
1.13504919549707	2	1	357	     0.83549	     0.16451	1
1.17900200836529	2	0	358	    0.961647	   0.0383527	1
0.0924896054070551	3	0	359	    0.998797	  0.00120317	1
0.830505687034484	3	7	360	  0.00140204	    0.998598	2
2.47401527329565	2	8	361	 8.90604e-06	    0.999991	2
1.04313531010843	4	3	362	    0.731628	    0.268372	1
1.93349581962774	2	5	363	  0.00213187	    0.997868	2
0.0611157105098357	3	0	364	    0.998886	   0.0011139	1
2.05140534893496	2	7	365	 6.71133e-05	    0.999933	2
0.697977546740966	4	0	366	    0.998715	  0.00128467	1
-0.794345782616241	3	1	367	    0.999456	 0.000543502	1
1.57333146603417	3	4	368	   0.0593171	    0.940683	2
2.1492561480918	2	7	369	 6.11565e-05	    0.999939	2
0.0694760571647282	3	0	370	    0.998863	   0.0011371	1
0.0674819462174761	3	5	371	     0.17303	     0.82697	2
2.26461612748221	4	2	372	    0.751205	    0.248795	1
0.48175870513535	3	3	373	    0.693521	    0.306479	1
1.91397636888523	4	2	374	    0.808613	    0.191387	1
0.275316896367943	4	1	375	     0.99726	  0.00274011	1
0.40821327676497	4	1	376	    0.996302	  0.00369765	1
1.24489396495652	1	3	377	   0.0401973	    0.959803	2
0.656937147270406	1	12	378	  3.6161e-08	           1	2
1.62040364203757	3	7	379	 0.000395674	    0.999604	2
-0.394806649679255	3	0	380	    0.999666	 0.000334246	1
-0.94849998340053	3	0	381	    0.999937	 6.28478e-05	1
-0.931376918660129	4	1	382	    0.999902	 9.80241e-05	1
-1.6621957996621	4	0	383	    0.999999	 1.44594e-06	1
-1.80997723049449	3	0	384	    0.999997	 2.96036e-06	1
-1.05793032393337	3	2	385	    0.998762	  0.00123777	1
0.291960608797105	4	2	386	    0.985067	   0.0149325	1
-0.53846473458547	2	3	387	    0.893453	    0.106547	1
-0.566596357447354	4	1	388	    0.999699	 0.000301034	1
-2.77330931301029	3	0	389	           1	 5.04198e-08	1
0.251017916262652	3	1	390	    0.990746	  0.00925442	1
1.06613180555608	3	2	391	    0.794541	    0.205459	1
0.253698813898048	4	1	392	    0.997394	  0.00260642	1
1.57411039222625	4	2	393	    0.864625	    0.135375	1
0.573678755899949	3	2	394	    0.908121	   0.0918791	1
1.75371551363452	1	4	395	  0.00385708	    0.996143	2
-0.918521230219881	3	1	396	    0.999633	 0.000367322	1
0.593993891693393	4	1	397	    0.994504	  0.00549645	1
-1.0258472324882	4	1	398	    0.999928	 7.21264e-05	1
1.08718354674899	3	4	399	     0.11686	     0.88314	2
0.866093928528893	1	6	400	 0.000538531	    0.999461	2
1.52284085790428	3	0	401	     0.98171	   0.0182899	1
0.22139423129468	4	1	402	    0.997583	   0.0024171	1
3.19056176558966	2	4	403	  0.00527159	    0.994728	2
-0.463158956345429	4	1	404	    0.999594	 0.000406369	1
0.588859877854409	3	8	405	 0.000427318	    0.999573	2
1.68736758805309	2	7	406	 0.000100978	    0.999899	2
0.754778103492255	2	3	407	    0.264102	    0.735898	2
1.64472903030658	4	7	408	  0.00137755	    0.998622	2
1.8191380676926	2	4	409	   0.0127248	    0.987275	2
0.38241257559238	3	2	410	    0.937272	    0.062728	1
2.49375068286571	4	9	411	 2.14186e-05	    0.999979	2
-0.15205226427237	2	1	412	    0.987789	   0.0122112	1
1.60821229544693	2	0	413	    0.930067	    0.069933	1
1.58088232385436	3	5	414	   0.0116204	     0.98838	2
1.5125361207001	4	1	415	    0.973604	   0.0263957	1
1.8777929638734	4	0	416	    0.991997	  0.00800338	1
0.935520189535308	3	1	417	    0.962789	   0.0372107	1
2.62067848622788	3	4	418	   0.0227268	    0.977273	2
1.51808739948853	4	4	419	    0.196501	    0.803499	2
1.24491714664338	3	3	420	    0.351409	    0.648591	2
1.47523056874681	1	4	421	  0.00554964	     0.99445	2
1.98447828058805	2	4	422	   0.0106345	    0.989365	2
0.714642598477119	4	2	423	    0.963871	    0.036129	1
0.236025555852061	3	1	424	    0.991061	   0.0089388	1
0.0640220607587907	4	2	425	    0.991274	  0.00872578	1
0.541652345844425	2	7	426	 0.000696176	    0.999304	2
2.20995462159922	1	10	427	 1.07632e-07	           1	2
-0.0481830242486619	3	3	428	    0.887453	    0.112547	1
1.2924434506177	2	6	429	 0.000933192	    0.999067	2
-1.02693598262754	3	1	430	    0.999742	 0.000258453	1
0.0208693033577827	3	1	431	    0.994672	  0.00532825	1
1.45022791407625	3	0	432	    0.983458	   0.0165418	1
1.24404563782857	4	2	433	    0.911981	   0.0880195	1
1.92687965857154	3	5	434	  0.00767991	     0.99232	2
1.53083417949192	2	8	435	 2.33733e-05	    0.999977	2
1.82329565457863	2	6	436	  0.00045482	    0.999545	2
1.53147396812949	1	8	437	 6.49269e-06	    0.999994	2
1.11838368308835	2	4	438	   0.0337179	    0.966282	2
-0.717747463114101	3	2	439	    0.996357	  0.00364259	1
2.60836291924655	4	7	440	 0.000562472	    0.999438	2
0.967403580510906	3	4	441	      0.1403	      0.8597	2
0.031223026063937	3	2	442	    0.971641	   0.0283586	1
1.04810733342869	2	0	443	    0.969008	   0.0309915	1
-0.688347582250163	4	1	444	    0.999791	 0.000209307	1
-0.105734974261595	2	3	445	    0.717708	    0.282292	1
-1.36815095525418	2	0	446	    0.999945	 5.46835e-05	1
-1.23412122350768	4	0	447	    0.999993	 6.74673e-06	1
0.661559037691524	3	2	448	    0.891889	    0.108111	1
3.06545552900204	2	4	449	    0.005393	    0.994607	2
0.402812230499004	4	1	450	    0.996346	  0.00365384	1
3.32308649878457	1	5	451	 0.000274257	    0.999726	2
2.0018450270108	2	5	452	  0.00198467	    0.998015	2
0.748409462575957	4	2	453	     0.96148	   0.0385202	1
0.639546112534859	4	4	454	    0.523987	    0.476013	1
-1.95131534694482	3	0	455	    0.999998	 1.70085e-06	1
0.418469485948327	3	1	456	    0.986529	   0.0134712	1
0.724827671375305	2	2	457	    0.668981	    0.331019	1
1.668515997098	3	4	458	   0.0527408	    0.947259	2
-0.350212563410144	3	1	459	    0.997993	  0.00200687	1
0.662722161557644	3	0	460	    0.995708	  0.00429172	1
1.1774319483701	3	2	461	    0.762332	    0.237668	1
-0.215149379066655	4	0	462	    0.999848	 0.000152196	1
0.645225770560422	2	2	463	    0.703344	    0.296656	1
0.218635354873942	2	4	464	    0.176642	    0.823358	2
0.862655229903145	2	7	465	 0.000367249	    0.999633	2
0.278689108052033	2	4	466	    0.157188	    0.842812	2
1.99799798189353	2	1	467	    0.613373	    0.386627	1
2.33793915899412	2	5	468	  0.00146837	    0.998532	2
-0.74441122935048	4	0	469	    0.999967	 3.32281e-05	1
0.736522937685601	2	0	470	    0.982354	   0.0176458	1
0.353263352175455	3	2	471	    0.941008	   0.0589923	1
1.31059405753299	4	4	472	    0.248809	    0.751191	2
-1.4359684548072	4	0	473	    0.999997	 3.31949e-06	1
0.478036407591819	3	1	474	    0.984687	   0.0153131	1
1.47205977575684	2	6	475	  0.00071476	    0.999285	2
1.93400472649084	4	1	476	     0.95643	   0.0435703	1
0.313368114373991	2	0	477	    0.992746	  0.00725387	1
1.26455103507089	2	6	478	 0.000974742	    0.999025	2
1.50207205042978	3	9	479	 1.64783e-05	    0.999984	2
-1.52703331901567	2	1	480	    0.999836	 0.000163907	1
1.50732302275087	2	7	481	 0.000128188	    0.999872	2
1.28088645116981	2	5	482	  0.00502397	    0.994976	2
1.19995821392675	2	5	483	  0.00571071	    0.994289	2
0.768158363310437	1	2	484	    0.340421	    0.659579	2
-1.42328006055215	4	0	485	    0.999997	 3.47395e-06	1
-1.99840249735097	2	1	486	    0.999973	 2.69153e-05	1
1.98932043664856	1	2	487	   0.0773378	    0.922662	2
0.485482999367132	2	3	488	    0.384272	    0.615728	2
-1.05120025362814	3	2	489	    0.998734	  0.00126557	1
1.97509077199492	2	6	490	 0.000384902	    0.999615	2
0.446405124389152	2	0	491	     0.99026	  0.00973981	1
2.07547871477485	2	5	492	  0.00184459	    0.998155	2
0.971847266078056	2	8	493	 5.66416e-05	    0.999943	2
2.1281571261894	3	0	494	    0.963868	   0.0361319	1
0.866491210514051	3	0	495	    0.993632	  0.00636808	1
2.34884809783379	2	5	496	  0.00145613	    0.998544	2
2.97775266984339	2	3	497	   0.0286158	    0.971384	2
1.62631430137082	2	4	498	   0.0160813	    0.983919	2
2.431287138448	2	5	499	  0.00137078	    0.998629	2
0.779091863444552	3	0	500	    0.994603	  0.00539742	1
2.11664202117869	2	3	501	   0.0477003	      0.9523	2
1.59119876615921	3	8	502	 7.74753e-05	    0.999923	2
-0.699471402022664	3	1	503	    0.999273	 0.000727471	1
0.304506484958328	2	4	504	    0.149481	    0.850519	2
1.48740809870163	4	1	505	    0.974492	   0.0255078	1
-0.133656068544768	4	1	506	    0.998998	   0.0010018	1
2.1368932735211	3	0	507	    0.963585	   0.0364147	1
2.00123808003241	4	2	508	    0.793939	    0.206061	1
-0.00441438538399559	4	0	509	    0.999737	 0.000263179	1
1.98111941187406	3	3	510	    0.170803	    0.829197	2
0.270055622622691	4	3	511	    0.928922	    0.071078	1
1.57532914377636	4	1	512	    0.971309	   0.0286905	1
-1.90207940992863	4	1	513	    0.999997	 3.05045e-06	1
-0.38574579253034	4	0	514	    0.999905	 9.53455e-05	1
1.57442368147508	1	8	515	 6.12471e-06	    0.999994	2
3.40447464703957	2	6	516	 0.000185706	    0.999814	2
0.943178250501216	2	6	517	  0.00167866	    0.998321	2
-1.99318970978709	4	1	518	    0.999998	 2.12441e-06	1
-0.630553366357131	3	0	519	    0.999831	 0.000168741	1
0.353468642315016	1	0	520	    0.972021	   0.0279793	1
0.0529064271979621	2	1	521	    0.979559	   0.0204409	1
-0.29896369583473	4	2	522	    0.996592	  0.00340763	1
-0.201154404093746	4	2	523	    0.995565	  0.00443474	1
-1.54275652884335	3	1	524	    0.999957	 4.30245e-05	1
0.0825451019095582	1	3	525	    0.305223	    0.694777	2
3.0264874789849	2	5	526	  0.00102996	     0.99897	2
-1.05683711092981	1	3	527	     0.92129	   0.0787099	1
2.56741155750189	2	4	528	  0.00662468	    0.993375	2
2.80297561523031	2	10	529	 2.63798e-07	           1	2
2.38842653192141	2	7	530	 5.02157e-05	     0.99995	2
-0.574995287945051	2	1	531	    0.996214	  0.00378622	1
1.33562481718721	2	5	532	  0.00461943	    0.995381	2
1.28110539811758	2	9	533	 6.35206e-06	    0.999994	2
0.295584816396804	4	0	534	    0.999458	 0.000541958	1
-1.8785651834717	4	1	535	    0.999997	 3.34564e-06	1
0.311900621113739	3	8	536	 0.000781573	    0.999218	2
1.63009027410573	2	4	537	   0.0160037	    0.983996	2
0.623491697962901	1	1	538	    0.785349	    0.214651	1
0.50797295021388	4	2	539	    0.976104	   0.0238962	1
0.76187810023678	4	0	540	    0.998543	    0.001457	1
0.355168128542595	4	1	541	    0.996714	  0.00328604	1
0.353930567981656	3	1	542	    0.988313	   0.0116871	1
-0.930272618634579	2	1	543	    0.998729	  0.00127118	1
0.870341024385655	4	0	544	    0.998209	  0.00179146	1
2.94955082585122	4	4	545	   0.0675151	    0.932485	2
-0.692850654991241	3	1	546	    0.999258	 0.000742236	1
0.26564605565945	4	0	547	    0.999494	 0.000505792	1
2.03413509731178	2	3	548	   0.0514644	    0.948536	2
1.48256727983166	4	2	549	    0.878711	    0.121289	1
-0.722776336791095	3	0	550	    0.999872	 0.000127698	1
0.10814628652626	4	0	551	    0.999652	 0.000347845	1
1.49169071828782	2	5	552	  0.00368026	     0.99632	2
2.1878814889545	3	2	553	    0.472695	    0.527305	2
-0.0209915587104945	4	1	554	    0.998661	  0.00133855	1
0.975895889246579	3	2	555	    0.819198	    0.180802	1
-0.264292928910156	3	2	556	    0.986662	   0.0133381	1
-0.859353561090937	4	2	557	    0.999346	 0.000654302	1
1.89711058618702	2	3	558	    0.058962	    0.941038	2
0.317091882196421	4	0	559	    0.999431	 0.000569288	1
-1.86195897827083	4	1	560	    0.999996	 3.57027e-06	1
1.87762908091326	2	5	561	  0.00226609	    0.997734	2
1.13326991416349	4	0	562	     0.99715	  0.00284994	1
2.83541817906327	4	0	563	     0.98359	   0.0164099	1
-0.978486650490488	4	0	564	    0.999984	 1.58577e-05	1
1.46674387619438	4	1	565	    0.975209	    0.024791	1
1.60193799415485	2	5	566	  0.00316839	    0.996832	2
0.633451027075018	4	2	567	    0.969154	   0.0308461	1
2.36619826084387	2	6	568	 0.000270995	    0.999729	2
2.75762110063048	1	8	569	 2.10935e-06	    0.999998	2
1.17854492366407	2	1	570	    0.825361	    0.174639	1
2.39434649745847	3	8	571	 3.38721e-05	    0.999966	2
-0.692606516366729	4	1	572	    0.999793	 0.000206621	1
2.42704411962435	2	4	573	  0.00725672	    0.992743	2
0.503501827207709	3	2	574	     0.91978	     0.08022	1
-0.713598728050128	3	2	575	    0.996311	  0.00368883	1
-2.1543133911763	4	1	576	    0.999999	 1.10353e-06	1
0.450351038914155	4	0	577	    0.999234	 0.000766242	1
1.66752735008899	1	8	578	 5.42264e-06	    0.999995	2
2.18053380965041	3	9	579	 7.58672e-06	    0.999992	2
1.30207128770046	3	2	580	    0.724533	    0.275467	1
1.00365934221092	4	2	581	    0.939437	   0.0605631	1
0.480045937060558	3	5	582	   0.0745637	    0.925436	2
1.0167970354404	1	5	583	  0.00217152	    0.997828	2
1.58786069783798	2	4	584	   0.0169032	    0.983097	2
-1.40908888253506	4	2	585	    0.999897	 0.000103013	1
-1.95313944391846	2	1	586	    0.999968	 3.22455e-05	1
0.0567581018499006	3	0	587	    0.998898	  0.00110197	1
1.53521196453432	4	1	588	    0.972788	   0.0272121	1
-0.58384702295779	1	0	589	    0.997498	   0.0025021	1
2.26695965409025	2	9	590	 1.95856e-06	    0.999998	2
1.12965990170666	4	1	591	    0.985141	   0.0148591	1
-1.32990744123819	1	1	592	    0.998806	   0.0011936	1
0.587062433204921	3	0	593	    0.996323	  0.00367709	1
0.81108106223646	2	0	594	    0.979664	    0.020336	1
1.00728876051057	1	4	595	   0.0116132	    0.988387	2
1.66218066956106	4	3	596	    0.517348	    0.482652	1
0.557419189296945	4	1	597	    0.994906	  0.00509443	1
-0.860282147643863	4	1	598	    0.999877	  0.00012294	1
0.329869688474271	4	2	599	    0.983738	    0.016262	1
2.19955008422154	3	3	600	    0.143187	    0.856813	2
1.35149214189795	3	1	601	    0.928312	   0.0716875	1
-1.80315929372509	4	1	602	    0.999996	 4.48654e-06	1
0.53977841779877	4	3	603	    0.877906	    0.122094	1
0.581656571000853	4	0	604	    0.998986	  0.00101357	1
1.38017318306949	4	0	605	    0.995796	  0.00420356	1
0.402711440357043	4	0	606	     0.99931	 0.000690082	1
0.390456246842114	2	0	607	    0.991381	  0.00861907	1
-1.24478359743119	2	0	608	    0.999916	 8.41321e-05	1
0.506152858742247	4	0	609	    0.999136	 0.000864335	1
2.16577197620565	3	2	610	    0.477618	    0.522382	2
-0.582226035273448	3	2	611	    0.994538	  0.00546178	1
0.875134541856816	2	5	612	   0.0100162	    0.989984	2
-0.791857682914447	4	0	613	    0.999971	  2.8696e-05	1
3.05002329494031	1	4	614	   0.0015107	    0.998489	2
-0.870532647929302	4	0	615	    0.999978	 2.24188e-05	1
1.80182227710805	4	0	616	    0.992658	  0.00734186	1
1.53353963392895	1	7	617	 3.43734e-05	    0.999966	2
0.888471294107846	4	2	618	    0.950275	    0.049725	1
0.300345839826371	4	0	619	    0.999452	 0.000547909	1
0.901407062608467	1	6	620	 0.000504351	    0.999496	2
-0.909802651686361	3	4	621	    0.946475	    0.053525	1
0.963627285851812	3	1	622	    0.960925	   0.0390755	1
0.635746953665259	4	0	623	    0.998867	   0.0011331	1
-0.968023812094766	4	0	624	    0.999984	 1.64051e-05	1
2.37328900907715	3	3	625	    0.126753	    0.873247	2
2.84745350561868	3	7	626	 0.000139431	    0.999861	2
0.735313876643882	3	1	627	     0.97423	   0.0257704	1
2.33905017513729	3	7	628	 0.000187437	    0.999813	2
3.07876134643208	2	7	629	 3.61192e-05	    0.999964	2
-0.742260029321267	3	0	630	     0.99988	 0.000120298	1
2.35454377687591	2	4	631	  0.00764985	     0.99235	2
1.23756268195102	4	2	632	    0.912805	   0.0871948	1
1.3989677694637	3	0	633	    0.984628	   0.0153718	1
1.47309810399277	2	4	634	    0.019736	    0.980264	2
2.18661887730338	3	0	635	    0.961975	   0.0380254	1
0.235151881686825	2	2	636	    0.853321	    0.146679	1
-0.168147876245545	4	2	637	    0.995161	  0.00483897	1
-0.431537528172374	1	1	638	    0.979718	   0.0202824	1
0.598499613840556	3	1	639	    0.980329	   0.0196709	1
1.26717155142366	3	3	640	    0.343437	    0.656563	2
0.950525307095373	3	3	641	    0.471801	    0.528199	2
1.82660228612419	2	9	642	 3.02866e-06	    0.999997	2
-0.526445183059309	4	0	643	    0.999936	 6.37804e-05	1
0.75107937611701	2	1	644	    0.910636	   0.0893644	1
0.777041347298228	2	6	645	  0.00229097	    0.997709	2
0.560566667240881	3	6	646	   0.0126231	    0.987377	2
2.22159930119019	1	2	647	   0.0630417	    0.936958	2
1.6362345061026	1	4	648	  0.00446576	    0.995534	2
3.08389006772102	1	3	649	  0.00790802	    0.992092	2
0.460875828254641	3	1	650	    0.985238	   0.0147624	1
-1.0152466800752	3	2	651	    0.998576	  0.00142418	1
0.114125345505466	4	0	652	    0.999647	 0.000352943	1
1.28686069187744	3	1	653	    0.934632	   0.0653676	1
1.26947554708182	3	3	654	    0.342622	    0.657378	2
0.900548018344935	3	1	655	    0.965018	   0.0349818	1
0.0153487724658813	4	0	656	    0.999723	 0.000276578	1
0.745451820843313	2	1	657	    0.911529	   0.0884713	1
1.45816704074581	1	4	658	  0.00568525	    0.994315	2
0.0611748592637839	3	0	659	    0.998886	  0.00111406	1
1.3887278647514	2	5	660	  0.00426707	    0.995733	2
1.14738705702435	4	2	661	      0.9238	   0.0761998	1
-1.03081586532618	4	0	662	    0.999987	 1.33656e-05	1
0.81810313586509	4	0	663	    0.998376	  0.00162354	1
-1.15563777666044	3	0	664	    0.999968	 3.17107e-05	1
1.35829220990591	3	8	665	 0.000107761	    0.999892	2
1.38828762505235	1	6	666	 0.000224496	    0.999776	2
-0.730327487390059	2	1	667	    0.997622	  0.00237758	1
2.07886600403046	3	3	668	     0.15737	     0.84263	2
-0.925541737082644	4	1	669	      0.9999	 9.98775e-05	1
1.97531066251056	3	0	670	    0.968766	    0.031234	1
-0.663748615845379	3	0	671	    0.999847	 0.000152747	1
-0.0865476659304074	3	2	672	    0.978813	   0.0211867	1
-1.421345963138	4	1	673	    0.999981	 1.85723e-05	1
-0.306490077944847	3	0	674	    0.999573	 0.000427189	1
1.58695108927333	3	1	675	    0.902602	   0.0973978	1
2.12041094159428	4	1	676	    0.947925	   0.0520753	1
0.165913243059737	4	1	677	     0.99788	  0.00211957	1
-0.488608925354607	3	0	678	    0.999744	 0.000255927	1
0.0448260217454671	2	2	679	    0.902044	   0.0979563	1
0.247967795410385	4	0	680	    0.999515	 0.000485428	1
0.839015599723892	4	1	681	    0.991096	  0.00890377	1
0.680506669247328	1	4	682	    0.021309	    0.978691	2
0.187699763634833	4	2	683	     0.98826	   0.0117396	1
-0.148558106457663	1	5	684	   0.0272782	    0.972722	2
-0.380125806826779	2	1	685	     0.99339	   0.0066098	1
-2.08000474535699	4	0	686	           1	 2.81822e-07	1
1.89917812970224	2	6	687	 0.000417512	    0.999582	2
1.55524161529792	4	1	688	    0.972055	   0.0279448	1
1.93424883555441	2	4	689	   0.0112069	    0.988793	2
-1.33631814565213	4	2	690	    0.999867	 0.000133296	1
-2.25998324984038	4	1	691	    0.999999	 7.10657e-07	1
-1.0886147141882	3	0	692	     0.99996	 3.97059e-05	1
0.939875240029537	2	7	693	 0.000318503	    0.999681	2
2.45567118959771	1	5	694	 0.000375086	    0.999625	2
1.42943427805726	4	5	695	    0.049637	    0.950363	2
0.88444424963045	1	3	696	   0.0722975	    0.927703	2
0.669047200605063	4	1	697	    0.993597	  0.00640295	1
-0.876155889446937	4	0	698	    0.999978	 2.20228e-05	1
1.09896101798026	3	7	699	 0.000865828	    0.999134	2
-1.14297557937048	4	0	700	    0.999991	 9.20141e-06	1
0.0994004903559674	3	2	701	    0.966617	   0.0333833	1
0.0714289527979202	4	1	702	    0.998314	  0.00168567	1
0.414155963540942	3	7	703	  0.00328969	     0.99671	2
0.537671741113359	3	7	704	  0.00252059	    0.997479	2
-0.387605956768926	2	1	705	    0.993526	   0.0064735	1
-0.355224174247344	3	1	706	    0.998021	  0.00197915	1
0.400273139291818	4	2	707	    0.981006	   0.0189936	1
-0.305504614944	3	0	708	    0.999572	 0.000428346	1
-1.08165113949544	4	2	709	    0.999682	  0.00031839	1
-0.397647666714992	4	0	710	    0.999908	 9.22101e-05	1
1.31578996623194	3	7	711	 0.000610006	     0.99939	2
0.669812461512801	4	2	712	    0.966868	   0.0331322	1
-2.78718012289694	4	0	713	           1	 1.31527e-08	1
1.14431742042849	2	1	714	    0.833355	    0.166645	1
1.47762460985404	2	0	715	    0.940816	   0.0591841	1
-0.194667905847151	4	4	716	    0.886715	    0.113285	1
0.848925585875908	4	1	717	     0.99093	  0.00907037	1
-0.875477922029546	4	1	718	    0.999883	 0.000117168	1
1.83853433970373	2	3	719	   0.0627212	    0.937279	2
2.12553144156699	3	1	720	    0.834346	    0.165654	1
2.69782546379338	2	6	721	 0.000220074	     0.99978	2
1.97237300815676	2	7	722	 7.27238e-05	    0.999927	2
-1.97116944953287	3	1	723	    0.999992	 8.34408e-06	1
-1.00916103908181	3	0	724	    0.999948	 5.16094e-05	1
2.17005307758683	2	6	725	 0.000318561	    0.999681	2
0.406853150459868	2	6	726	  0.00492691	    0.995073	2
0.855479823995055	4	1	727	    0.990818	  0.00918188	1
2.50324945829396	1	2	728	   0.0515977	    0.948402	2
1.26897623608912	2	4	729	   0.0265872	    0.973413	2
1.41081735119181	4	0	730	    0.995603	  0.00439719	1
-2.52746838336333	2	3	731	    0.999918	 8.19558e-05	1
1.12695668464	3	2	732	    0.777157	    0.222843	1
0.332948606585299	2	7	733	  0.00109936	    0.998901	2
1.6011628131576	2	6	734	 0.000598908	    0.999401	2
0.0284214806207369	3	1	735	    0.994571	  0.00542921	1
1.20421657226934	2	7	736	 0.000202306	    0.999798	2
0.492139909907586	3	0	737	     0.99699	  0.00301035	1
-0.00667927152731392	3	0	738	    0.999059	 0.000940585	1
0.800037450734992	2	3	739	    0.247418	    0.752582	2
-1.71710381280951	4	1	740	    0.999994	 6.23864e-06	1
1.46231767826676	2	6	741	 0.000724727	    0.999275	2
1.12501007611714	4	1	742	    0.985255	   0.0147454	1
1.5414254960266	4	1	743	    0.972562	   0.0274382	1
-0.284708910626406	1	2	744	    0.858047	    0.141953	1
0.064973518513341	3	2	745	     0.96924	   0.0307598	1
0.895400795849399	3	1	746	    0.965338	   0.0346622	1
0.892681576436105	3	1	747	    0.965506	   0.0344943	1
1.07321520990295	1	0	748	    0.892753	    0.107247	1
-0.992927235749743	4	0	749	    0.999985	   1.513e-05	1
-0.67459984371635	4	1	750	    0.999782	 0.000218196	1
0.166542663593203	2	7	751	  0.00161948	    0.998381	2
3.42958219494974	2	2	752	    0.128706	    0.871294	2
-0.816303914544491	4	0	753	    0.999973	 2.65903e-05	1
-0.553610561056509	1	1	754	    0.985652	   0.0143479	1
2.10626081198941	2	1	755	    0.587775	    0.412225	1
1.99898655022989	3	2	756	    0.517763	    0.482237	1
-0.753025581415816	3	1	757	    0.999382	 0.000617599	1
2.77398625858984	2	8	758	 7.53088e-06	    0.999992	2
1.22948968734118	2	6	759	  0.00103045	     0.99897	2
0.878040552633176	4	0	760	    0.998183	  0.00181733	1
-0.488424800420555	3	0	761	    0.999744	 0.000256063	1
1.13885835937139	4	0	762	    0.997123	  0.00287658	1
-0.210421222163193	2	1	763	    0.989522	   0.0104779	1
1.00341943902733	3	2	764	    0.811833	    0.188167	1
1.94459326731765	2	11	765	 9.42492e-08	           1	2
2.34726469769235	4	2	766	    0.738699	    0.261301	1
0.500972982634338	4	0	767	    0.999145	 0.000854808	1
2.11123600557297	1	10	768	  1.1769e-07	           1	2
0.769864074320776	2	1	769	     0.90761	   0.0923903	1
1.26573169737021	1	5	770	   0.0014355	    0.998564	2
-1.34394747669728	3	1	771	    0.999912	 8.79148e-05	1
1.22248141732297	3	8	772	 0.000133086	    0.999867	2
1.06064436544857	1	0	773	    0.894807	    0.105193	1
-0.663296655385942	2	0	774	     0.99945	 0.000549936	1
2.31603177449712	3	7	775	 0.000190834	    0.999809	2
0.908862467433327	3	2	776	    0.836516	    0.163484	1
2.9263331928174	2	6	777	 0.000199996	      0.9998	2
-0.290279243767495	3	2	778	    0.987562	   0.0124378	1
1.9749875711757	3	3	779	     0.17171	     0.82829	2
0.257865011190573	4	1	780	    0.997368	  0.00263174	1
-0.25494503757043	4	0	781	    0.999863	 0.000136732	1
1.71476354523914	3	4	782	   0.0499153	    0.950085	2
0.444098551798715	4	1	783	       0.996	   0.0040001	1
-0.00454427193715426	3	0	784	    0.999054	 0.000945657	1
2.12679511128282	2	4	785	  0.00925864	    0.990741	2
1.86734399929312	1	4	786	  0.00337999	     0.99662	2
-0.145986589881622	4	0	787	    0.999817	 0.000182833	1
0.502783120789685	4	1	788	    0.995461	  0.00453932	1
0.831966449042164	3	0	789	     0.99403	  0.00596952	1
1.30475528136278	3	4	790	   0.0850189	    0.914981	2
1.88553585932795	2	8	791	 1.50421e-05	    0.999985	2
1.58628040760882	3	4	792	   0.0583574	    0.941643	2
-1.60053147252551	4	0	793	    0.999998	 1.82043e-06	1
0.771879185669489	4	10	794	 3.77591e-05	    0.999962	2
-1.32059181699334	3	1	795	    0.999905	 9.54287e-05	1
1.66120008855508	2	10	796	 6.97516e-07	    0.999999	2
1.00543579583948	3	1	797	    0.958028	   0.0419722	1
2.09237872565452	3	4	798	   0.0335568	    0.966443	2
-0.575177366077901	2	1	799	    0.996216	   0.0037842	1
1.26098076506708	4	7	800	  0.00238517	    0.997615	2
