o1	o2	k	id	Cluster#1	Cluster#2	Cluster#3	Cluster#
3	2	0	1	 0.000447557	     0.94399	   0.0555624	2
2	4	3	2	   0.0860763	  0.00111297	    0.912811	3
2	2	0	3	  0.00205355	    0.862609	    0.135338	2
3	2	0	4	 0.000447557	     0.94399	   0.0555624	2
3	1	1	5	  0.00296998	    0.952155	   0.0448751	2
2	2	6	6	    0.955145	 1.68163e-05	   0.0448384	1
2	3	0	7	  0.00307029	    0.500088	    0.496842	2
3	2	1	8	  0.00615719	    0.765409	    0.228433	2
2	4	0	9	  0.00216685	    0.136853	     0.86098	3
1	3	2	10	    0.113834	   0.0128267	    0.873339	3
3	1	1	11	  0.00296998	    0.952155	   0.0448751	2
2	1	0	12	 0.000899969	    0.974945	   0.0241555	2
1	2	0	13	  0.00835823	     0.69922	    0.292421	2
2	5	2	14	   0.0113357	 0.000964301	      0.9877	3
3	5	1	15	  0.00179381	   0.0130004	    0.985206	3
3	2	1	16	  0.00615719	    0.765409	    0.228433	2
3	3	1	17	  0.00712764	    0.343569	    0.649303	3
2	5	0	18	 0.000998875	    0.024462	    0.974539	3
2	5	0	19	 0.000998875	    0.024462	    0.974539	3
3	2	1	20	  0.00615719	    0.765409	    0.228433	2
2	3	2	21	   0.0624306	   0.0353223	    0.902247	3
1	5	3	22	   0.0674581	 6.73568e-05	    0.932475	3
2	2	9	23	    0.998749	 3.59994e-09	  0.00125133	1
3	4	1	24	  0.00410896	   0.0767993	    0.919092	3
3	1	1	25	  0.00296998	    0.952155	   0.0448751	2
3	4	4	26	    0.143397	  0.00054871	    0.856054	3
3	4	1	27	  0.00410896	   0.0767993	    0.919092	3
1	1	0	28	  0.00432911	    0.933987	   0.0616834	2
2	4	4	29	    0.239814	 0.000182754	    0.760003	3
1	2	3	30	    0.512591	  0.00877905	     0.47863	1
1	1	0	31	  0.00432911	    0.933987	   0.0616834	2
3	3	0	32	 0.000889929	    0.727833	    0.271277	2
2	2	8	33	    0.995825	 6.09017e-08	  0.00417496	1
1	3	8	34	    0.994565	 4.69707e-09	  0.00543512	1
3	3	0	35	 0.000889929	    0.727833	    0.271277	2
3	5	1	36	  0.00179381	   0.0130004	    0.985206	3
2	1	7	37	    0.994316	 2.66086e-06	    0.005681	1
3	1	4	38	    0.680784	   0.0446828	    0.274533	1
1	3	4	39	    0.593274	  0.00023221	    0.406493	1
3	4	2	40	   0.0145039	   0.0159773	    0.969519	3
2	5	2	41	   0.0113357	 0.000964301	      0.9877	3
1	2	6	42	    0.975682	 3.42106e-06	   0.0243148	1
3	3	2	43	    0.032191	   0.0914524	    0.876357	3
2	1	0	44	 0.000899969	    0.974945	   0.0241555	2
2	5	7	45	    0.828032	 5.00925e-08	    0.171968	1
1	2	0	46	  0.00835823	     0.69922	    0.292421	2
1	1	13	47	    0.999998	 2.23377e-14	 2.16047e-06	1
2	3	8	48	    0.989811	 2.34723e-08	   0.0101894	1
2	2	1	49	   0.0220011	    0.544685	    0.433314	2
3	2	0	50	 0.000447557	     0.94399	   0.0555624	2
3	4	1	51	  0.00410896	   0.0767993	    0.919092	3
3	3	0	52	 0.000889929	    0.727833	    0.271277	2
2	5	1	53	  0.00340128	  0.00490926	    0.991689	3
2	5	4	54	    0.113871	 3.36483e-05	    0.886095	3
2	1	3	55	    0.515962	    0.114432	    0.369607	1
3	2	0	56	 0.000447557	     0.94399	   0.0555624	2
3	2	0	57	 0.000447557	     0.94399	   0.0555624	2
3	3	4	58	      0.2906	  0.00286775	    0.706532	3
1	2	7	59	    0.992607	 2.05127e-07	  0.00739237	1
2	3	2	60	   0.0624306	   0.0353223	    0.902247	3
3	2	7	61	    0.974249	 5.07614e-06	   0.0257462	1
1	2	8	62	    0.997779	 1.21527e-08	  0.00222068	1
2	2	7	63	    0.986164	  1.0233e-06	   0.0138349	1
3	2	0	64	 0.000447557	     0.94399	   0.0555624	2
2	1	0	65	 0.000899969	    0.974945	   0.0241555	2
2	1	1	66	   0.0137233	    0.876201	    0.110076	2
2	2	0	67	  0.00205355	    0.862609	    0.135338	2
1	2	5	68	    0.922977	   5.491e-05	   0.0769677	1
3	2	1	69	  0.00615719	    0.765409	    0.228433	2
2	1	0	70	 0.000899969	    0.974945	   0.0241555	2
1	2	0	71	  0.00835823	     0.69922	    0.292421	2
2	3	0	72	  0.00307029	    0.500088	    0.496842	2
3	2	0	73	 0.000447557	     0.94399	   0.0555624	2
1	4	1	74	   0.0154375	   0.0114441	    0.973118	3
2	5	2	75	   0.0113357	 0.000964301	      0.9877	3
2	3	3	76	    0.186838	  0.00623028	    0.806932	3
3	2	1	77	  0.00615719	    0.765409	    0.228433	2
1	2	0	78	  0.00835823	     0.69922	    0.292421	2
3	1	0	79	 0.000182113	     0.99061	  0.00920764	2
3	1	0	80	 0.000182113	     0.99061	  0.00920764	2
2	3	9	81	    0.996933	 1.39335e-09	  0.00306694	1
2	3	4	82	    0.436178	 0.000857234	    0.562964	3
2	3	3	83	    0.186838	  0.00623028	    0.806932	3
2	2	1	84	   0.0220011	    0.544685	    0.433314	2
3	2	1	85	  0.00615719	    0.765409	    0.228433	2
3	5	1	86	  0.00179381	   0.0130004	    0.985206	3
3	4	1	87	  0.00410896	   0.0767993	    0.919092	3
3	1	1	88	  0.00296998	    0.952155	   0.0448751	2
2	4	4	89	    0.239814	 0.000182754	    0.760003	3
3	5	1	90	  0.00179381	   0.0130004	    0.985206	3
2	1	2	91	    0.139663	    0.525556	    0.334781	2
3	1	0	92	 0.000182113	     0.99061	  0.00920764	2
1	3	3	93	    0.303088	  0.00201281	    0.694899	3
2	5	3	94	    0.036977	 0.000185391	    0.962838	3
3	1	1	95	  0.00296998	    0.952155	   0.0448751	2
2	3	2	96	   0.0624306	   0.0353223	    0.902247	3
1	5	0	97	  0.00190911	   0.0093111	     0.98878	3
2	3	0	98	  0.00307029	    0.500088	    0.496842	2
3	1	0	99	 0.000182113	     0.99061	  0.00920764	2
3	2	1	100	  0.00615719	    0.765409	    0.228433	2
3	1	0	101	 0.000182113	     0.99061	  0.00920764	2
3	2	3	102	    0.210741	   0.0910008	    0.698258	3
2	2	4	103	     0.65329	  0.00331119	    0.343398	1
1	4	5	104	    0.665435	 5.95223e-06	    0.334559	1
2	4	1	105	  0.00809944	   0.0301488	    0.961752	3
2	1	8	106	    0.998295	 1.57452e-07	  0.00170453	1
2	3	5	107	    0.721591	 8.35831e-05	    0.278325	1
1	3	0	108	  0.00837917	    0.271805	    0.719815	3
2	5	1	109	  0.00340128	  0.00490926	    0.991689	3
2	3	0	110	  0.00307029	    0.500088	    0.496842	2
1	3	8	111	    0.994565	 4.69707e-09	  0.00543512	1
2	3	8	112	    0.989811	 2.34723e-08	   0.0101894	1
1	3	4	113	    0.593274	  0.00023221	    0.406493	1
3	5	0	114	 0.000509735	   0.0626808	    0.936809	3
3	3	1	115	  0.00712764	    0.343569	    0.649303	3
2	3	2	116	   0.0624306	   0.0353223	    0.902247	3
2	5	2	117	   0.0113357	 0.000964301	      0.9877	3
3	4	0	118	 0.000937549	    0.297322	     0.70174	3
2	5	1	119	  0.00340128	  0.00490926	    0.991689	3
3	3	8	120	    0.980977	 1.16808e-07	   0.0190227	1
2	3	8	121	    0.989811	 2.34723e-08	   0.0101894	1
3	3	1	122	  0.00712764	    0.343569	    0.649303	3
2	4	3	123	   0.0860763	  0.00111297	    0.912811	3
1	1	0	124	  0.00432911	    0.933987	   0.0616834	2
1	4	1	125	   0.0154375	   0.0114441	    0.973118	3
1	4	9	126	    0.996006	 1.07499e-10	  0.00399399	1
3	1	0	127	 0.000182113	     0.99061	  0.00920764	2
3	1	0	128	 0.000182113	     0.99061	  0.00920764	2
2	5	4	129	    0.113871	 3.36483e-05	    0.886095	3
3	1	0	130	 0.000182113	     0.99061	  0.00920764	2
3	3	3	131	    0.107491	   0.0179981	     0.87451	3
3	1	0	132	 0.000182113	     0.99061	  0.00920764	2
2	2	2	133	    0.119834	    0.174853	    0.705313	3
2	4	3	134	   0.0860763	  0.00111297	    0.912811	3
2	3	0	135	  0.00307029	    0.500088	    0.496842	2
3	1	0	136	 0.000182113	     0.99061	  0.00920764	2
3	2	1	137	  0.00615719	    0.765409	    0.228433	2
1	4	2	138	   0.0502977	  0.00219759	    0.947505	3
2	3	5	139	    0.721591	 8.35831e-05	    0.278325	1
1	2	5	140	    0.922977	   5.491e-05	   0.0769677	1
2	3	1	141	   0.0169608	    0.162819	     0.82022	3
2	2	0	142	  0.00205355	    0.862609	    0.135338	2
1	2	2	143	    0.226495	   0.0658176	    0.707688	3
2	2	8	144	    0.995825	 6.09017e-08	  0.00417496	1
3	5	1	145	  0.00179381	   0.0130004	    0.985206	3
2	3	1	146	   0.0169608	    0.162819	     0.82022	3
2	2	0	147	  0.00205355	    0.862609	    0.135338	2
3	4	4	148	    0.143397	  0.00054871	    0.856054	3
2	3	1	149	   0.0169608	    0.162819	     0.82022	3
2	5	11	150	    0.998346	 7.28744e-13	  0.00165371	1
3	1	0	151	 0.000182113	     0.99061	  0.00920764	2
2	5	2	152	   0.0113357	 0.000964301	      0.9877	3
2	1	0	153	 0.000899969	    0.974945	   0.0241555	2
3	2	0	154	 0.000447557	     0.94399	   0.0555624	2
3	2	0	155	 0.000447557	     0.94399	   0.0555624	2
3	5	1	156	  0.00179381	   0.0130004	    0.985206	3
2	1	0	157	 0.000899969	    0.974945	   0.0241555	2
1	3	1	158	   0.0349845	   0.0668843	    0.898131	3
2	3	1	159	   0.0169608	    0.162819	     0.82022	3
2	5	1	160	  0.00340128	  0.00490926	    0.991689	3
3	2	3	161	    0.210741	   0.0910008	    0.698258	3
3	3	2	162	    0.032191	   0.0914524	    0.876357	3
1	5	2	163	   0.0211542	 0.000358387	    0.978487	3
1	2	8	164	    0.997779	 1.21527e-08	  0.00222068	1
3	1	3	165	    0.288765	    0.321575	     0.38966	3
3	3	0	166	 0.000889929	    0.727833	    0.271277	2
2	5	1	167	  0.00340128	  0.00490926	    0.991689	3
2	4	2	168	   0.0272442	  0.00597699	    0.966779	3
2	1	0	169	 0.000899969	    0.974945	   0.0241555	2
2	2	5	170	    0.864017	 0.000258103	    0.135725	1
2	2	3	171	    0.351503	   0.0302284	    0.618268	3
2	1	0	172	 0.000899969	    0.974945	   0.0241555	2
1	4	4	173	    0.372783	 5.65768e-05	     0.62716	3
2	4	1	174	  0.00809944	   0.0301488	    0.961752	3
1	4	2	175	   0.0502977	  0.00219759	    0.947505	3
3	5	1	176	  0.00179381	   0.0130004	    0.985206	3
2	4	1	177	  0.00809944	   0.0301488	    0.961752	3
2	4	3	178	   0.0860763	  0.00111297	    0.912811	3
2	2	1	179	   0.0220011	    0.544685	    0.433314	2
3	1	2	180	   0.0409662	    0.774055	    0.184979	2
1	2	0	181	  0.00835823	     0.69922	    0.292421	2
2	2	1	182	   0.0220011	    0.544685	    0.433314	2
3	5	1	183	  0.00179381	   0.0130004	    0.985206	3
3	2	0	184	 0.000447557	     0.94399	   0.0555624	2
3	1	10	185	    0.999713	 2.75016e-09	 0.000287163	1
2	1	1	186	   0.0137233	    0.876201	    0.110076	2
3	2	2	187	   0.0515097	    0.377392	    0.571098	3
3	2	0	188	 0.000447557	     0.94399	   0.0555624	2
3	3	0	189	 0.000889929	    0.727833	    0.271277	2
3	3	0	190	 0.000889929	    0.727833	    0.271277	2
3	2	0	191	 0.000447557	     0.94399	   0.0555624	2
1	1	10	192	    0.999919	 1.09101e-10	 8.09431e-05	1
2	2	7	193	    0.986164	  1.0233e-06	   0.0138349	1
3	5	5	194	    0.185851	 1.62524e-05	    0.814132	3
2	5	3	195	    0.036977	 0.000185391	    0.962838	3
2	2	3	196	    0.351503	   0.0302284	    0.618268	3
1	5	2	197	   0.0211542	 0.000358387	    0.978487	3
3	2	0	198	 0.000447557	     0.94399	   0.0555624	2
1	2	7	199	    0.992607	 2.05127e-07	  0.00739237	1
3	3	3	200	    0.107491	   0.0179981	     0.87451	3
3	2	0	201	 0.000447557	     0.94399	   0.0555624	2
1	4	1	202	   0.0154375	   0.0114441	    0.973118	3
3	4	4	203	    0.143397	  0.00054871	    0.856054	3
1	1	5	204	     0.96701	 0.000148366	   0.0328416	1
3	3	0	205	 0.000889929	    0.727833	    0.271277	2
3	1	0	206	 0.000182113	     0.99061	  0.00920764	2
2	5	2	207	   0.0113357	 0.000964301	      0.9877	3
3	5	10	208	    0.989667	 6.15461e-11	   0.0103333	1
3	2	1	209	  0.00615719	    0.765409	    0.228433	2
3	2	1	210	  0.00615719	    0.765409	    0.228433	2
3	1	0	211	 0.000182113	     0.99061	  0.00920764	2
3	3	2	212	    0.032191	   0.0914524	    0.876357	3
2	1	8	213	    0.998295	 1.57452e-07	  0.00170453	1
3	1	4	214	    0.680784	   0.0446828	    0.274533	1
2	3	1	215	   0.0169608	    0.162819	     0.82022	3
3	1	0	216	 0.000182113	     0.99061	  0.00920764	2
2	3	9	217	    0.996933	 1.39335e-09	  0.00306694	1
1	3	3	218	    0.303088	  0.00201281	    0.694899	3
3	2	0	219	 0.000447557	     0.94399	   0.0555624	2
3	2	1	220	  0.00615719	    0.765409	    0.228433	2
3	1	2	221	   0.0409662	    0.774055	    0.184979	2
1	4	7	222	    0.957028	 2.97361e-08	   0.0429715	1
2	1	0	223	 0.000899969	    0.974945	   0.0241555	2
1	4	4	224	    0.372783	 5.65768e-05	     0.62716	3
3	1	0	225	 0.000182113	     0.99061	  0.00920764	2
2	5	0	226	 0.000998875	    0.024462	    0.974539	3
2	1	3	227	    0.515962	    0.114432	    0.369607	1
3	2	1	228	  0.00615719	    0.765409	    0.228433	2
2	4	10	229	    0.997748	 3.18688e-11	  0.00225231	1
2	2	7	230	    0.986164	  1.0233e-06	   0.0138349	1
2	2	5	231	    0.864017	 0.000258103	    0.135725	1
2	3	3	232	    0.186838	  0.00623028	    0.806932	3
3	1	0	233	 0.000182113	     0.99061	  0.00920764	2
2	2	0	234	  0.00205355	    0.862609	    0.135338	2
3	2	3	235	    0.210741	   0.0910008	    0.698258	3
3	2	0	236	 0.000447557	     0.94399	   0.0555624	2
2	1	1	237	   0.0137233	    0.876201	    0.110076	2
1	2	0	238	  0.00835823	     0.69922	    0.292421	2
3	2	1	239	  0.00615719	    0.765409	    0.228433	2
2	1	0	240	 0.000899969	    0.974945	   0.0241555	2
2	5	1	241	  0.00340128	  0.00490926	    0.991689	3
3	5	3	242	   0.0199699	 0.000502739	    0.979527	3
2	2	4	243	     0.65329	  0.00331119	    0.343398	1
3	2	2	244	   0.0515097	    0.377392	    0.571098	3
3	3	1	245	  0.00712764	    0.343569	    0.649303	3
2	2	0	246	  0.00205355	    0.862609	    0.135338	2
3	1	0	247	 0.000182113	     0.99061	  0.00920764	2
1	2	0	248	  0.00835823	     0.69922	    0.292421	2
2	3	0	249	  0.00307029	    0.500088	    0.496842	2
1	4	3	250	     0.15078	  0.00038827	    0.848832	3
2	3	5	251	    0.721591	 8.35831e-05	    0.278325	1
2	1	4	252	    0.814898	   0.0106518	     0.17445	1
2	5	2	253	   0.0113357	 0.000964301	      0.9877	3
3	1	0	254	 0.000182113	     0.99061	  0.00920764	2
3	2	1	255	  0.00615719	    0.765409	    0.228433	2
2	2	7	256	    0.986164	  1.0233e-06	   0.0138349	1
3	2	5	257	    0.770768	  0.00115612	    0.228076	1
3	1	7	258	    0.989339	 1.32939e-05	   0.0106479	1
2	2	7	259	    0.986164	  1.0233e-06	   0.0138349	1
1	3	1	260	   0.0349845	   0.0668843	    0.898131	3
2	2	0	261	  0.00205355	    0.862609	    0.135338	2
2	1	7	262	    0.994316	 2.66086e-06	    0.005681	1
2	2	1	263	   0.0220011	    0.544685	    0.433314	2
3	2	0	264	 0.000447557	     0.94399	   0.0555624	2
2	1	0	265	 0.000899969	    0.974945	   0.0241555	2
3	2	0	266	 0.000447557	     0.94399	   0.0555624	2
1	3	1	267	   0.0349845	   0.0668843	    0.898131	3
2	3	8	268	    0.989811	 2.34723e-08	   0.0101894	1
3	4	0	269	 0.000937549	    0.297322	     0.70174	3
2	2	6	270	    0.955145	 1.68163e-05	   0.0448384	1
1	2	7	271	    0.992607	 2.05127e-07	  0.00739237	1
2	2	5	272	    0.864017	 0.000258103	    0.135725	1
1	3	4	273	    0.593274	  0.00023221	    0.406493	1
3	1	0	274	 0.000182113	     0.99061	  0.00920764	2
2	4	3	275	   0.0860763	  0.00111297	    0.912811	3
3	2	1	276	  0.00615719	    0.765409	    0.228433	2
2	5	0	277	 0.000998875	    0.024462	    0.974539	3
3	1	0	278	 0.000182113	     0.99061	  0.00920764	2
3	2	10	279	    0.999295	 1.06594e-09	 0.000704809	1
2	2	1	280	   0.0220011	    0.544685	    0.433314	2
2	2	3	281	    0.351503	   0.0302284	    0.618268	3
1	3	5	282	    0.830026	 1.91474e-05	    0.169955	1
2	2	0	283	  0.00205355	    0.862609	    0.135338	2
3	2	0	284	 0.000447557	     0.94399	   0.0555624	2
2	3	1	285	   0.0169608	    0.162819	     0.82022	3
2	1	12	286	    0.999986	 1.90306e-12	 1.36181e-05	1
2	5	3	287	    0.036977	 0.000185391	    0.962838	3
2	1	0	288	 0.000899969	    0.974945	   0.0241555	2
1	3	8	289	    0.994565	 4.69707e-09	  0.00543512	1
2	3	5	290	    0.721591	 8.35831e-05	    0.278325	1
1	4	9	291	    0.996006	 1.07499e-10	  0.00399399	1
2	3	0	292	  0.00307029	    0.500088	    0.496842	2
1	2	5	293	    0.922977	   5.491e-05	   0.0769677	1
2	3	1	294	   0.0169608	    0.162819	     0.82022	3
3	5	1	295	  0.00179381	   0.0130004	    0.985206	3
3	1	0	296	 0.000182113	     0.99061	  0.00920764	2
3	3	1	297	  0.00712764	    0.343569	    0.649303	3
3	1	1	298	  0.00296998	    0.952155	   0.0448751	2
2	2	2	299	    0.119834	    0.174853	    0.705313	3
2	5	2	300	   0.0113357	 0.000964301	      0.9877	3
3	1	0	301	 0.000182113	     0.99061	  0.00920764	2
3	1	0	302	 0.000182113	     0.99061	  0.00920764	2
3	3	7	303	    0.939064	 1.89721e-06	   0.0609346	1
3	2	0	304	 0.000447557	     0.94399	   0.0555624	2
2	2	3	305	    0.351503	   0.0302284	    0.618268	3
2	3	2	306	   0.0624306	   0.0353223	    0.902247	3
2	3	9	307	    0.996933	 1.39335e-09	  0.00306694	1
3	1	1	308	  0.00296998	    0.952155	   0.0448751	2
3	5	2	309	   0.0060401	  0.00257999	     0.99138	3
3	1	2	310	   0.0409662	    0.774055	    0.184979	2
1	2	8	311	    0.997779	 1.21527e-08	  0.00222068	1
3	2	7	312	    0.974249	 5.07614e-06	   0.0257462	1
3	2	0	313	 0.000447557	     0.94399	   0.0555624	2
3	1	0	314	 0.000182113	     0.99061	  0.00920764	2
3	2	8	315	    0.992164	 3.04677e-07	   0.0078356	1
3	3	3	316	    0.107491	   0.0179981	     0.87451	3
2	2	0	317	  0.00205355	    0.862609	    0.135338	2
2	3	5	318	    0.721591	 8.35831e-05	    0.278325	1
3	2	0	319	 0.000447557	     0.94399	   0.0555624	2
2	1	0	320	 0.000899969	    0.974945	   0.0241555	2
2	1	6	321	    0.981196	 4.45514e-05	   0.0187591	1
3	1	1	322	  0.00296998	    0.952155	   0.0448751	2
2	4	2	323	   0.0272442	  0.00597699	    0.966779	3
2	1	1	324	   0.0137233	    0.876201	    0.110076	2
1	5	2	325	   0.0211542	 0.000358387	    0.978487	3
3	1	0	326	 0.000182113	     0.99061	  0.00920764	2
3	3	3	327	    0.107491	   0.0179981	     0.87451	3
3	1	0	328	 0.000182113	     0.99061	  0.00920764	2
3	4	3	329	   0.0475257	  0.00308559	    0.949389	3
3	2	3	330	    0.210741	   0.0910008	    0.698258	3
2	2	3	331	    0.351503	   0.0302284	    0.618268	3
3	4	1	332	  0.00410896	   0.0767993	    0.919092	3
3	1	0	333	 0.000182113	     0.99061	  0.00920764	2
3	2	9	334	    0.997645	 1.80561e-08	  0.00235456	1
3	3	1	335	  0.00712764	    0.343569	    0.649303	3
3	2	0	336	 0.000447557	     0.94399	   0.0555624	2
3	1	1	337	  0.00296998	    0.952155	   0.0448751	2
3	1	0	338	 0.000182113	     0.99061	  0.00920764	2
3	2	1	339	  0.00615719	    0.765409	    0.228433	2
3	2	0	340	 0.000447557	     0.94399	   0.0555624	2
3	2	0	341	 0.000447557	     0.94399	   0.0555624	2
2	4	1	342	  0.00809944	   0.0301488	    0.961752	3
3	4	1	343	  0.00410896	   0.0767993	    0.919092	3
2	2	0	344	  0.00205355	    0.862609	    0.135338	2
2	2	0	345	  0.00205355	    0.862609	    0.135338	2
3	1	0	346	 0.000182113	     0.99061	  0.00920764	2
2	4	2	347	   0.0272442	  0.00597699	    0.966779	3
3	5	0	348	 0.000509735	   0.0626808	    0.936809	3
2	1	5	349	    0.939192	 0.000723548	   0.0600849	1
2	5	5	350	    0.300708	 5.23704e-06	    0.699287	3
3	2	0	351	 0.000447557	     0.94399	   0.0555624	2
2	5	6	352	    0.589987	 6.05585e-07	    0.410013	1
2	3	3	353	    0.186838	  0.00623028	    0.806932	3
2	2	0	354	  0.00205355	    0.862609	    0.135338	2
3	2	0	355	 0.000447557	     0.94399	   0.0555624	2
3	1	0	356	 0.000182113	     0.99061	  0.00920764	2
3	1	6	357	    0.965025	 0.000220016	   0.0347547	1
2	4	5	358	    0.513578	  2.3067e-05	    0.486399	1
2	4	1	359	  0.00809944	   0.0301488	    0.961752	3
2	2	1	360	   0.0220011	    0.544685	    0.433314	2
1	4	4	361	    0.372783	 5.65768e-05	     0.62716	3
1	2	8	362	    0.997779	 1.21527e-08	  0.00222068	1
3	1	0	363	 0.000182113	     0.99061	  0.00920764	2
2	3	0	364	  0.00307029	    0.500088	    0.496842	2
3	4	3	365	   0.0475257	  0.00308559	    0.949389	3
2	1	0	366	 0.000899969	    0.974945	   0.0241555	2
1	1	5	367	     0.96701	 0.000148366	   0.0328416	1
1	2	0	368	  0.00835823	     0.69922	    0.292421	2
3	1	2	369	   0.0409662	    0.774055	    0.184979	2
2	4	2	370	   0.0272442	  0.00597699	    0.966779	3
3	1	0	371	 0.000182113	     0.99061	  0.00920764	2
3	1	0	372	 0.000182113	     0.99061	  0.00920764	2
3	2	8	373	    0.992164	 3.04677e-07	   0.0078356	1
2	2	1	374	   0.0220011	    0.544685	    0.433314	2
2	2	0	375	  0.00205355	    0.862609	    0.135338	2
3	1	0	376	 0.000182113	     0.99061	  0.00920764	2
1	2	4	377	    0.781217	  0.00078857	    0.217994	1
3	2	5	378	    0.770768	  0.00115612	    0.228076	1
3	2	0	379	 0.000447557	     0.94399	   0.0555624	2
2	4	2	380	   0.0272442	  0.00597699	    0.966779	3
2	3	1	381	   0.0169608	    0.162819	     0.82022	3
2	2	3	382	    0.351503	   0.0302284	    0.618268	3
3	3	7	383	    0.939064	 1.89721e-06	   0.0609346	1
2	4	7	384	    0.922015	 1.43849e-07	   0.0779853	1
2	2	0	385	  0.00205355	    0.862609	    0.135338	2
2	2	8	386	    0.995825	 6.09017e-08	  0.00417496	1
2	2	1	387	   0.0220011	    0.544685	    0.433314	2
2	1	4	388	    0.814898	   0.0106518	     0.17445	1
2	2	0	389	  0.00205355	    0.862609	    0.135338	2
3	2	0	390	 0.000447557	     0.94399	   0.0555624	2
1	2	8	391	    0.997779	 1.21527e-08	  0.00222068	1
2	2	3	392	    0.351503	   0.0302284	    0.618268	3
1	3	0	393	  0.00837917	    0.271805	    0.719815	3
2	3	7	394	      0.9667	 3.88958e-07	   0.0332998	1
2	3	3	395	    0.186838	  0.00623028	    0.806932	3
3	1	1	396	  0.00296998	    0.952155	   0.0448751	2
3	4	2	397	   0.0145039	   0.0159773	    0.969519	3
3	4	1	398	  0.00410896	   0.0767993	    0.919092	3
2	1	2	399	    0.139663	    0.525556	    0.334781	2
2	5	0	400	 0.000998875	    0.024462	    0.974539	3
3	5	1	401	  0.00179381	   0.0130004	    0.985206	3
2	3	7	402	      0.9667	 3.88958e-07	   0.0332998	1
2	5	4	403	    0.113871	 3.36483e-05	    0.886095	3
3	2	1	404	  0.00615719	    0.765409	    0.228433	2
2	3	5	405	    0.721591	 8.35831e-05	    0.278325	1
2	3	0	406	  0.00307029	    0.500088	    0.496842	2
1	2	6	407	    0.975682	 3.42106e-06	   0.0243148	1
3	3	0	408	 0.000889929	    0.727833	    0.271277	2
2	3	1	409	   0.0169608	    0.162819	     0.82022	3
3	3	5	410	    0.578987	 0.000336748	    0.420677	1
2	2	8	411	    0.995825	 6.09017e-08	  0.00417496	1
2	2	8	412	    0.995825	 6.09017e-08	  0.00417496	1
2	1	0	413	 0.000899969	    0.974945	   0.0241555	2
3	2	0	414	 0.000447557	     0.94399	   0.0555624	2
3	2	0	415	 0.000447557	     0.94399	   0.0555624	2
2	3	6	416	    0.896641	 6.12122e-06	    0.103353	1
3	2	0	417	 0.000447557	     0.94399	   0.0555624	2
3	1	0	418	 0.000182113	     0.99061	  0.00920764	2
2	2	4	419	     0.65329	  0.00331119	    0.343398	1
2	1	8	420	    0.998295	 1.57452e-07	  0.00170453	1
3	5	1	421	  0.00179381	   0.0130004	    0.985206	3
2	4	5	422	    0.513578	  2.3067e-05	    0.486399	1
2	5	1	423	  0.00340128	  0.00490926	    0.991689	3
3	4	1	424	  0.00410896	   0.0767993	    0.919092	3
3	3	5	425	    0.578987	 0.000336748	    0.420677	1
3	1	0	426	 0.000182113	     0.99061	  0.00920764	2
3	1	0	427	 0.000182113	     0.99061	  0.00920764	2
2	4	2	428	   0.0272442	  0.00597699	    0.966779	3
3	5	3	429	   0.0199699	 0.000502739	    0.979527	3
1	1	2	430	    0.330915	    0.247995	     0.42109	3
2	1	5	431	    0.939192	 0.000723548	   0.0600849	1
2	1	0	432	 0.000899969	    0.974945	   0.0241555	2
2	4	5	433	    0.513578	  2.3067e-05	    0.486399	1
2	1	1	434	   0.0137233	    0.876201	    0.110076	2
3	2	0	435	 0.000447557	     0.94399	   0.0555624	2
1	4	4	436	    0.372783	 5.65768e-05	     0.62716	3
1	5	0	437	  0.00190911	   0.0093111	     0.98878	3
1	1	4	438	    0.895859	  0.00233212	    0.101809	1
3	2	3	439	    0.210741	   0.0910008	    0.698258	3
3	2	0	440	 0.000447557	     0.94399	   0.0555624	2
3	1	0	441	 0.000182113	     0.99061	  0.00920764	2
2	3	12	442	    0.999918	 2.86112e-13	 8.20988e-05	1
2	1	0	443	 0.000899969	    0.974945	   0.0241555	2
2	2	0	444	  0.00205355	    0.862609	    0.135338	2
3	1	1	445	  0.00296998	    0.952155	   0.0448751	2
2	2	2	446	    0.119834	    0.174853	    0.705313	3
3	4	4	447	    0.143397	  0.00054871	    0.856054	3
2	2	8	448	    0.995825	 6.09017e-08	  0.00417496	1
1	3	4	449	    0.593274	  0.00023221	    0.406493	1
3	1	1	450	  0.00296998	    0.952155	   0.0448751	2
2	2	1	451	   0.0220011	    0.544685	    0.433314	2
3	1	0	452	 0.000182113	     0.99061	  0.00920764	2
2	1	1	453	   0.0137233	    0.876201	    0.110076	2
1	3	3	454	    0.303088	  0.00201281	    0.694899	3
2	5	1	455	  0.00340128	  0.00490926	    0.991689	3
3	2	0	456	 0.000447557	     0.94399	   0.0555624	2
3	1	0	457	 0.000182113	     0.99061	  0.00920764	2
3	2	1	458	  0.00615719	    0.765409	    0.228433	2
2	3	0	459	  0.00307029	    0.500088	    0.496842	2
2	2	0	460	  0.00205355	    0.862609	    0.135338	2
3	1	2	461	   0.0409662	    0.774055	    0.184979	2
2	2	3	462	    0.351503	   0.0302284	    0.618268	3
3	2	0	463	 0.000447557	     0.94399	   0.0555624	2
2	4	7	464	    0.922015	 1.43849e-07	   0.0779853	1
2	4	3	465	   0.0860763	  0.00111297	    0.912811	3
2	4	1	466	  0.00809944	   0.0301488	    0.961752	3
2	4	3	467	   0.0860763	  0.00111297	    0.912811	3
3	4	1	468	  0.00410896	   0.0767993	    0.919092	3
2	3	7	469	      0.9667	 3.88958e-07	   0.0332998	1
2	1	0	470	 0.000899969	    0.974945	   0.0241555	2
1	2	2	471	    0.226495	   0.0658176	    0.707688	3
2	4	3	472	   0.0860763	  0.00111297	    0.912811	3
1	1	9	473	    0.999729	 1.85078e-09	 0.000270803	1
2	1	2	474	    0.139663	    0.525556	    0.334781	2
3	2	0	475	 0.000447557	     0.94399	   0.0555624	2
2	3	1	476	   0.0169608	    0.162819	     0.82022	3
2	5	2	477	   0.0113357	 0.000964301	      0.9877	3
2	1	1	478	   0.0137233	    0.876201	    0.110076	2
3	1	0	479	 0.000182113	     0.99061	  0.00920764	2
1	2	7	480	    0.992607	 2.05127e-07	  0.00739237	1
3	1	0	481	 0.000182113	     0.99061	  0.00920764	2
3	5	3	482	   0.0199699	 0.000502739	    0.979527	3
3	1	1	483	  0.00296998	    0.952155	   0.0448751	2
1	2	7	484	    0.992607	 2.05127e-07	  0.00739237	1
2	3	8	485	    0.989811	 2.34723e-08	   0.0101894	1
3	5	2	486	   0.0060401	  0.00257999	     0.99138	3
2	2	1	487	   0.0220011	    0.544685	    0.433314	2
2	2	6	488	    0.955145	 1.68163e-05	   0.0448384	1
2	1	7	489	    0.994316	 2.66086e-06	    0.005681	1
2	2	9	490	    0.998749	 3.59994e-09	  0.00125133	1
1	4	0	491	  0.00445412	   0.0560242	    0.939522	3
3	2	0	492	 0.000447557	     0.94399	   0.0555624	2
3	1	0	493	 0.000182113	     0.99061	  0.00920764	2
2	2	12	494	    0.999967	 7.37905e-13	 3.34375e-05	1
1	2	0	495	  0.00835823	     0.69922	    0.292421	2
2	4	3	496	   0.0860763	  0.00111297	    0.912811	3
3	2	2	497	   0.0515097	    0.377392	    0.571098	3
3	1	5	498	    0.889379	  0.00344041	    0.107181	1
3	1	1	499	  0.00296998	    0.952155	   0.0448751	2
3	1	0	500	 0.000182113	     0.99061	  0.00920764	2
2	2	0	501	  0.00205355	    0.862609	    0.135338	2
3	4	1	502	  0.00410896	   0.0767993	    0.919092	3
2	2	4	503	     0.65329	  0.00331119	    0.343398	1
3	1	0	504	 0.000182113	     0.99061	  0.00920764	2
3	2	6	505	     0.91868	  8.1215e-05	   0.0812389	1
3	3	1	506	  0.00712764	    0.343569	    0.649303	3
3	5	3	507	   0.0199699	 0.000502739	    0.979527	3
3	1	1	508	  0.00296998	    0.952155	   0.0448751	2
1	2	4	509	    0.781217	  0.00078857	    0.217994	1
2	5	1	510	  0.00340128	  0.00490926	    0.991689	3
2	1	10	511	    0.999848	 5.47782e-10	 0.000152464	1
3	1	0	512	 0.000182113	     0.99061	  0.00920764	2
1	5	3	513	   0.0674581	 6.73568e-05	    0.932475	3
2	1	1	514	   0.0137233	    0.876201	    0.110076	2
2	2	2	515	    0.119834	    0.174853	    0.705313	3
3	2	3	516	    0.210741	   0.0910008	    0.698258	3
1	4	2	517	   0.0502977	  0.00219759	    0.947505	3
3	3	2	518	    0.032191	   0.0914524	    0.876357	3
2	5	4	519	    0.113871	 3.36483e-05	    0.886095	3
3	2	0	520	 0.000447557	     0.94399	   0.0555624	2
3	4	4	521	    0.143397	  0.00054871	    0.856054	3
2	2	10	522	    0.999626	 2.12358e-10	  0.00037428	1
3	1	4	523	    0.680784	   0.0446828	    0.274533	1
3	3	2	524	    0.032191	   0.0914524	    0.876357	3
3	1	2	525	   0.0409662	    0.774055	    0.184979	2
2	2	1	526	   0.0220011	    0.544685	    0.433314	2
3	2	0	527	 0.000447557	     0.94399	   0.0555624	2
3	1	0	528	 0.000182113	     0.99061	  0.00920764	2
2	1	1	529	   0.0137233	    0.876201	    0.110076	2
2	2	5	530	    0.864017	 0.000258103	    0.135725	1
3	1	1	531	  0.00296998	    0.952155	   0.0448751	2
3	2	0	532	 0.000447557	     0.94399	   0.0555624	2
3	2	10	533	    0.999295	 1.06594e-09	 0.000704809	1
1	3	7	534	    0.982042	 7.86922e-08	   0.0179581	1
1	1	9	535	    0.999729	 1.85078e-09	 0.000270803	1
1	3	11	536	    0.999854	 9.66733e-13	  0.00014583	1
3	1	0	537	 0.000182113	     0.99061	  0.00920764	2
1	2	2	538	    0.226495	   0.0658176	    0.707688	3
2	3	8	539	    0.989811	 2.34723e-08	   0.0101894	1
3	2	0	540	 0.000447557	     0.94399	   0.0555624	2
3	1	1	541	  0.00296998	    0.952155	   0.0448751	2
1	1	10	542	    0.999919	 1.09101e-10	 8.09431e-05	1
1	1	0	543	  0.00432911	    0.933987	   0.0616834	2
2	2	10	544	    0.999626	 2.12358e-10	  0.00037428	1
2	4	2	545	   0.0272442	  0.00597699	    0.966779	3
3	1	0	546	 0.000182113	     0.99061	  0.00920764	2
3	2	2	547	   0.0515097	    0.377392	    0.571098	3
2	5	4	548	    0.113871	 3.36483e-05	    0.886095	3
1	2	2	549	    0.226495	   0.0658176	    0.707688	3
1	4	3	550	     0.15078	  0.00038827	    0.848832	3
2	1	6	551	    0.981196	 4.45514e-05	   0.0187591	1
1	2	1	552	   0.0610281	      0.3009	    0.638072	3
3	1	0	553	 0.000182113	     0.99061	  0.00920764	2
1	1	0	554	  0.00432911	    0.933987	   0.0616834	2
2	5	3	555	    0.036977	 0.000185391	    0.962838	3
3	2	0	556	 0.000447557	     0.94399	   0.0555624	2
1	5	1	557	   0.0064075	  0.00184184	    0.991751	3
3	5	2	558	   0.0060401	  0.00257999	     0.99138	3
2	5	2	559	   0.0113357	 0.000964301	      0.9877	3
3	4	1	560	  0.00410896	   0.0767993	    0.919092	3
2	2	1	561	   0.0220011	    0.544685	    0.433314	2
2	2	0	562	  0.00205355	    0.862609	    0.135338	2
3	2	2	563	   0.0515097	    0.377392	    0.571098	3
1	2	3	564	    0.512591	  0.00877905	     0.47863	1
3	1	2	565	   0.0409662	    0.774055	    0.184979	2
2	3	2	566	   0.0624306	   0.0353223	    0.902247	3
2	1	1	567	   0.0137233	    0.876201	    0.110076	2
2	2	7	568	    0.986164	  1.0233e-06	   0.0138349	1
3	1	0	569	 0.000182113	     0.99061	  0.00920764	2
1	2	3	570	    0.512591	  0.00877905	     0.47863	1
2	5	1	571	  0.00340128	  0.00490926	    0.991689	3
1	2	2	572	    0.226495	   0.0658176	    0.707688	3
3	2	3	573	    0.210741	   0.0910008	    0.698258	3
2	5	0	574	 0.000998875	    0.024462	    0.974539	3
1	2	4	575	    0.781217	  0.00078857	    0.217994	1
2	2	0	576	  0.00205355	    0.862609	    0.135338	2
2	5	2	577	   0.0113357	 0.000964301	      0.9877	3
3	2	0	578	 0.000447557	     0.94399	   0.0555624	2
3	4	1	579	  0.00410896	   0.0767993	    0.919092	3
3	5	1	580	  0.00179381	   0.0130004	    0.985206	3
2	2	0	581	  0.00205355	    0.862609	    0.135338	2
2	4	2	582	   0.0272442	  0.00597699	    0.966779	3
3	4	3	583	   0.0475257	  0.00308559	    0.949389	3
1	2	7	584	    0.992607	 2.05127e-07	  0.00739237	1
2	3	3	585	    0.186838	  0.00623028	    0.806932	3
1	2	5	586	    0.922977	   5.491e-05	   0.0769677	1
2	1	0	587	 0.000899969	    0.974945	   0.0241555	2
2	4	2	588	   0.0272442	  0.00597699	    0.966779	3
2	4	2	589	   0.0272442	  0.00597699	    0.966779	3
1	4	2	590	   0.0502977	  0.00219759	    0.947505	3
3	2	0	591	 0.000447557	     0.94399	   0.0555624	2
1	2	5	592	    0.922977	   5.491e-05	   0.0769677	1
2	3	6	593	    0.896641	 6.12122e-06	    0.103353	1
1	2	1	594	   0.0610281	      0.3009	    0.638072	3
3	2	2	595	   0.0515097	    0.377392	    0.571098	3
3	3	1	596	  0.00712764	    0.343569	    0.649303	3
3	1	0	597	 0.000182113	     0.99061	  0.00920764	2
3	3	2	598	    0.032191	   0.0914524	    0.876357	3
2	5	8	599	    0.941562	 3.35712e-09	   0.0584377	1
2	2	7	600	    0.986164	  1.0233e-06	   0.0138349	1
1	1	0	601	  0.00432911	    0.933987	   0.0616834	2
2	4	0	602	  0.00216685	    0.136853	     0.86098	3
3	2	9	603	    0.997645	 1.80561e-08	  0.00235456	1
1	3	10	604	    0.999512	 1.63971e-11	 0.000487812	1
2	1	1	605	   0.0137233	    0.876201	    0.110076	2
2	1	0	606	 0.000899969	    0.974945	   0.0241555	2
1	4	1	607	   0.0154375	   0.0114441	    0.973118	3
3	1	0	608	 0.000182113	     0.99061	  0.00920764	2
1	4	7	609	    0.957028	 2.97361e-08	   0.0429715	1
3	1	0	610	 0.000182113	     0.99061	  0.00920764	2
2	1	0	611	 0.000899969	    0.974945	   0.0241555	2
2	2	1	612	   0.0220011	    0.544685	    0.433314	2
3	2	2	613	   0.0515097	    0.377392	    0.571098	3
1	5	1	614	   0.0064075	  0.00184184	    0.991751	3
3	3	1	615	  0.00712764	    0.343569	    0.649303	3
2	3	2	616	   0.0624306	   0.0353223	    0.902247	3
2	3	1	617	   0.0169608	    0.162819	     0.82022	3
2	4	4	618	    0.239814	 0.000182754	    0.760003	3
2	3	3	619	    0.186838	  0.00623028	    0.806932	3
2	1	0	620	 0.000899969	    0.974945	   0.0241555	2
3	3	0	621	 0.000889929	    0.727833	    0.271277	2
2	5	2	622	   0.0113357	 0.000964301	      0.9877	3
2	3	7	623	      0.9667	 3.88958e-07	   0.0332998	1
3	2	0	624	 0.000447557	     0.94399	   0.0555624	2
2	2	0	625	  0.00205355	    0.862609	    0.135338	2
3	2	0	626	 0.000447557	     0.94399	   0.0555624	2
1	1	10	627	    0.999919	 1.09101e-10	 8.09431e-05	1
2	2	1	628	   0.0220011	    0.544685	    0.433314	2
3	3	6	629	     0.82158	  2.8163e-05	    0.178392	1
3	5	8	630	    0.895325	 1.60291e-08	    0.104675	1
1	1	5	631	     0.96701	 0.000148366	   0.0328416	1
2	4	3	632	   0.0860763	  0.00111297	    0.912811	3
3	1	0	633	 0.000182113	     0.99061	  0.00920764	2
3	2	1	634	  0.00615719	    0.765409	    0.228433	2
2	2	0	635	  0.00205355	    0.862609	    0.135338	2
3	2	2	636	   0.0515097	    0.377392	    0.571098	3
3	1	0	637	 0.000182113	     0.99061	  0.00920764	2
1	1	1	638	   0.0556371	    0.707455	    0.236908	2
2	2	0	639	  0.00205355	    0.862609	    0.135338	2
3	2	0	640	 0.000447557	     0.94399	   0.0555624	2
3	2	0	641	 0.000447557	     0.94399	   0.0555624	2
3	3	0	642	 0.000889929	    0.727833	    0.271277	2
2	1	0	643	 0.000899969	    0.974945	   0.0241555	2
1	1	5	644	     0.96701	 0.000148366	   0.0328416	1
3	1	0	645	 0.000182113	     0.99061	  0.00920764	2
1	4	0	646	  0.00445412	   0.0560242	    0.939522	3
2	5	1	647	  0.00340128	  0.00490926	    0.991689	3
1	2	2	648	    0.226495	   0.0658176	    0.707688	3
3	4	4	649	    0.143397	  0.00054871	    0.856054	3
3	2	0	650	 0.000447557	     0.94399	   0.0555624	2
2	2	0	651	  0.00205355	    0.862609	    0.135338	2
3	2	1	652	  0.00615719	    0.765409	    0.228433	2
3	1	0	653	 0.000182113	     0.99061	  0.00920764	2
2	1	2	654	    0.139663	    0.525556	    0.334781	2
3	3	1	655	  0.00712764	    0.343569	    0.649303	3
3	4	1	656	  0.00410896	   0.0767993	    0.919092	3
3	1	1	657	  0.00296998	    0.952155	   0.0448751	2
3	4	1	658	  0.00410896	   0.0767993	    0.919092	3
3	1	0	659	 0.000182113	     0.99061	  0.00920764	2
3	3	2	660	    0.032191	   0.0914524	    0.876357	3
3	5	3	661	   0.0199699	 0.000502739	    0.979527	3
2	1	0	662	 0.000899969	    0.974945	   0.0241555	2
2	4	12	663	    0.999798	 1.10928e-13	 0.000201563	1
2	4	0	664	  0.00216685	    0.136853	     0.86098	3
2	3	2	665	   0.0624306	   0.0353223	    0.902247	3
3	4	1	666	  0.00410896	   0.0767993	    0.919092	3
3	5	0	667	 0.000509735	   0.0626808	    0.936809	3
1	3	5	668	    0.830026	 1.91474e-05	    0.169955	1
3	3	2	669	    0.032191	   0.0914524	    0.876357	3
3	2	0	670	 0.000447557	     0.94399	   0.0555624	2
1	2	1	671	   0.0610281	      0.3009	    0.638072	3
1	1	3	672	    0.702026	   0.0310079	    0.266966	1
2	2	0	673	  0.00205355	    0.862609	    0.135338	2
2	2	0	674	  0.00205355	    0.862609	    0.135338	2
3	2	2	675	   0.0515097	    0.377392	    0.571098	3
3	2	0	676	 0.000447557	     0.94399	   0.0555624	2
2	5	1	677	  0.00340128	  0.00490926	    0.991689	3
1	4	3	678	     0.15078	  0.00038827	    0.848832	3
1	1	0	679	  0.00432911	    0.933987	   0.0616834	2
3	3	0	680	 0.000889929	    0.727833	    0.271277	2
2	4	4	681	    0.239814	 0.000182754	    0.760003	3
3	1	0	682	 0.000182113	     0.99061	  0.00920764	2
3	1	4	683	    0.680784	   0.0446828	    0.274533	1
1	2	2	684	    0.226495	   0.0658176	    0.707688	3
3	2	2	685	   0.0515097	    0.377392	    0.571098	3
3	1	0	686	 0.000182113	     0.99061	  0.00920764	2
2	1	0	687	 0.000899969	    0.974945	   0.0241555	2
2	5	5	688	    0.300708	 5.23704e-06	    0.699287	3
2	5	4	689	    0.113871	 3.36483e-05	    0.886095	3
3	1	2	690	   0.0409662	    0.774055	    0.184979	2
2	1	1	691	   0.0137233	    0.876201	    0.110076	2
2	4	1	692	  0.00809944	   0.0301488	    0.961752	3
2	5	2	693	   0.0113357	 0.000964301	      0.9877	3
1	4	6	694	    0.869377	 4.58326e-07	    0.130623	1
1	5	1	695	   0.0064075	  0.00184184	    0.991751	3
2	3	4	696	    0.436178	 0.000857234	    0.562964	3
2	5	3	697	    0.036977	 0.000185391	    0.962838	3
2	2	4	698	     0.65329	  0.00331119	    0.343398	1
3	5	3	699	   0.0199699	 0.000502739	    0.979527	3
1	1	9	700	    0.999729	 1.85078e-09	 0.000270803	1
2	1	0	701	 0.000899969	    0.974945	   0.0241555	2
1	1	5	702	     0.96701	 0.000148366	   0.0328416	1
3	1	0	703	 0.000182113	     0.99061	  0.00920764	2
3	2	1	704	  0.00615719	    0.765409	    0.228433	2
3	3	0	705	 0.000889929	    0.727833	    0.271277	2
3	2	1	706	  0.00615719	    0.765409	    0.228433	2
1	2	5	707	    0.922977	   5.491e-05	   0.0769677	1
3	2	0	708	 0.000447557	     0.94399	   0.0555624	2
1	3	3	709	    0.303088	  0.00201281	    0.694899	3
1	3	10	710	    0.999512	 1.63971e-11	 0.000487812	1
2	1	0	711	 0.000899969	    0.974945	   0.0241555	2
2	2	1	712	   0.0220011	    0.544685	    0.433314	2
3	5	2	713	   0.0060401	  0.00257999	     0.99138	3
3	4	0	714	 0.000937549	    0.297322	     0.70174	3
3	3	1	715	  0.00712764	    0.343569	    0.649303	3
2	1	3	716	    0.515962	    0.114432	    0.369607	1
2	4	0	717	  0.00216685	    0.136853	     0.86098	3
3	4	1	718	  0.00410896	   0.0767993	    0.919092	3
3	2	0	719	 0.000447557	     0.94399	   0.0555624	2
2	5	1	720	  0.00340128	  0.00490926	    0.991689	3
3	4	2	721	   0.0145039	   0.0159773	    0.969519	3
3	2	0	722	 0.000447557	     0.94399	   0.0555624	2
2	2	0	723	  0.00205355	    0.862609	    0.135338	2
2	5	2	724	   0.0113357	 0.000964301	      0.9877	3
2	4	6	725	    0.779404	 2.06319e-06	    0.220594	1
2	2	0	726	  0.00205355	    0.862609	    0.135338	2
3	3	0	727	 0.000889929	    0.727833	    0.271277	2
1	3	3	728	    0.303088	  0.00201281	    0.694899	3
2	4	2	729	   0.0272442	  0.00597699	    0.966779	3
3	3	3	730	    0.107491	   0.0179981	     0.87451	3
3	2	5	731	    0.770768	  0.00115612	    0.228076	1
2	4	4	732	    0.239814	 0.000182754	    0.760003	3
1	3	6	733	    0.942336	  1.2812e-06	   0.0576624	1
3	2	0	734	 0.000447557	     0.94399	   0.0555624	2
1	1	5	735	     0.96701	 0.000148366	   0.0328416	1
1	2	1	736	   0.0610281	      0.3009	    0.638072	3
3	1	1	737	  0.00296998	    0.952155	   0.0448751	2
3	3	1	738	  0.00712764	    0.343569	    0.649303	3
1	4	2	739	   0.0502977	  0.00219759	    0.947505	3
3	4	3	740	   0.0475257	  0.00308559	    0.949389	3
3	3	2	741	    0.032191	   0.0914524	    0.876357	3
1	3	0	742	  0.00837917	    0.271805	    0.719815	3
3	2	7	743	    0.974249	 5.07614e-06	   0.0257462	1
2	1	0	744	 0.000899969	    0.974945	   0.0241555	2
2	2	0	745	  0.00205355	    0.862609	    0.135338	2
2	1	1	746	   0.0137233	    0.876201	    0.110076	2
1	2	12	747	    0.999982	 1.46959e-13	 1.77509e-05	1
1	4	1	748	   0.0154375	   0.0114441	    0.973118	3
1	5	0	749	  0.00190911	   0.0093111	     0.98878	3
2	2	1	750	   0.0220011	    0.544685	    0.433314	2
3	3	6	751	     0.82158	  2.8163e-05	    0.178392	1
2	1	6	752	    0.981196	 4.45514e-05	   0.0187591	1
2	2	2	753	    0.119834	    0.174853	    0.705313	3
2	2	8	754	    0.995825	 6.09017e-08	  0.00417496	1
2	2	7	755	    0.986164	  1.0233e-06	   0.0138349	1
3	1	1	756	  0.00296998	    0.952155	   0.0448751	2
3	2	0	757	 0.000447557	     0.94399	   0.0555624	2
2	2	4	758	     0.65329	  0.00331119	    0.343398	1
3	5	0	759	 0.000509735	   0.0626808	    0.936809	3
1	2	0	760	  0.00835823	     0.69922	    0.292421	2
1	4	1	761	   0.0154375	   0.0114441	    0.973118	3
1	4	2	762	   0.0502977	  0.00219759	    0.947505	3
1	3	7	763	    0.982042	 7.86922e-08	   0.0179581	1
3	3	5	764	    0.578987	 0.000336748	    0.420677	1
3	2	1	765	  0.00615719	    0.765409	    0.228433	2
3	2	3	766	    0.210741	   0.0910008	    0.698258	3
1	2	6	767	    0.975682	 3.42106e-06	   0.0243148	1
2	4	1	768	  0.00809944	   0.0301488	    0.961752	3
1	1	1	769	   0.0556371	    0.707455	    0.236908	2
3	2	2	770	   0.0515097	    0.377392	    0.571098	3
3	3	0	771	 0.000889929	    0.727833	    0.271277	2
1	1	1	772	   0.0556371	    0.707455	    0.236908	2
2	4	2	773	   0.0272442	  0.00597699	    0.966779	3
2	5	2	774	   0.0113357	 0.000964301	      0.9877	3
1	3	0	775	  0.00837917	    0.271805	    0.719815	3
3	5	1	776	  0.00179381	   0.0130004	    0.985206	3
3	1	0	777	 0.000182113	     0.99061	  0.00920764	2
2	2	3	778	    0.351503	   0.0302284	    0.618268	3
3	1	1	779	  0.00296998	    0.952155	   0.0448751	2
2	5	2	780	   0.0113357	 0.000964301	      0.9877	3
3	4	2	781	   0.0145039	   0.0159773	    0.969519	3
3	3	5	782	    0.578987	 0.000336748	    0.420677	1
3	1	0	783	 0.000182113	     0.99061	  0.00920764	2
2	3	3	784	    0.186838	  0.00623028	    0.806932	3
3	2	2	785	   0.0515097	    0.377392	    0.571098	3
3	2	1	786	  0.00615719	    0.765409	    0.228433	2
3	2	0	787	 0.000447557	     0.94399	   0.0555624	2
2	2	3	788	    0.351503	   0.0302284	    0.618268	3
2	2	8	789	    0.995825	 6.09017e-08	  0.00417496	1
2	3	1	790	   0.0169608	    0.162819	     0.82022	3
3	2	0	791	 0.000447557	     0.94399	   0.0555624	2
3	2	3	792	    0.210741	   0.0910008	    0.698258	3
2	4	6	793	    0.779404	 2.06319e-06	    0.220594	1
2	5	0	794	 0.000998875	    0.024462	    0.974539	3
3	2	0	795	 0.000447557	     0.94399	   0.0555624	2
3	1	0	796	 0.000182113	     0.99061	  0.00920764	2
3	3	1	797	  0.00712764	    0.343569	    0.649303	3
1	1	7	798	    0.996976	 5.31339e-07	  0.00302389	1
1	3	5	799	    0.830026	 1.91474e-05	    0.169955	1
1	3	3	800	    0.303088	  0.00201281	    0.694899	3
3	1	0	801	 0.000182113	     0.99061	  0.00920764	2
2	2	6	802	    0.955145	 1.68163e-05	   0.0448384	1
3	2	0	803	 0.000447557	     0.94399	   0.0555624	2
3	2	0	804	 0.000447557	     0.94399	   0.0555624	2
1	5	1	805	   0.0064075	  0.00184184	    0.991751	3
2	2	0	806	  0.00205355	    0.862609	    0.135338	2
2	4	5	807	    0.513578	  2.3067e-05	    0.486399	1
2	1	3	808	    0.515962	    0.114432	    0.369607	1
2	2	6	809	    0.955145	 1.68163e-05	   0.0448384	1
2	5	2	810	   0.0113357	 0.000964301	      0.9877	3
2	2	1	811	   0.0220011	    0.544685	    0.433314	2
2	4	1	812	  0.00809944	   0.0301488	    0.961752	3
3	2	2	813	   0.0515097	    0.377392	    0.571098	3
2	3	2	814	   0.0624306	   0.0353223	    0.902247	3
3	1	0	815	 0.000182113	     0.99061	  0.00920764	2
3	1	0	816	 0.000182113	     0.99061	  0.00920764	2
3	2	0	817	 0.000447557	     0.94399	   0.0555624	2
3	2	0	818	 0.000447557	     0.94399	   0.0555624	2
3	3	1	819	  0.00712764	    0.343569	    0.649303	3
2	2	1	820	   0.0220011	    0.544685	    0.433314	2
2	1	0	821	 0.000899969	    0.974945	   0.0241555	2
3	4	2	822	   0.0145039	   0.0159773	    0.969519	3
2	4	4	823	    0.239814	 0.000182754	    0.760003	3
2	5	3	824	    0.036977	 0.000185391	    0.962838	3
3	2	1	825	  0.00615719	    0.765409	    0.228433	2
1	1	1	826	   0.0556371	    0.707455	    0.236908	2
3	4	1	827	  0.00410896	   0.0767993	    0.919092	3
3	1	2	828	   0.0409662	    0.774055	    0.184979	2
3	3	1	829	  0.00712764	    0.343569	    0.649303	3
2	3	9	830	    0.996933	 1.39335e-09	  0.00306694	1
2	3	1	831	   0.0169608	    0.162819	     0.82022	3
1	2	9	832	    0.999335	 7.17365e-10	 0.000664671	1
3	1	0	833	 0.000182113	     0.99061	  0.00920764	2
1	4	5	834	    0.665435	 5.95223e-06	    0.334559	1
2	5	3	835	    0.036977	 0.000185391	    0.962838	3
3	2	1	836	  0.00615719	    0.765409	    0.228433	2
3	1	0	837	 0.000182113	     0.99061	  0.00920764	2
2	3	5	838	    0.721591	 8.35831e-05	    0.278325	1
1	2	6	839	    0.975682	 3.42106e-06	   0.0243148	1
3	1	1	840	  0.00296998	    0.952155	   0.0448751	2
2	4	4	841	    0.239814	 0.000182754	    0.760003	3
3	2	1	842	  0.00615719	    0.765409	    0.228433	2
3	2	1	843	  0.00615719	    0.765409	    0.228433	2
3	2	4	844	    0.496125	   0.0126264	    0.491249	1
3	2	0	845	 0.000447557	     0.94399	   0.0555624	2
2	1	10	846	    0.999848	 5.47782e-10	 0.000152464	1
3	2	4	847	    0.496125	   0.0126264	    0.491249	1
1	2	1	848	   0.0610281	      0.3009	    0.638072	3
1	2	5	849	    0.922977	   5.491e-05	   0.0769677	1
3	4	3	850	   0.0475257	  0.00308559	    0.949389	3
3	1	0	851	 0.000182113	     0.99061	  0.00920764	2
3	1	0	852	 0.000182113	     0.99061	  0.00920764	2
1	5	1	853	   0.0064075	  0.00184184	    0.991751	3
3	5	3	854	   0.0199699	 0.000502739	    0.979527	3
2	1	4	855	    0.814898	   0.0106518	     0.17445	1
3	1	2	856	   0.0409662	    0.774055	    0.184979	2
2	3	1	857	   0.0169608	    0.162819	     0.82022	3
2	3	10	858	    0.999081	 8.22979e-11	 0.000918511	1
2	1	0	859	 0.000899969	    0.974945	   0.0241555	2
2	2	5	860	    0.864017	 0.000258103	    0.135725	1
3	3	3	861	    0.107491	   0.0179981	     0.87451	3
3	2	0	862	 0.000447557	     0.94399	   0.0555624	2
3	1	0	863	 0.000182113	     0.99061	  0.00920764	2
1	4	3	864	     0.15078	  0.00038827	    0.848832	3
3	2	11	865	    0.999789	 6.28552e-11	 0.000210732	1
3	2	1	866	  0.00615719	    0.765409	    0.228433	2
1	2	0	867	  0.00835823	     0.69922	    0.292421	2
1	2	2	868	    0.226495	   0.0658176	    0.707688	3
3	2	3	869	    0.210741	   0.0910008	    0.698258	3
2	5	2	870	   0.0113357	 0.000964301	      0.9877	3
3	1	0	871	 0.000182113	     0.99061	  0.00920764	2
2	2	2	872	    0.119834	    0.174853	    0.705313	3
3	1	0	873	 0.000182113	     0.99061	  0.00920764	2
2	2	10	874	    0.999626	 2.12358e-10	  0.00037428	1
3	1	0	875	 0.000182113	     0.99061	  0.00920764	2
2	4	0	876	  0.00216685	    0.136853	     0.86098	3
3	2	0	877	 0.000447557	     0.94399	   0.0555624	2
2	5	2	878	   0.0113357	 0.000964301	      0.9877	3
3	3	0	879	 0.000889929	    0.727833	    0.271277	2
3	1	0	880	 0.000182113	     0.99061	  0.00920764	2
3	1	0	881	 0.000182113	     0.99061	  0.00920764	2
1	2	2	882	    0.226495	   0.0658176	    0.707688	3
2	4	3	883	   0.0860763	  0.00111297	    0.912811	3
3	3	0	884	 0.000889929	    0.727833	    0.271277	2
3	1	0	885	 0.000182113	     0.99061	  0.00920764	2
2	3	1	886	   0.0169608	    0.162819	     0.82022	3
3	3	4	887	      0.2906	  0.00286775	    0.706532	3
3	1	2	888	   0.0409662	    0.774055	    0.184979	2
2	2	3	889	    0.351503	   0.0302284	    0.618268	3
3	1	1	890	  0.00296998	    0.952155	   0.0448751	2
3	5	1	891	  0.00179381	   0.0130004	    0.985206	3
2	2	0	892	  0.00205355	    0.862609	    0.135338	2
1	4	5	893	    0.665435	 5.95223e-06	    0.334559	1
2	2	0	894	  0.00205355	    0.862609	    0.135338	2
1	3	0	895	  0.00837917	    0.271805	    0.719815	3
2	1	8	896	    0.998295	 1.57452e-07	  0.00170453	1
2	2	2	897	    0.119834	    0.174853	    0.705313	3
2	4	0	898	  0.00216685	    0.136853	     0.86098	3
2	5	3	899	    0.036977	 0.000185391	    0.962838	3
3	2	1	900	  0.00615719	    0.765409	    0.228433	2
