k1	k2	id	Cluster#1	Cluster#2	Cluster#
1	1	1	     0.22219	     0.77781	2
1	0	2	    0.472545	    0.527455	2
4	1	3	    0.972172	   0.0278281	1
9	1	4	    0.999991	 9.49998e-06	1
3	0	5	    0.956659	   0.0433405	1
4	0	6	    0.990955	  0.00904457	1
2	2	7	    0.311348	    0.688652	2
0	3	8	    0.005817	    0.994183	2
7	0	9	    0.999925	 7.46265e-05	1
1	1	10	     0.22219	     0.77781	2
4	2	11	    0.917622	   0.0823782	1
1	1	12	     0.22219	     0.77781	2
1	1	13	     0.22219	     0.77781	2
0	2	14	   0.0180195	     0.98198	2
0	1	15	   0.0544185	    0.945582	2
2	2	16	    0.311348	    0.688652	2
2	5	17	   0.0144446	    0.985555	2
3	0	18	    0.956659	   0.0433405	1
6	0	19	     0.99963	 0.000370312	1
3	0	20	    0.956659	   0.0433405	1
4	0	21	    0.990955	  0.00904457	1
1	3	22	    0.028223	    0.971777	2
0	1	23	   0.0544185	    0.945582	2
1	3	24	    0.028223	    0.971777	2
3	1	25	    0.875593	    0.124407	1
2	1	26	    0.586422	    0.413578	1
7	0	27	    0.999925	 7.46265e-05	1
2	1	28	    0.586422	    0.413578	1
7	1	29	    0.999766	 0.000234008	1
0	2	30	   0.0180195	     0.98198	2
3	0	31	    0.956659	   0.0433405	1
1	0	32	    0.472545	    0.527455	2
1	6	33	 0.000940601	    0.999059	2
3	1	34	    0.875593	    0.124407	1
0	4	35	  0.00186216	    0.998138	2
4	2	36	    0.917622	   0.0823782	1
0	5	37	 0.000594512	    0.999405	2
1	1	38	     0.22219	     0.77781	2
1	3	39	    0.028223	    0.971777	2
4	2	40	    0.917622	   0.0823782	1
0	4	41	  0.00186216	    0.998138	2
1	3	42	    0.028223	    0.971777	2
3	2	43	    0.691751	    0.308249	1
1	1	44	     0.22219	     0.77781	2
5	3	45	    0.946323	   0.0536775	1
2	1	46	    0.586422	    0.413578	1
5	1	47	    0.994266	  0.00573378	1
2	1	48	    0.586422	    0.413578	1
5	2	49	    0.982235	   0.0177648	1
3	1	50	    0.875593	    0.124407	1
2	1	51	    0.586422	    0.413578	1
0	6	52	  0.00018964	     0.99981	2
0	4	53	  0.00186216	    0.998138	2
4	0	54	    0.990955	  0.00904457	1
1	1	55	     0.22219	     0.77781	2
1	5	56	  0.00294402	    0.997056	2
8	0	57	    0.999985	 1.50354e-05	1
1	2	58	   0.0834805	     0.91652	2
1	2	59	   0.0834805	     0.91652	2
1	6	60	 0.000940601	    0.999059	2
5	3	61	    0.946323	   0.0536775	1
0	2	62	   0.0180195	     0.98198	2
3	0	63	    0.956659	   0.0433405	1
1	3	64	    0.028223	    0.971777	2
2	2	65	    0.311348	    0.688652	2
4	0	66	    0.990955	  0.00904457	1
3	1	67	    0.875593	    0.124407	1
5	5	68	    0.641884	    0.358116	1
2	0	69	     0.81641	     0.18359	1
1	3	70	    0.028223	    0.971777	2
0	1	71	   0.0544185	    0.945582	2
10	2	72	    0.999994	 6.00245e-06	1
2	1	73	    0.586422	    0.413578	1
1	3	74	    0.028223	    0.971777	2
2	4	75	   0.0439455	    0.956055	2
0	3	76	    0.005817	    0.994183	2
1	2	77	   0.0834805	     0.91652	2
0	3	78	    0.005817	    0.994183	2
1	3	79	    0.028223	    0.971777	2
1	1	80	     0.22219	     0.77781	2
1	3	81	    0.028223	    0.971777	2
1	4	82	  0.00917541	    0.990825	2
0	3	83	    0.005817	    0.994183	2
5	0	84	    0.998165	  0.00183541	1
3	1	85	    0.875593	    0.124407	1
2	0	86	     0.81641	     0.18359	1
4	1	87	    0.972172	   0.0278281	1
0	1	88	   0.0544185	    0.945582	2
4	0	89	    0.990955	  0.00904457	1
1	2	90	   0.0834805	     0.91652	2
6	0	91	     0.99963	 0.000370312	1
4	0	92	    0.990955	  0.00904457	1
2	2	93	    0.311348	    0.688652	2
2	5	94	   0.0144446	    0.985555	2
0	1	95	   0.0544185	    0.945582	2
1	3	96	    0.028223	    0.971777	2
1	2	97	   0.0834805	     0.91652	2
0	3	98	    0.005817	    0.994183	2
4	0	99	    0.990955	  0.00904457	1
2	6	100	  0.00465149	    0.995349	2
0	2	101	   0.0180195	     0.98198	2
3	0	102	    0.956659	   0.0433405	1
1	3	103	    0.028223	    0.971777	2
0	2	104	   0.0180195	     0.98198	2
1	2	105	   0.0834805	     0.91652	2
5	1	106	    0.994266	  0.00573378	1
0	2	107	   0.0180195	     0.98198	2
0	1	108	   0.0544185	    0.945582	2
1	3	109	    0.028223	    0.971777	2
4	0	110	    0.990955	  0.00904457	1
1	2	111	   0.0834805	     0.91652	2
9	2	112	     0.99997	 2.97935e-05	1
1	2	113	   0.0834805	     0.91652	2
0	5	114	 0.000594512	    0.999405	2
2	4	115	   0.0439455	    0.956055	2
6	0	116	     0.99963	 0.000370312	1
3	3	117	    0.417097	    0.582903	2
4	3	118	    0.780305	    0.219695	1
1	5	119	  0.00294402	    0.997056	2
2	2	120	    0.311348	    0.688652	2
2	1	121	    0.586422	    0.413578	1
0	2	122	   0.0180195	     0.98198	2
7	1	123	    0.999766	 0.000234008	1
6	2	124	     0.99637	  0.00363047	1
0	2	125	   0.0180195	     0.98198	2
6	0	126	     0.99963	 0.000370312	1
1	3	127	    0.028223	    0.971777	2
1	0	128	    0.472545	    0.527455	2
2	1	129	    0.586422	    0.413578	1
2	2	130	    0.311348	    0.688652	2
4	0	131	    0.990955	  0.00904457	1
4	1	132	    0.972172	   0.0278281	1
3	1	133	    0.875593	    0.124407	1
1	2	134	   0.0834805	     0.91652	2
1	5	135	  0.00294402	    0.997056	2
3	2	136	    0.691751	    0.308249	1
0	1	137	   0.0544185	    0.945582	2
6	1	138	     0.99884	  0.00116046	1
1	2	139	   0.0834805	     0.91652	2
0	1	140	   0.0544185	    0.945582	2
0	4	141	  0.00186216	    0.998138	2
1	0	142	    0.472545	    0.527455	2
1	3	143	    0.028223	    0.971777	2
0	2	144	   0.0180195	     0.98198	2
2	0	145	     0.81641	     0.18359	1
6	2	146	     0.99637	  0.00363047	1
0	2	147	   0.0180195	     0.98198	2
0	3	148	    0.005817	    0.994183	2
4	2	149	    0.917622	   0.0823782	1
6	0	150	     0.99963	 0.000370312	1
5	2	151	    0.982235	   0.0177648	1
1	6	152	 0.000940601	    0.999059	2
2	1	153	    0.586422	    0.413578	1
1	1	154	     0.22219	     0.77781	2
3	5	155	   0.0678155	    0.932184	2
0	3	156	    0.005817	    0.994183	2
0	5	157	 0.000594512	    0.999405	2
1	3	158	    0.028223	    0.971777	2
3	0	159	    0.956659	   0.0433405	1
1	5	160	  0.00294402	    0.997056	2
0	1	161	   0.0544185	    0.945582	2
1	0	162	    0.472545	    0.527455	2
4	1	163	    0.972172	   0.0278281	1
4	0	164	    0.990955	  0.00904457	1
0	2	165	   0.0180195	     0.98198	2
2	1	166	    0.586422	    0.413578	1
1	4	167	  0.00917541	    0.990825	2
1	2	168	   0.0834805	     0.91652	2
1	3	169	    0.028223	    0.971777	2
0	5	170	 0.000594512	    0.999405	2
1	2	171	   0.0834805	     0.91652	2
2	1	172	    0.586422	    0.413578	1
0	2	173	   0.0180195	     0.98198	2
3	2	174	    0.691751	    0.308249	1
1	1	175	     0.22219	     0.77781	2
2	3	176	    0.125995	    0.874005	2
0	4	177	  0.00186216	    0.998138	2
0	5	178	 0.000594512	    0.999405	2
4	1	179	    0.972172	   0.0278281	1
1	2	180	   0.0834805	     0.91652	2
2	3	181	    0.125995	    0.874005	2
4	0	182	    0.990955	  0.00904457	1
3	0	183	    0.956659	   0.0433405	1
5	0	184	    0.998165	  0.00183541	1
1	3	185	    0.028223	    0.971777	2
0	6	186	  0.00018964	     0.99981	2
2	1	187	    0.586422	    0.413578	1
2	0	188	     0.81641	     0.18359	1
7	1	189	    0.999766	 0.000234008	1
0	0	190	    0.152895	    0.847105	2
2	1	191	    0.586422	    0.413578	1
5	0	192	    0.998165	  0.00183541	1
1	2	193	   0.0834805	     0.91652	2
5	0	194	    0.998165	  0.00183541	1
0	3	195	    0.005817	    0.994183	2
1	2	196	   0.0834805	     0.91652	2
2	2	197	    0.311348	    0.688652	2
0	2	198	   0.0180195	     0.98198	2
1	3	199	    0.028223	    0.971777	2
5	4	200	    0.848973	    0.151027	1
4	1	201	    0.972172	   0.0278281	1
3	4	202	    0.185772	    0.814228	2
5	2	203	    0.982235	   0.0177648	1
0	5	204	 0.000594512	    0.999405	2
5	1	205	    0.994266	  0.00573378	1
1	2	206	   0.0834805	     0.91652	2
0	5	207	 0.000594512	    0.999405	2
5	1	208	    0.994266	  0.00573378	1
7	2	209	    0.999266	 0.000733536	1
1	2	210	   0.0834805	     0.91652	2
2	0	211	     0.81641	     0.18359	1
2	4	212	   0.0439455	    0.956055	2
2	2	213	    0.311348	    0.688652	2
0	0	214	    0.152895	    0.847105	2
4	0	215	    0.990955	  0.00904457	1
4	0	216	    0.990955	  0.00904457	1
1	2	217	   0.0834805	     0.91652	2
0	2	218	   0.0180195	     0.98198	2
1	0	219	    0.472545	    0.527455	2
4	0	220	    0.990955	  0.00904457	1
0	3	221	    0.005817	    0.994183	2
0	3	222	    0.005817	    0.994183	2
1	6	223	 0.000940601	    0.999059	2
1	5	224	  0.00294402	    0.997056	2
9	1	225	    0.999991	 9.49998e-06	1
0	6	226	  0.00018964	     0.99981	2
1	2	227	   0.0834805	     0.91652	2
0	3	228	    0.005817	    0.994183	2
5	0	229	    0.998165	  0.00183541	1
4	0	230	    0.990955	  0.00904457	1
5	1	231	    0.994266	  0.00573378	1
5	2	232	    0.982235	   0.0177648	1
3	1	233	    0.875593	    0.124407	1
3	0	234	    0.956659	   0.0433405	1
4	3	235	    0.780305	    0.219695	1
2	0	236	     0.81641	     0.18359	1
5	0	237	    0.998165	  0.00183541	1
2	1	238	    0.586422	    0.413578	1
0	3	239	    0.005817	    0.994183	2
1	1	240	     0.22219	     0.77781	2
1	2	241	   0.0834805	     0.91652	2
5	0	242	    0.998165	  0.00183541	1
3	0	243	    0.956659	   0.0433405	1
4	2	244	    0.917622	   0.0823782	1
2	0	245	     0.81641	     0.18359	1
0	1	246	   0.0544185	    0.945582	2
1	6	247	 0.000940601	    0.999059	2
0	3	248	    0.005817	    0.994183	2
1	5	249	  0.00294402	    0.997056	2
1	1	250	     0.22219	     0.77781	2
8	1	251	    0.999953	  4.7153e-05	1
4	0	252	    0.990955	  0.00904457	1
0	2	253	   0.0180195	     0.98198	2
5	1	254	    0.994266	  0.00573378	1
1	6	255	 0.000940601	    0.999059	2
6	0	256	     0.99963	 0.000370312	1
4	0	257	    0.990955	  0.00904457	1
2	2	258	    0.311348	    0.688652	2
4	1	259	    0.972172	   0.0278281	1
1	2	260	   0.0834805	     0.91652	2
5	1	261	    0.994266	  0.00573378	1
1	1	262	     0.22219	     0.77781	2
1	6	263	 0.000940601	    0.999059	2
2	2	264	    0.311348	    0.688652	2
2	4	265	   0.0439455	    0.956055	2
5	0	266	    0.998165	  0.00183541	1
1	7	267	 0.000300107	      0.9997	2
6	0	268	     0.99963	 0.000370312	1
0	4	269	  0.00186216	    0.998138	2
9	1	270	    0.999991	 9.49998e-06	1
5	1	271	    0.994266	  0.00573378	1
1	2	272	   0.0834805	     0.91652	2
5	2	273	    0.982235	   0.0177648	1
1	2	274	   0.0834805	     0.91652	2
8	2	275	    0.999852	 0.000147868	1
6	1	276	     0.99884	  0.00116046	1
1	5	277	  0.00294402	    0.997056	2
3	0	278	    0.956659	   0.0433405	1
2	1	279	    0.586422	    0.413578	1
2	2	280	    0.311348	    0.688652	2
0	2	281	   0.0180195	     0.98198	2
4	1	282	    0.972172	   0.0278281	1
5	0	283	    0.998165	  0.00183541	1
2	0	284	     0.81641	     0.18359	1
4	0	285	    0.990955	  0.00904457	1
2	1	286	    0.586422	    0.413578	1
0	3	287	    0.005817	    0.994183	2
2	3	288	    0.125995	    0.874005	2
2	3	289	    0.125995	    0.874005	2
5	2	290	    0.982235	   0.0177648	1
0	3	291	    0.005817	    0.994183	2
0	3	292	    0.005817	    0.994183	2
5	1	293	    0.994266	  0.00573378	1
0	1	294	   0.0544185	    0.945582	2
0	2	295	   0.0180195	     0.98198	2
0	2	296	   0.0180195	     0.98198	2
0	2	297	   0.0180195	     0.98198	2
9	0	298	    0.999997	 3.02913e-06	1
4	1	299	    0.972172	   0.0278281	1
0	5	300	 0.000594512	    0.999405	2
1	1	301	     0.22219	     0.77781	2
1	4	302	  0.00917541	    0.990825	2
3	2	303	    0.691751	    0.308249	1
1	6	304	 0.000940601	    0.999059	2
8	0	305	    0.999985	 1.50354e-05	1
2	2	306	    0.311348	    0.688652	2
2	1	307	    0.586422	    0.413578	1
0	2	308	   0.0180195	     0.98198	2
5	1	309	    0.994266	  0.00573378	1
1	4	310	  0.00917541	    0.990825	2
6	2	311	     0.99637	  0.00363047	1
4	3	312	    0.780305	    0.219695	1
0	4	313	  0.00186216	    0.998138	2
6	1	314	     0.99884	  0.00116046	1
3	2	315	    0.691751	    0.308249	1
5	2	316	    0.982235	   0.0177648	1
7	0	317	    0.999925	 7.46265e-05	1
1	2	318	   0.0834805	     0.91652	2
1	6	319	 0.000940601	    0.999059	2
1	2	320	   0.0834805	     0.91652	2
0	2	321	   0.0180195	     0.98198	2
5	1	322	    0.994266	  0.00573378	1
0	2	323	   0.0180195	     0.98198	2
4	2	324	    0.917622	   0.0823782	1
0	6	325	  0.00018964	     0.99981	2
5	2	326	    0.982235	   0.0177648	1
8	0	327	    0.999985	 1.50354e-05	1
0	0	328	    0.152895	    0.847105	2
1	2	329	   0.0834805	     0.91652	2
3	1	330	    0.875593	    0.124407	1
3	4	331	    0.185772	    0.814228	2
1	3	332	    0.028223	    0.971777	2
2	1	333	    0.586422	    0.413578	1
2	4	334	   0.0439455	    0.956055	2
2	1	335	    0.586422	    0.413578	1
3	0	336	    0.956659	   0.0433405	1
4	1	337	    0.972172	   0.0278281	1
4	1	338	    0.972172	   0.0278281	1
9	0	339	    0.999997	 3.02913e-06	1
1	0	340	    0.472545	    0.527455	2
3	0	341	    0.956659	   0.0433405	1
1	3	342	    0.028223	    0.971777	2
1	1	343	     0.22219	     0.77781	2
0	6	344	  0.00018964	     0.99981	2
1	5	345	  0.00294402	    0.997056	2
0	4	346	  0.00186216	    0.998138	2
0	3	347	    0.005817	    0.994183	2
1	2	348	   0.0834805	     0.91652	2
0	1	349	   0.0544185	    0.945582	2
0	2	350	   0.0180195	     0.98198	2
1	4	351	  0.00917541	    0.990825	2
0	2	352	   0.0180195	     0.98198	2
2	4	353	   0.0439455	    0.956055	2
1	3	354	    0.028223	    0.971777	2
2	0	355	     0.81641	     0.18359	1
2	0	356	     0.81641	     0.18359	1
5	0	357	    0.998165	  0.00183541	1
1	1	358	     0.22219	     0.77781	2
5	1	359	    0.994266	  0.00573378	1
2	4	360	   0.0439455	    0.956055	2
0	1	361	   0.0544185	    0.945582	2
0	5	362	 0.000594512	    0.999405	2
0	0	363	    0.152895	    0.847105	2
2	2	364	    0.311348	    0.688652	2
0	5	365	 0.000594512	    0.999405	2
0	2	366	   0.0180195	     0.98198	2
1	1	367	     0.22219	     0.77781	2
3	0	368	    0.956659	   0.0433405	1
6	1	369	     0.99884	  0.00116046	1
6	0	370	     0.99963	 0.000370312	1
4	2	371	    0.917622	   0.0823782	1
0	0	372	    0.152895	    0.847105	2
5	2	373	    0.982235	   0.0177648	1
1	3	374	    0.028223	    0.971777	2
2	3	375	    0.125995	    0.874005	2
1	7	376	 0.000300107	      0.9997	2
1	3	377	    0.028223	    0.971777	2
0	1	378	   0.0544185	    0.945582	2
0	6	379	  0.00018964	     0.99981	2
1	2	380	   0.0834805	     0.91652	2
0	3	381	    0.005817	    0.994183	2
4	0	382	    0.990955	  0.00904457	1
1	0	383	    0.472545	    0.527455	2
2	3	384	    0.125995	    0.874005	2
2	2	385	    0.311348	    0.688652	2
5	0	386	    0.998165	  0.00183541	1
1	3	387	    0.028223	    0.971777	2
0	0	388	    0.152895	    0.847105	2
6	0	389	     0.99963	 0.000370312	1
4	1	390	    0.972172	   0.0278281	1
3	2	391	    0.691751	    0.308249	1
1	3	392	    0.028223	    0.971777	2
6	1	393	     0.99884	  0.00116046	1
0	5	394	 0.000594512	    0.999405	2
0	3	395	    0.005817	    0.994183	2
3	1	396	    0.875593	    0.124407	1
7	1	397	    0.999766	 0.000234008	1
1	3	398	    0.028223	    0.971777	2
6	1	399	     0.99884	  0.00116046	1
1	2	400	   0.0834805	     0.91652	2
0	2	401	   0.0180195	     0.98198	2
4	1	402	    0.972172	   0.0278281	1
0	2	403	   0.0180195	     0.98198	2
2	3	404	    0.125995	    0.874005	2
0	9	405	 6.14875e-06	    0.999994	2
5	1	406	    0.994266	  0.00573378	1
7	1	407	    0.999766	 0.000234008	1
1	2	408	   0.0834805	     0.91652	2
0	4	409	  0.00186216	    0.998138	2
0	1	410	   0.0544185	    0.945582	2
5	0	411	    0.998165	  0.00183541	1
6	0	412	     0.99963	 0.000370312	1
6	1	413	     0.99884	  0.00116046	1
1	2	414	   0.0834805	     0.91652	2
1	5	415	  0.00294402	    0.997056	2
0	4	416	  0.00186216	    0.998138	2
1	4	417	  0.00917541	    0.990825	2
1	2	418	   0.0834805	     0.91652	2
0	2	419	   0.0180195	     0.98198	2
3	1	420	    0.875593	    0.124407	1
1	5	421	  0.00294402	    0.997056	2
0	4	422	  0.00186216	    0.998138	2
1	3	423	    0.028223	    0.971777	2
0	5	424	 0.000594512	    0.999405	2
6	1	425	     0.99884	  0.00116046	1
0	4	426	  0.00186216	    0.998138	2
2	6	427	  0.00465149	    0.995349	2
2	0	428	     0.81641	     0.18359	1
1	3	429	    0.028223	    0.971777	2
4	0	430	    0.990955	  0.00904457	1
1	2	431	   0.0834805	     0.91652	2
2	2	432	    0.311348	    0.688652	2
0	2	433	   0.0180195	     0.98198	2
7	1	434	    0.999766	 0.000234008	1
2	1	435	    0.586422	    0.413578	1
2	5	436	   0.0144446	    0.985555	2
1	3	437	    0.028223	    0.971777	2
5	1	438	    0.994266	  0.00573378	1
0	3	439	    0.005817	    0.994183	2
4	1	440	    0.972172	   0.0278281	1
1	3	441	    0.028223	    0.971777	2
0	1	442	   0.0544185	    0.945582	2
3	1	443	    0.875593	    0.124407	1
3	0	444	    0.956659	   0.0433405	1
1	4	445	  0.00917541	    0.990825	2
6	3	446	    0.988702	   0.0112984	1
2	5	447	   0.0144446	    0.985555	2
4	0	448	    0.990955	  0.00904457	1
4	0	449	    0.990955	  0.00904457	1
4	0	450	    0.990955	  0.00904457	1
1	2	451	   0.0834805	     0.91652	2
2	7	452	  0.00148786	    0.998512	2
1	5	453	  0.00294402	    0.997056	2
1	4	454	  0.00917541	    0.990825	2
2	5	455	   0.0144446	    0.985555	2
0	2	456	   0.0180195	     0.98198	2
1	1	457	     0.22219	     0.77781	2
3	6	458	   0.0226705	     0.97733	2
1	2	459	   0.0834805	     0.91652	2
2	2	460	    0.311348	    0.688652	2
8	2	461	    0.999852	 0.000147868	1
3	0	462	    0.956659	   0.0433405	1
2	1	463	    0.586422	    0.413578	1
3	0	464	    0.956659	   0.0433405	1
2	4	465	   0.0439455	    0.956055	2
1	2	466	   0.0834805	     0.91652	2
2	0	467	     0.81641	     0.18359	1
5	0	468	    0.998165	  0.00183541	1
5	1	469	    0.994266	  0.00573378	1
4	0	470	    0.990955	  0.00904457	1
0	2	471	   0.0180195	     0.98198	2
7	0	472	    0.999925	 7.46265e-05	1
2	3	473	    0.125995	    0.874005	2
5	2	474	    0.982235	   0.0177648	1
2	3	475	    0.125995	    0.874005	2
5	2	476	    0.982235	   0.0177648	1
1	1	477	     0.22219	     0.77781	2
1	1	478	     0.22219	     0.77781	2
3	0	479	    0.956659	   0.0433405	1
7	0	480	    0.999925	 7.46265e-05	1
1	6	481	 0.000940601	    0.999059	2
0	3	482	    0.005817	    0.994183	2
2	0	483	     0.81641	     0.18359	1
1	1	484	     0.22219	     0.77781	2
5	3	485	    0.946323	   0.0536775	1
4	1	486	    0.972172	   0.0278281	1
6	0	487	     0.99963	 0.000370312	1
0	1	488	   0.0544185	    0.945582	2
0	1	489	   0.0544185	    0.945582	2
2	2	490	    0.311348	    0.688652	2
4	4	491	    0.531066	    0.468934	1
4	3	492	    0.780305	    0.219695	1
5	1	493	    0.994266	  0.00573378	1
0	0	494	    0.152895	    0.847105	2
1	4	495	  0.00917541	    0.990825	2
0	2	496	   0.0180195	     0.98198	2
0	6	497	  0.00018964	     0.99981	2
3	3	498	    0.417097	    0.582903	2
2	2	499	    0.311348	    0.688652	2
3	1	500	    0.875593	    0.124407	1
5	2	501	    0.982235	   0.0177648	1
1	1	502	     0.22219	     0.77781	2
0	3	503	    0.005817	    0.994183	2
3	2	504	    0.691751	    0.308249	1
2	1	505	    0.586422	    0.413578	1
0	3	506	    0.005817	    0.994183	2
1	4	507	  0.00917541	    0.990825	2
6	0	508	     0.99963	 0.000370312	1
0	1	509	   0.0544185	    0.945582	2
5	2	510	    0.982235	   0.0177648	1
2	1	511	    0.586422	    0.413578	1
0	2	512	   0.0180195	     0.98198	2
2	2	513	    0.311348	    0.688652	2
1	3	514	    0.028223	    0.971777	2
1	3	515	    0.028223	    0.971777	2
0	7	516	 6.04753e-05	     0.99994	2
4	1	517	    0.972172	   0.0278281	1
5	1	518	    0.994266	  0.00573378	1
1	2	519	   0.0834805	     0.91652	2
5	0	520	    0.998165	  0.00183541	1
2	2	521	    0.311348	    0.688652	2
4	2	522	    0.917622	   0.0823782	1
0	2	523	   0.0180195	     0.98198	2
2	3	524	    0.125995	    0.874005	2
7	1	525	    0.999766	 0.000234008	1
4	0	526	    0.990955	  0.00904457	1
1	1	527	     0.22219	     0.77781	2
4	0	528	    0.990955	  0.00904457	1
7	1	529	    0.999766	 0.000234008	1
4	0	530	    0.990955	  0.00904457	1
0	2	531	   0.0180195	     0.98198	2
0	1	532	   0.0544185	    0.945582	2
0	2	533	   0.0180195	     0.98198	2
2	2	534	    0.311348	    0.688652	2
0	0	535	    0.152895	    0.847105	2
3	1	536	    0.875593	    0.124407	1
4	1	537	    0.972172	   0.0278281	1
3	0	538	    0.956659	   0.0433405	1
1	4	539	  0.00917541	    0.990825	2
0	3	540	    0.005817	    0.994183	2
4	1	541	    0.972172	   0.0278281	1
0	3	542	    0.005817	    0.994183	2
1	3	543	    0.028223	    0.971777	2
0	2	544	   0.0180195	     0.98198	2
4	2	545	    0.917622	   0.0823782	1
0	1	546	   0.0544185	    0.945582	2
7	2	547	    0.999266	 0.000733536	1
0	2	548	   0.0180195	     0.98198	2
5	1	549	    0.994266	  0.00573378	1
6	2	550	     0.99637	  0.00363047	1
9	0	551	    0.999997	 3.02913e-06	1
7	1	552	    0.999766	 0.000234008	1
8	1	553	    0.999953	  4.7153e-05	1
0	1	554	   0.0544185	    0.945582	2
1	3	555	    0.028223	    0.971777	2
6	0	556	     0.99963	 0.000370312	1
1	4	557	  0.00917541	    0.990825	2
0	4	558	  0.00186216	    0.998138	2
1	1	559	     0.22219	     0.77781	2
0	2	560	   0.0180195	     0.98198	2
9	1	561	    0.999991	 9.49998e-06	1
0	3	562	    0.005817	    0.994183	2
6	0	563	     0.99963	 0.000370312	1
1	3	564	    0.028223	    0.971777	2
5	3	565	    0.946323	   0.0536775	1
4	1	566	    0.972172	   0.0278281	1
0	4	567	  0.00186216	    0.998138	2
4	0	568	    0.990955	  0.00904457	1
6	1	569	     0.99884	  0.00116046	1
4	1	570	    0.972172	   0.0278281	1
7	0	571	    0.999925	 7.46265e-05	1
4	1	572	    0.972172	   0.0278281	1
6	1	573	     0.99884	  0.00116046	1
3	0	574	    0.956659	   0.0433405	1
5	0	575	    0.998165	  0.00183541	1
2	4	576	   0.0439455	    0.956055	2
2	4	577	   0.0439455	    0.956055	2
0	8	578	 1.92836e-05	    0.999981	2
3	1	579	    0.875593	    0.124407	1
2	3	580	    0.125995	    0.874005	2
3	0	581	    0.956659	   0.0433405	1
3	2	582	    0.691751	    0.308249	1
4	3	583	    0.780305	    0.219695	1
11	1	584	           1	 3.85586e-07	1
1	3	585	    0.028223	    0.971777	2
3	2	586	    0.691751	    0.308249	1
1	3	587	    0.028223	    0.971777	2
4	0	588	    0.990955	  0.00904457	1
3	0	589	    0.956659	   0.0433405	1
1	3	590	    0.028223	    0.971777	2
0	2	591	   0.0180195	     0.98198	2
0	0	592	    0.152895	    0.847105	2
0	2	593	   0.0180195	     0.98198	2
3	0	594	    0.956659	   0.0433405	1
1	6	595	 0.000940601	    0.999059	2
8	2	596	    0.999852	 0.000147868	1
0	5	597	 0.000594512	    0.999405	2
0	3	598	    0.005817	    0.994183	2
1	8	599	 9.57102e-05	    0.999904	2
2	4	600	   0.0439455	    0.956055	2
