o1	o2	o3	id	Cluster#1	Cluster#2	Cluster#
3	2	4	1	      0.4773	      0.5227	2
4	1	5	2	   0.0265836	    0.973416	2
3	1	3	3	    0.415121	    0.584879	2
3	2	3	4	    0.665249	    0.334751	1
1	2	2	5	    0.992379	  0.00762075	1
2	2	3	6	    0.915999	   0.0840012	1
3	3	2	7	    0.923721	   0.0762785	1
1	2	5	8	    0.926649	    0.073351	1
4	1	3	9	    0.114534	    0.885466	2
3	2	5	10	    0.295566	    0.704434	2
4	1	2	11	    0.219667	    0.780333	2
4	2	2	12	     0.44078	     0.55922	2
4	1	4	13	   0.0561002	      0.9439	2
3	2	5	14	    0.295566	    0.704434	2
4	1	5	15	   0.0265836	    0.973416	2
2	3	4	16	    0.933464	   0.0665363	1
3	1	3	17	    0.415121	    0.584879	2
3	2	2	18	    0.812206	    0.187794	1
4	1	4	19	   0.0561002	      0.9439	2
3	2	2	20	    0.812206	    0.187794	1
2	1	3	21	    0.795691	    0.204309	1
1	2	3	22	    0.983562	   0.0164379	1
3	2	2	23	    0.812206	    0.187794	1
3	1	5	24	    0.130323	    0.869677	2
3	1	3	25	    0.415121	    0.584879	2
2	3	2	26	    0.985174	   0.0148261	1
1	3	3	27	    0.994067	  0.00593343	1
4	1	5	28	   0.0265836	    0.973416	2
4	1	4	29	   0.0561002	      0.9439	2
3	2	5	30	    0.295566	    0.704434	2
3	3	5	31	     0.54019	     0.45981	1
1	2	2	32	    0.992379	  0.00762075	1
3	3	2	33	    0.923721	   0.0762785	1
4	1	2	34	    0.219667	    0.780333	2
3	1	3	35	    0.415121	    0.584879	2
1	2	3	36	    0.983562	   0.0164379	1
4	1	2	37	    0.219667	    0.780333	2
3	1	3	38	    0.415121	    0.584879	2
3	1	4	39	    0.245924	    0.754076	2
4	1	1	40	    0.379901	    0.620099	2
3	2	2	41	    0.812206	    0.187794	1
3	3	2	42	    0.923721	   0.0762785	1
4	1	5	43	   0.0265836	    0.973416	2
2	2	2	44	    0.959566	   0.0404336	1
4	1	4	45	   0.0561002	      0.9439	2
3	2	4	46	      0.4773	      0.5227	2
4	2	5	47	   0.0710342	    0.928966	2
4	3	3	48	    0.503493	    0.496507	1
3	2	5	49	    0.295566	    0.704434	2
2	1	5	50	    0.451231	    0.548769	2
1	2	3	51	    0.983562	   0.0164379	1
1	2	5	52	    0.926649	    0.073351	1
4	1	3	53	    0.114534	    0.885466	2
3	1	5	54	    0.130323	    0.869677	2
3	2	2	55	    0.812206	    0.187794	1
4	2	2	56	     0.44078	     0.55922	2
4	2	4	57	    0.142672	    0.857328	2
1	1	2	58	    0.978951	   0.0210491	1
4	1	4	59	   0.0561002	      0.9439	2
2	3	2	60	    0.985174	   0.0148261	1
2	1	2	61	    0.894468	    0.105532	1
2	1	3	62	    0.795691	    0.204309	1
1	2	2	63	    0.992379	  0.00762075	1
4	1	4	64	   0.0561002	      0.9439	2
2	3	2	65	    0.985174	   0.0148261	1
1	1	2	66	    0.978951	   0.0210491	1
3	2	4	67	      0.4773	      0.5227	2
4	1	5	68	   0.0265836	    0.973416	2
4	1	1	69	    0.379901	    0.620099	2
2	2	2	70	    0.959566	   0.0404336	1
4	2	5	71	   0.0710342	    0.928966	2
4	1	3	72	    0.114534	    0.885466	2
3	1	3	73	    0.415121	    0.584879	2
3	3	2	74	    0.923721	   0.0762785	1
2	1	2	75	    0.894468	    0.105532	1
4	2	3	76	    0.265878	    0.734122	2
4	2	5	77	   0.0710342	    0.928966	2
2	1	5	78	    0.451231	    0.548769	2
2	2	3	79	    0.915999	   0.0840012	1
1	2	1	80	    0.996484	  0.00351614	1
3	3	1	81	    0.963444	   0.0365565	1
3	1	2	82	     0.60702	     0.39298	1
3	1	1	83	    0.770731	    0.229269	1
4	3	5	84	    0.176346	    0.823654	2
3	1	3	85	    0.415121	    0.584879	2
1	3	3	86	    0.994067	  0.00593343	1
4	1	5	87	   0.0265836	    0.973416	2
3	2	3	88	    0.665249	    0.334751	1
2	1	3	89	    0.795691	    0.204309	1
2	2	5	90	    0.697181	    0.302819	1
4	1	5	91	   0.0265836	    0.973416	2
3	3	4	92	    0.718846	    0.281154	1
2	1	3	93	    0.795691	    0.204309	1
1	2	3	94	    0.983562	   0.0164379	1
1	1	2	95	    0.978951	   0.0210491	1
1	1	1	96	    0.990217	  0.00978317	1
2	1	2	97	    0.894468	    0.105532	1
2	1	5	98	    0.451231	    0.548769	2
4	1	2	99	    0.219667	    0.780333	2
4	1	2	100	    0.219667	    0.780333	2
1	2	3	101	    0.983562	   0.0164379	1
4	2	4	102	    0.142672	    0.857328	2
2	2	2	103	    0.959566	   0.0404336	1
2	2	3	104	    0.915999	   0.0840012	1
3	1	3	105	    0.415121	    0.584879	2
4	1	5	106	   0.0265836	    0.973416	2
4	3	2	107	    0.688177	    0.311823	1
2	1	4	108	    0.641513	    0.358487	1
4	2	2	109	     0.44078	     0.55922	2
4	3	4	110	    0.317851	    0.682149	2
3	1	2	111	     0.60702	     0.39298	1
4	2	2	112	     0.44078	     0.55922	2
4	1	3	113	    0.114534	    0.885466	2
4	1	3	114	    0.114534	    0.885466	2
2	2	5	115	    0.697181	    0.302819	1
4	3	5	116	    0.176346	    0.823654	2
4	1	4	117	   0.0561002	      0.9439	2
3	1	4	118	    0.245924	    0.754076	2
1	2	5	119	    0.926649	    0.073351	1
4	2	5	120	   0.0710342	    0.928966	2
4	1	2	121	    0.219667	    0.780333	2
4	2	5	122	   0.0710342	    0.928966	2
1	2	4	123	    0.964904	   0.0350955	1
1	1	3	124	    0.955297	   0.0447028	1
3	1	4	125	    0.245924	    0.754076	2
4	1	4	126	   0.0561002	      0.9439	2
2	2	4	127	    0.833626	    0.166374	1
4	1	5	128	   0.0265836	    0.973416	2
4	2	5	129	   0.0710342	    0.928966	2
4	1	4	130	   0.0561002	      0.9439	2
4	2	2	131	     0.44078	     0.55922	2
1	1	3	132	    0.955297	   0.0447028	1
3	2	4	133	      0.4773	      0.5227	2
4	1	3	134	    0.114534	    0.885466	2
4	2	2	135	     0.44078	     0.55922	2
2	2	2	136	    0.959566	   0.0404336	1
3	1	4	137	    0.245924	    0.754076	2
3	2	1	138	    0.903962	   0.0960376	1
4	1	5	139	   0.0265836	    0.973416	2
2	3	3	140	    0.968287	   0.0317133	1
4	1	4	141	   0.0561002	      0.9439	2
1	3	1	142	    0.998741	  0.00125863	1
3	2	2	143	    0.812206	    0.187794	1
3	1	3	144	    0.415121	    0.584879	2
2	2	5	145	    0.697181	    0.302819	1
2	2	5	146	    0.697181	    0.302819	1
3	2	5	147	    0.295566	    0.704434	2
3	2	1	148	    0.903962	   0.0960376	1
4	3	5	149	    0.176346	    0.823654	2
4	1	5	150	   0.0265836	    0.973416	2
4	2	4	151	    0.142672	    0.857328	2
3	1	5	152	    0.130323	    0.869677	2
4	2	2	153	     0.44078	     0.55922	2
1	3	4	154	    0.987176	   0.0128236	1
4	2	2	155	     0.44078	     0.55922	2
4	1	3	156	    0.114534	    0.885466	2
3	2	5	157	    0.295566	    0.704434	2
1	1	3	158	    0.955297	   0.0447028	1
4	1	5	159	   0.0265836	    0.973416	2
2	1	3	160	    0.795691	    0.204309	1
2	2	3	161	    0.915999	   0.0840012	1
3	1	2	162	     0.60702	     0.39298	1
2	2	3	163	    0.915999	   0.0840012	1
3	1	5	164	    0.130323	    0.869677	2
4	1	4	165	   0.0561002	      0.9439	2
2	1	4	166	    0.641513	    0.358487	1
4	1	4	167	   0.0561002	      0.9439	2
3	2	5	168	    0.295566	    0.704434	2
4	1	4	169	   0.0561002	      0.9439	2
3	2	2	170	    0.812206	    0.187794	1
1	2	3	171	    0.983562	   0.0164379	1
4	1	4	172	   0.0561002	      0.9439	2
4	2	2	173	     0.44078	     0.55922	2
4	1	4	174	   0.0561002	      0.9439	2
2	1	3	175	    0.795691	    0.204309	1
3	1	4	176	    0.245924	    0.754076	2
4	1	2	177	    0.219667	    0.780333	2
2	1	3	178	    0.795691	    0.204309	1
4	1	3	179	    0.114534	    0.885466	2
1	2	2	180	    0.992379	  0.00762075	1
3	1	5	181	    0.130323	    0.869677	2
1	1	3	182	    0.955297	   0.0447028	1
3	1	2	183	     0.60702	     0.39298	1
4	2	3	184	    0.265878	    0.734122	2
4	1	4	185	   0.0561002	      0.9439	2
4	1	4	186	   0.0561002	      0.9439	2
4	2	1	187	    0.631728	    0.368272	1
3	1	5	188	    0.130323	    0.869677	2
4	2	5	189	   0.0710342	    0.928966	2
1	1	3	190	    0.955297	   0.0447028	1
3	1	3	191	    0.415121	    0.584879	2
2	3	4	192	    0.933464	   0.0665363	1
4	2	4	193	    0.142672	    0.857328	2
4	2	2	194	     0.44078	     0.55922	2
3	1	3	195	    0.415121	    0.584879	2
4	2	4	196	    0.142672	    0.857328	2
2	1	1	197	    0.948576	   0.0514243	1
2	2	2	198	    0.959566	   0.0404336	1
3	2	2	199	    0.812206	    0.187794	1
1	1	1	200	    0.990217	  0.00978317	1
1	1	2	201	    0.978951	   0.0210491	1
4	2	4	202	    0.142672	    0.857328	2
3	1	5	203	    0.130323	    0.869677	2
3	3	2	204	    0.923721	   0.0762785	1
2	2	3	205	    0.915999	   0.0840012	1
3	1	5	206	    0.130323	    0.869677	2
3	2	3	207	    0.665249	    0.334751	1
4	1	2	208	    0.219667	    0.780333	2
4	2	3	209	    0.265878	    0.734122	2
2	2	2	210	    0.959566	   0.0404336	1
4	2	5	211	   0.0710342	    0.928966	2
4	1	4	212	   0.0561002	      0.9439	2
1	1	1	213	    0.990217	  0.00978317	1
2	1	5	214	    0.451231	    0.548769	2
2	2	1	215	    0.981006	   0.0189939	1
3	1	3	216	    0.415121	    0.584879	2
4	1	4	217	   0.0561002	      0.9439	2
4	1	2	218	    0.219667	    0.780333	2
3	2	1	219	    0.903962	   0.0960376	1
3	3	3	220	    0.847662	    0.152338	1
4	1	3	221	    0.114534	    0.885466	2
4	1	3	222	    0.114534	    0.885466	2
4	2	5	223	   0.0710342	    0.928966	2
2	2	1	224	    0.981006	   0.0189939	1
3	2	1	225	    0.903962	   0.0960376	1
3	2	3	226	    0.665249	    0.334751	1
4	1	5	227	   0.0265836	    0.973416	2
4	1	4	228	   0.0561002	      0.9439	2
4	2	4	229	    0.142672	    0.857328	2
4	1	4	230	   0.0561002	      0.9439	2
2	2	4	231	    0.833626	    0.166374	1
3	2	2	232	    0.812206	    0.187794	1
3	2	3	233	    0.665249	    0.334751	1
4	2	4	234	    0.142672	    0.857328	2
3	1	3	235	    0.415121	    0.584879	2
3	2	3	236	    0.665249	    0.334751	1
4	2	4	237	    0.142672	    0.857328	2
4	2	3	238	    0.265878	    0.734122	2
3	1	1	239	    0.770731	    0.229269	1
4	1	3	240	    0.114534	    0.885466	2
4	2	4	241	    0.142672	    0.857328	2
3	1	2	242	     0.60702	     0.39298	1
3	3	5	243	     0.54019	     0.45981	1
4	1	5	244	   0.0265836	    0.973416	2
4	1	3	245	    0.114534	    0.885466	2
4	2	4	246	    0.142672	    0.857328	2
3	2	4	247	      0.4773	      0.5227	2
3	1	4	248	    0.245924	    0.754076	2
3	1	3	249	    0.415121	    0.584879	2
2	1	4	250	    0.641513	    0.358487	1
4	1	1	251	    0.379901	    0.620099	2
2	1	2	252	    0.894468	    0.105532	1
2	3	3	253	    0.968287	   0.0317133	1
3	1	3	254	    0.415121	    0.584879	2
3	3	4	255	    0.718846	    0.281154	1
4	2	1	256	    0.631728	    0.368272	1
4	3	5	257	    0.176346	    0.823654	2
4	1	3	258	    0.114534	    0.885466	2
4	1	3	259	    0.114534	    0.885466	2
2	2	1	260	    0.981006	   0.0189939	1
3	1	4	261	    0.245924	    0.754076	2
1	2	1	262	    0.996484	  0.00351614	1
3	2	1	263	    0.903962	   0.0960376	1
3	2	3	264	    0.665249	    0.334751	1
2	1	3	265	    0.795691	    0.204309	1
1	3	2	266	    0.997265	  0.00273513	1
3	2	3	267	    0.665249	    0.334751	1
4	1	4	268	   0.0561002	      0.9439	2
4	2	3	269	    0.265878	    0.734122	2
2	3	3	270	    0.968287	   0.0317133	1
2	2	2	271	    0.959566	   0.0404336	1
3	1	4	272	    0.245924	    0.754076	2
4	2	5	273	   0.0710342	    0.928966	2
4	1	3	274	    0.114534	    0.885466	2
3	1	5	275	    0.130323	    0.869677	2
3	2	3	276	    0.665249	    0.334751	1
3	1	5	277	    0.130323	    0.869677	2
3	1	2	278	     0.60702	     0.39298	1
2	2	3	279	    0.915999	   0.0840012	1
1	1	3	280	    0.955297	   0.0447028	1
4	2	4	281	    0.142672	    0.857328	2
4	2	3	282	    0.265878	    0.734122	2
1	1	3	283	    0.955297	   0.0447028	1
1	3	2	284	    0.997265	  0.00273513	1
4	1	3	285	    0.114534	    0.885466	2
3	3	1	286	    0.963444	   0.0365565	1
1	2	3	287	    0.983562	   0.0164379	1
4	3	1	288	    0.827676	    0.172324	1
3	1	5	289	    0.130323	    0.869677	2
3	2	5	290	    0.295566	    0.704434	2
4	1	4	291	   0.0561002	      0.9439	2
3	1	3	292	    0.415121	    0.584879	2
1	1	3	293	    0.955297	   0.0447028	1
3	3	2	294	    0.923721	   0.0762785	1
3	2	5	295	    0.295566	    0.704434	2
4	2	4	296	    0.142672	    0.857328	2
3	1	3	297	    0.415121	    0.584879	2
3	1	5	298	    0.130323	    0.869677	2
3	2	4	299	      0.4773	      0.5227	2
3	1	1	300	    0.770731	    0.229269	1
3	2	4	301	      0.4773	      0.5227	2
3	2	1	302	    0.903962	   0.0960376	1
1	2	3	303	    0.983562	   0.0164379	1
2	2	4	304	    0.833626	    0.166374	1
3	2	3	305	    0.665249	    0.334751	1
3	2	4	306	      0.4773	      0.5227	2
4	1	4	307	   0.0561002	      0.9439	2
2	2	2	308	    0.959566	   0.0404336	1
3	2	4	309	      0.4773	      0.5227	2
2	3	4	310	    0.933464	   0.0665363	1
3	2	5	311	    0.295566	    0.704434	2
3	2	5	312	    0.295566	    0.704434	2
3	2	2	313	    0.812206	    0.187794	1
4	1	5	314	   0.0265836	    0.973416	2
3	1	5	315	    0.130323	    0.869677	2
4	1	3	316	    0.114534	    0.885466	2
3	1	4	317	    0.245924	    0.754076	2
3	1	4	318	    0.245924	    0.754076	2
3	2	5	319	    0.295566	    0.704434	2
2	1	2	320	    0.894468	    0.105532	1
3	1	5	321	    0.130323	    0.869677	2
4	2	5	322	   0.0710342	    0.928966	2
4	1	3	323	    0.114534	    0.885466	2
3	2	3	324	    0.665249	    0.334751	1
4	1	1	325	    0.379901	    0.620099	2
4	2	5	326	   0.0710342	    0.928966	2
4	3	1	327	    0.827676	    0.172324	1
3	2	2	328	    0.812206	    0.187794	1
4	1	4	329	   0.0561002	      0.9439	2
4	3	4	330	    0.317851	    0.682149	2
4	1	1	331	    0.379901	    0.620099	2
3	1	1	332	    0.770731	    0.229269	1
4	2	4	333	    0.142672	    0.857328	2
3	3	1	334	    0.963444	   0.0365565	1
3	2	3	335	    0.665249	    0.334751	1
1	2	5	336	    0.926649	    0.073351	1
4	1	3	337	    0.114534	    0.885466	2
4	1	4	338	   0.0561002	      0.9439	2
4	1	5	339	   0.0265836	    0.973416	2
4	1	3	340	    0.114534	    0.885466	2
3	1	4	341	    0.245924	    0.754076	2
1	1	2	342	    0.978951	   0.0210491	1
4	3	5	343	    0.176346	    0.823654	2
4	1	3	344	    0.114534	    0.885466	2
1	2	2	345	    0.992379	  0.00762075	1
1	3	3	346	    0.994067	  0.00593343	1
4	1	3	347	    0.114534	    0.885466	2
4	1	5	348	   0.0265836	    0.973416	2
2	2	1	349	    0.981006	   0.0189939	1
2	3	1	350	    0.993133	  0.00686749	1
3	2	3	351	    0.665249	    0.334751	1
1	2	2	352	    0.992379	  0.00762075	1
4	2	2	353	     0.44078	     0.55922	2
2	1	2	354	    0.894468	    0.105532	1
1	1	1	355	    0.990217	  0.00978317	1
4	2	3	356	    0.265878	    0.734122	2
3	3	4	357	    0.718846	    0.281154	1
2	2	2	358	    0.959566	   0.0404336	1
3	1	2	359	     0.60702	     0.39298	1
1	2	4	360	    0.964904	   0.0350955	1
4	1	2	361	    0.219667	    0.780333	2
2	3	3	362	    0.968287	   0.0317133	1
3	3	3	363	    0.847662	    0.152338	1
4	2	5	364	   0.0710342	    0.928966	2
4	1	2	365	    0.219667	    0.780333	2
3	2	5	366	    0.295566	    0.704434	2
4	1	5	367	   0.0265836	    0.973416	2
4	1	2	368	    0.219667	    0.780333	2
2	3	5	369	    0.865706	    0.134294	1
2	3	2	370	    0.985174	   0.0148261	1
4	1	4	371	   0.0561002	      0.9439	2
4	3	4	372	    0.317851	    0.682149	2
1	2	2	373	    0.992379	  0.00762075	1
1	2	5	374	    0.926649	    0.073351	1
4	1	4	375	   0.0561002	      0.9439	2
3	2	5	376	    0.295566	    0.704434	2
1	2	3	377	    0.983562	   0.0164379	1
3	2	5	378	    0.295566	    0.704434	2
2	2	3	379	    0.915999	   0.0840012	1
3	2	1	380	    0.903962	   0.0960376	1
4	1	5	381	   0.0265836	    0.973416	2
4	1	5	382	   0.0265836	    0.973416	2
4	1	4	383	   0.0561002	      0.9439	2
1	2	1	384	    0.996484	  0.00351614	1
4	1	4	385	   0.0561002	      0.9439	2
2	1	3	386	    0.795691	    0.204309	1
2	3	2	387	    0.985174	   0.0148261	1
1	2	1	388	    0.996484	  0.00351614	1
3	1	5	389	    0.130323	    0.869677	2
2	2	1	390	    0.981006	   0.0189939	1
1	1	3	391	    0.955297	   0.0447028	1
4	2	5	392	   0.0710342	    0.928966	2
4	2	1	393	    0.631728	    0.368272	1
3	2	5	394	    0.295566	    0.704434	2
4	1	4	395	   0.0561002	      0.9439	2
3	1	5	396	    0.130323	    0.869677	2
1	2	4	397	    0.964904	   0.0350955	1
4	1	4	398	   0.0561002	      0.9439	2
2	1	3	399	    0.795691	    0.204309	1
1	3	2	400	    0.997265	  0.00273513	1
4	2	2	401	     0.44078	     0.55922	2
2	1	3	402	    0.795691	    0.204309	1
2	2	2	403	    0.959566	   0.0404336	1
3	2	3	404	    0.665249	    0.334751	1
4	2	5	405	   0.0710342	    0.928966	2
4	1	3	406	    0.114534	    0.885466	2
4	2	2	407	     0.44078	     0.55922	2
2	1	2	408	    0.894468	    0.105532	1
2	2	3	409	    0.915999	   0.0840012	1
2	2	5	410	    0.697181	    0.302819	1
4	2	1	411	    0.631728	    0.368272	1
2	1	3	412	    0.795691	    0.204309	1
4	1	5	413	   0.0265836	    0.973416	2
2	1	5	414	    0.451231	    0.548769	2
4	2	4	415	    0.142672	    0.857328	2
3	3	1	416	    0.963444	   0.0365565	1
4	3	1	417	    0.827676	    0.172324	1
2	3	1	418	    0.993133	  0.00686749	1
1	1	3	419	    0.955297	   0.0447028	1
4	1	2	420	    0.219667	    0.780333	2
3	2	4	421	      0.4773	      0.5227	2
2	1	4	422	    0.641513	    0.358487	1
1	3	2	423	    0.997265	  0.00273513	1
1	2	3	424	    0.983562	   0.0164379	1
1	3	1	425	    0.998741	  0.00125863	1
4	3	2	426	    0.688177	    0.311823	1
2	1	4	427	    0.641513	    0.358487	1
4	1	3	428	    0.114534	    0.885466	2
4	1	2	429	    0.219667	    0.780333	2
3	1	3	430	    0.415121	    0.584879	2
3	3	2	431	    0.923721	   0.0762785	1
4	1	4	432	   0.0561002	      0.9439	2
3	1	3	433	    0.415121	    0.584879	2
4	1	2	434	    0.219667	    0.780333	2
2	1	2	435	    0.894468	    0.105532	1
4	2	5	436	   0.0710342	    0.928966	2
4	1	4	437	   0.0561002	      0.9439	2
4	2	4	438	    0.142672	    0.857328	2
4	1	5	439	   0.0265836	    0.973416	2
4	1	3	440	    0.114534	    0.885466	2
1	2	3	441	    0.983562	   0.0164379	1
4	1	4	442	   0.0561002	      0.9439	2
4	1	1	443	    0.379901	    0.620099	2
4	1	3	444	    0.114534	    0.885466	2
2	2	4	445	    0.833626	    0.166374	1
2	2	2	446	    0.959566	   0.0404336	1
3	3	1	447	    0.963444	   0.0365565	1
3	1	4	448	    0.245924	    0.754076	2
3	1	5	449	    0.130323	    0.869677	2
2	1	1	450	    0.948576	   0.0514243	1
4	2	1	451	    0.631728	    0.368272	1
4	1	4	452	   0.0561002	      0.9439	2
4	1	3	453	    0.114534	    0.885466	2
2	2	3	454	    0.915999	   0.0840012	1
2	2	5	455	    0.697181	    0.302819	1
4	1	5	456	   0.0265836	    0.973416	2
3	1	5	457	    0.130323	    0.869677	2
4	1	3	458	    0.114534	    0.885466	2
1	2	3	459	    0.983562	   0.0164379	1
4	1	3	460	    0.114534	    0.885466	2
1	1	1	461	    0.990217	  0.00978317	1
4	2	4	462	    0.142672	    0.857328	2
4	2	4	463	    0.142672	    0.857328	2
3	1	5	464	    0.130323	    0.869677	2
1	2	1	465	    0.996484	  0.00351614	1
4	1	4	466	   0.0561002	      0.9439	2
2	1	5	467	    0.451231	    0.548769	2
2	2	2	468	    0.959566	   0.0404336	1
1	2	4	469	    0.964904	   0.0350955	1
1	2	5	470	    0.926649	    0.073351	1
3	3	2	471	    0.923721	   0.0762785	1
4	1	4	472	   0.0561002	      0.9439	2
3	2	4	473	      0.4773	      0.5227	2
3	2	2	474	    0.812206	    0.187794	1
3	3	2	475	    0.923721	   0.0762785	1
4	1	5	476	   0.0265836	    0.973416	2
4	2	4	477	    0.142672	    0.857328	2
4	2	5	478	   0.0710342	    0.928966	2
4	2	5	479	   0.0710342	    0.928966	2
2	2	2	480	    0.959566	   0.0404336	1
4	2	3	481	    0.265878	    0.734122	2
4	2	5	482	   0.0710342	    0.928966	2
3	2	4	483	      0.4773	      0.5227	2
4	2	4	484	    0.142672	    0.857328	2
4	1	5	485	   0.0265836	    0.973416	2
3	1	2	486	     0.60702	     0.39298	1
2	2	4	487	    0.833626	    0.166374	1
3	1	2	488	     0.60702	     0.39298	1
2	2	1	489	    0.981006	   0.0189939	1
1	2	1	490	    0.996484	  0.00351614	1
1	1	4	491	    0.907572	   0.0924276	1
1	2	2	492	    0.992379	  0.00762075	1
4	1	5	493	   0.0265836	    0.973416	2
1	1	3	494	    0.955297	   0.0447028	1
3	2	5	495	    0.295566	    0.704434	2
4	1	5	496	   0.0265836	    0.973416	2
1	1	3	497	    0.955297	   0.0447028	1
4	1	4	498	   0.0561002	      0.9439	2
4	2	2	499	     0.44078	     0.55922	2
3	2	2	500	    0.812206	    0.187794	1
3	1	4	501	    0.245924	    0.754076	2
3	2	4	502	      0.4773	      0.5227	2
1	1	3	503	    0.955297	   0.0447028	1
1	1	4	504	    0.907572	   0.0924276	1
3	1	5	505	    0.130323	    0.869677	2
3	2	5	506	    0.295566	    0.704434	2
4	1	4	507	   0.0561002	      0.9439	2
3	3	3	508	    0.847662	    0.152338	1
2	3	4	509	    0.933464	   0.0665363	1
4	2	5	510	   0.0710342	    0.928966	2
3	2	5	511	    0.295566	    0.704434	2
4	2	2	512	     0.44078	     0.55922	2
1	2	4	513	    0.964904	   0.0350955	1
4	1	4	514	   0.0561002	      0.9439	2
3	2	4	515	      0.4773	      0.5227	2
2	2	5	516	    0.697181	    0.302819	1
4	1	5	517	   0.0265836	    0.973416	2
1	1	5	518	    0.818573	    0.181427	1
4	1	2	519	    0.219667	    0.780333	2
3	3	4	520	    0.718846	    0.281154	1
4	2	5	521	   0.0710342	    0.928966	2
4	1	3	522	    0.114534	    0.885466	2
2	2	5	523	    0.697181	    0.302819	1
3	1	5	524	    0.130323	    0.869677	2
3	2	4	525	      0.4773	      0.5227	2
4	2	3	526	    0.265878	    0.734122	2
2	1	1	527	    0.948576	   0.0514243	1
1	2	3	528	    0.983562	   0.0164379	1
4	1	5	529	   0.0265836	    0.973416	2
1	2	2	530	    0.992379	  0.00762075	1
4	3	2	531	    0.688177	    0.311823	1
3	1	2	532	     0.60702	     0.39298	1
3	2	4	533	      0.4773	      0.5227	2
1	2	2	534	    0.992379	  0.00762075	1
4	2	3	535	    0.265878	    0.734122	2
3	2	5	536	    0.295566	    0.704434	2
3	3	3	537	    0.847662	    0.152338	1
4	1	5	538	   0.0265836	    0.973416	2
2	1	3	539	    0.795691	    0.204309	1
4	2	5	540	   0.0710342	    0.928966	2
4	2	4	541	    0.142672	    0.857328	2
2	2	3	542	    0.915999	   0.0840012	1
4	1	4	543	   0.0561002	      0.9439	2
4	2	5	544	   0.0710342	    0.928966	2
2	2	5	545	    0.697181	    0.302819	1
3	2	2	546	    0.812206	    0.187794	1
1	2	3	547	    0.983562	   0.0164379	1
4	1	2	548	    0.219667	    0.780333	2
4	3	3	549	    0.503493	    0.496507	1
3	2	2	550	    0.812206	    0.187794	1
2	2	4	551	    0.833626	    0.166374	1
1	2	2	552	    0.992379	  0.00762075	1
4	1	4	553	   0.0561002	      0.9439	2
1	2	4	554	    0.964904	   0.0350955	1
3	2	2	555	    0.812206	    0.187794	1
3	3	2	556	    0.923721	   0.0762785	1
2	3	1	557	    0.993133	  0.00686749	1
3	2	4	558	      0.4773	      0.5227	2
4	1	5	559	   0.0265836	    0.973416	2
3	2	3	560	    0.665249	    0.334751	1
2	1	4	561	    0.641513	    0.358487	1
2	1	3	562	    0.795691	    0.204309	1
3	3	1	563	    0.963444	   0.0365565	1
3	2	4	564	      0.4773	      0.5227	2
4	2	5	565	   0.0710342	    0.928966	2
4	2	5	566	   0.0710342	    0.928966	2
4	1	5	567	   0.0265836	    0.973416	2
4	1	4	568	   0.0561002	      0.9439	2
1	1	2	569	    0.978951	   0.0210491	1
4	2	5	570	   0.0710342	    0.928966	2
1	2	2	571	    0.992379	  0.00762075	1
3	3	1	572	    0.963444	   0.0365565	1
4	2	4	573	    0.142672	    0.857328	2
4	2	3	574	    0.265878	    0.734122	2
4	1	4	575	   0.0561002	      0.9439	2
4	2	4	576	    0.142672	    0.857328	2
4	1	3	577	    0.114534	    0.885466	2
4	1	4	578	   0.0561002	      0.9439	2
4	1	4	579	   0.0561002	      0.9439	2
3	1	5	580	    0.130323	    0.869677	2
4	1	4	581	   0.0561002	      0.9439	2
1	2	3	582	    0.983562	   0.0164379	1
4	2	5	583	   0.0710342	    0.928966	2
4	1	5	584	   0.0265836	    0.973416	2
2	1	2	585	    0.894468	    0.105532	1
3	2	3	586	    0.665249	    0.334751	1
3	3	3	587	    0.847662	    0.152338	1
3	1	3	588	    0.415121	    0.584879	2
1	1	1	589	    0.990217	  0.00978317	1
1	2	5	590	    0.926649	    0.073351	1
2	1	4	591	    0.641513	    0.358487	1
3	2	2	592	    0.812206	    0.187794	1
2	1	1	593	    0.948576	   0.0514243	1
1	2	4	594	    0.964904	   0.0350955	1
3	1	5	595	    0.130323	    0.869677	2
4	2	4	596	    0.142672	    0.857328	2
4	1	5	597	   0.0265836	    0.973416	2
3	3	3	598	    0.847662	    0.152338	1
4	1	5	599	   0.0265836	    0.973416	2
4	1	3	600	    0.114534	    0.885466	2
2	1	1	601	    0.948576	   0.0514243	1
4	1	3	602	    0.114534	    0.885466	2
4	3	3	603	    0.503493	    0.496507	1
4	1	5	604	   0.0265836	    0.973416	2
4	2	5	605	   0.0710342	    0.928966	2
3	1	5	606	    0.130323	    0.869677	2
4	2	5	607	   0.0710342	    0.928966	2
3	1	4	608	    0.245924	    0.754076	2
3	1	1	609	    0.770731	    0.229269	1
2	3	4	610	    0.933464	   0.0665363	1
4	1	2	611	    0.219667	    0.780333	2
2	2	5	612	    0.697181	    0.302819	1
2	1	5	613	    0.451231	    0.548769	2
1	1	3	614	    0.955297	   0.0447028	1
3	1	4	615	    0.245924	    0.754076	2
4	1	3	616	    0.114534	    0.885466	2
4	1	3	617	    0.114534	    0.885466	2
4	2	2	618	     0.44078	     0.55922	2
1	1	3	619	    0.955297	   0.0447028	1
4	1	4	620	   0.0561002	      0.9439	2
4	1	3	621	    0.114534	    0.885466	2
2	2	4	622	    0.833626	    0.166374	1
2	2	3	623	    0.915999	   0.0840012	1
2	1	3	624	    0.795691	    0.204309	1
3	1	5	625	    0.130323	    0.869677	2
3	1	2	626	     0.60702	     0.39298	1
4	2	2	627	     0.44078	     0.55922	2
3	1	2	628	     0.60702	     0.39298	1
3	1	2	629	     0.60702	     0.39298	1
2	2	1	630	    0.981006	   0.0189939	1
3	1	5	631	    0.130323	    0.869677	2
4	2	4	632	    0.142672	    0.857328	2
3	2	4	633	      0.4773	      0.5227	2
4	1	5	634	   0.0265836	    0.973416	2
2	2	5	635	    0.697181	    0.302819	1
4	1	3	636	    0.114534	    0.885466	2
3	2	5	637	    0.295566	    0.704434	2
4	1	3	638	    0.114534	    0.885466	2
4	3	4	639	    0.317851	    0.682149	2
3	3	5	640	     0.54019	     0.45981	1
1	2	4	641	    0.964904	   0.0350955	1
4	1	2	642	    0.219667	    0.780333	2
1	3	1	643	    0.998741	  0.00125863	1
3	1	5	644	    0.130323	    0.869677	2
4	1	5	645	   0.0265836	    0.973416	2
4	2	4	646	    0.142672	    0.857328	2
3	2	4	647	      0.4773	      0.5227	2
4	1	4	648	   0.0561002	      0.9439	2
4	2	2	649	     0.44078	     0.55922	2
4	1	5	650	   0.0265836	    0.973416	2
3	2	4	651	      0.4773	      0.5227	2
2	2	2	652	    0.959566	   0.0404336	1
3	2	2	653	    0.812206	    0.187794	1
3	3	5	654	     0.54019	     0.45981	1
2	2	3	655	    0.915999	   0.0840012	1
4	3	4	656	    0.317851	    0.682149	2
4	1	2	657	    0.219667	    0.780333	2
2	1	1	658	    0.948576	   0.0514243	1
3	3	4	659	    0.718846	    0.281154	1
4	1	3	660	    0.114534	    0.885466	2
4	1	4	661	   0.0561002	      0.9439	2
1	1	2	662	    0.978951	   0.0210491	1
4	2	4	663	    0.142672	    0.857328	2
1	2	4	664	    0.964904	   0.0350955	1
1	1	3	665	    0.955297	   0.0447028	1
4	1	5	666	   0.0265836	    0.973416	2
2	3	4	667	    0.933464	   0.0665363	1
3	2	5	668	    0.295566	    0.704434	2
3	2	1	669	    0.903962	   0.0960376	1
1	2	2	670	    0.992379	  0.00762075	1
4	2	3	671	    0.265878	    0.734122	2
2	2	2	672	    0.959566	   0.0404336	1
3	1	4	673	    0.245924	    0.754076	2
2	3	3	674	    0.968287	   0.0317133	1
3	1	2	675	     0.60702	     0.39298	1
3	1	2	676	     0.60702	     0.39298	1
3	2	3	677	    0.665249	    0.334751	1
2	1	2	678	    0.894468	    0.105532	1
1	1	3	679	    0.955297	   0.0447028	1
2	2	1	680	    0.981006	   0.0189939	1
3	2	5	681	    0.295566	    0.704434	2
3	2	3	682	    0.665249	    0.334751	1
4	1	5	683	   0.0265836	    0.973416	2
4	1	3	684	    0.114534	    0.885466	2
4	1	5	685	   0.0265836	    0.973416	2
2	2	2	686	    0.959566	   0.0404336	1
1	2	1	687	    0.996484	  0.00351614	1
3	1	3	688	    0.415121	    0.584879	2
4	2	3	689	    0.265878	    0.734122	2
4	1	4	690	   0.0561002	      0.9439	2
2	3	4	691	    0.933464	   0.0665363	1
4	1	5	692	   0.0265836	    0.973416	2
4	2	4	693	    0.142672	    0.857328	2
4	1	3	694	    0.114534	    0.885466	2
3	1	4	695	    0.245924	    0.754076	2
4	2	4	696	    0.142672	    0.857328	2
3	2	3	697	    0.665249	    0.334751	1
4	3	1	698	    0.827676	    0.172324	1
4	1	3	699	    0.114534	    0.885466	2
2	2	3	700	    0.915999	   0.0840012	1
