g	y	o	k	id	GClass#1	GClass#2	GClass#	Cluster#1	Cluster#2	Cluster#	joint2_1_1	joint2_1_2	joint2_2_1	joint2_2_2
1	0.884228814325693	4	0	1	   0.0618463	    0.938154	2	   0.0129028	    0.987097	2	   0.0749114	    0.925089	  0.00881499	    0.991185
1	-1.99492151175704	4	1	2	   0.0618463	    0.938154	2	 0.000160758	    0.999839	2	 0.000974475	    0.999026	 0.000107115	    0.999893
1	2.21098752710499	3	4	3	   0.0618463	    0.938154	2	    0.880205	    0.119795	1	    0.984322	   0.0156781	    0.873341	    0.126659
1	0.519774952716547	3	2	4	   0.0618463	    0.938154	2	    0.120162	    0.879838	2	    0.490811	    0.509189	   0.0957276	    0.904272
1	0.0245841653367624	1	0	5	   0.0618463	    0.938154	2	   0.0961562	    0.903844	2	    0.423274	    0.576726	   0.0745914	    0.925409
1	0.45915441835271	3	1	6	   0.0618463	    0.938154	2	   0.0504877	    0.949512	2	      0.2581	      0.7419	   0.0368012	    0.963199
2	0.150967701478692	4	2	7	   0.0499441	    0.950056	2	   0.0232624	    0.976738	2	    0.137755	    0.862245	   0.0172436	    0.982756
2	0.197675885581809	4	1	8	   0.0499441	    0.950056	2	    0.010323	    0.989677	2	   0.0642712	    0.935729	  0.00748695	    0.992513
2	0.93405218938479	3	0	9	   0.0499441	    0.950056	2	   0.0403007	    0.959699	2	    0.223623	    0.776377	   0.0306635	    0.969337
2	0.694216200774497	4	1	10	   0.0499441	    0.950056	2	   0.0222632	    0.977737	2	    0.132347	    0.867653	   0.0164762	    0.983524
2	2.43739685297269	4	2	11	   0.0499441	    0.950056	2	    0.324181	    0.675819	2	    0.795551	    0.204449	    0.299402	    0.700598
2	-0.00456952508849689	3	5	12	   0.0499441	    0.950056	2	     0.43699	     0.56301	2	    0.865679	    0.134321	    0.414454	    0.585546
3	2.60625704597255	1	1	13	    0.899778	    0.100222	1	    0.974772	   0.0252282	1	    0.985291	   0.0147093	    0.880334	    0.119666
3	0.567249061436328	1	4	14	    0.899778	    0.100222	1	    0.976324	   0.0236756	1	    0.986241	   0.0137587	    0.887292	    0.112708
3	-1.16816801629173	3	9	15	    0.899778	    0.100222	1	    0.946891	   0.0531091	1	    0.967233	   0.0327665	    0.764258	    0.235742
3	-1.47882210989088	4	1	16	    0.899778	    0.100222	1	  0.00268447	    0.997316	2	  0.00294733	    0.997053	 0.000324544	    0.999675
3	-1.33354396977728	3	3	17	    0.899778	    0.100222	1	   0.0701532	    0.929847	2	   0.0769566	    0.923043	  0.00907336	    0.990927
3	0.995540967712346	2	5	18	    0.899778	    0.100222	1	    0.983492	   0.0165081	1	    0.990553	  0.00944706	    0.920099	   0.0799007
4	0.12150072251568	4	1	19	    0.864528	    0.135472	1	    0.050171	    0.949829	2	   0.0569994	    0.943001	  0.00659459	    0.993405
4	1.72784070033384	2	5	20	    0.864528	    0.135472	1	    0.992856	   0.0071438	1	     0.99654	  0.00346048	    0.969351	   0.0306493
4	2.59254298721714	4	4	21	    0.864528	    0.135472	1	    0.939114	   0.0608856	1	    0.966853	   0.0331472	    0.762099	    0.237901
4	0.956664872919793	1	1	22	    0.864528	    0.135472	1	    0.834306	    0.165694	1	    0.890938	    0.109062	    0.472901	    0.527099
4	1.09423450164278	3	6	23	    0.864528	    0.135472	1	    0.978554	   0.0214463	1	    0.989274	   0.0107265	    0.910144	    0.089856
4	-0.359068891285344	4	3	24	    0.864528	    0.135472	1	    0.124961	    0.875039	2	     0.14175	     0.85825	   0.0178159	    0.982184
5	1.49638872389588	1	3	25	    0.927455	   0.0725455	1	    0.986196	   0.0138036	1	    0.991056	  0.00894389	    0.924067	   0.0759327
5	3.2241076137184	2	6	26	    0.927455	   0.0725455	1	     0.99958	 0.000420252	1	    0.999735	 0.000264877	    0.997593	  0.00240663
5	0.957187909109279	4	0	27	    0.927455	   0.0725455	1	   0.0775021	    0.922498	2	   0.0827964	    0.917204	  0.00981667	    0.990183
5	0.397700017455708	1	4	28	    0.927455	   0.0725455	1	    0.972983	   0.0270169	1	    0.982037	   0.0179627	     0.85723	     0.14277
5	2.00314924748912	1	3	29	    0.927455	   0.0725455	1	     0.99267	  0.00733035	1	    0.995313	  0.00468744	    0.958881	   0.0411186
5	0.289221309584	4	1	30	    0.927455	   0.0725455	1	   0.0692814	    0.930719	2	   0.0740199	     0.92598	  0.00870269	    0.991297
6	1.52147991098603	4	0	31	    0.174785	    0.825215	2	   0.0468733	    0.953127	2	    0.166687	    0.833313	   0.0214961	    0.978504
6	0.111801236980148	4	0	32	    0.174785	    0.825215	2	  0.00617377	    0.993826	2	   0.0230953	    0.976905	   0.0025897	     0.99741
6	1.81100530224772	1	6	33	    0.174785	    0.825215	2	    0.997119	  0.00288065	1	    0.999624	 0.000375777	    0.996589	   0.0034112
6	2.55044557612047	1	1	34	    0.174785	    0.825215	2	    0.893171	    0.106829	1	    0.984393	    0.015607	     0.87385	     0.12615
6	0.776636493005115	4	1	35	    0.174785	    0.825215	2	   0.0411875	    0.958812	2	    0.147562	    0.852438	   0.0186568	    0.981343
6	-1.01607906551764	4	2	36	    0.174785	    0.825215	2	  0.00497588	    0.995024	2	   0.0186402	     0.98136	  0.00208171	    0.997918
7	0.799916947277873	3	1	37	    0.183066	    0.816934	2	    0.117983	    0.882017	2	    0.371954	    0.628046	   0.0610708	    0.938929
7	0.577847028372575	1	6	38	    0.183066	    0.816934	2	    0.983785	   0.0162154	1	    0.997836	  0.00216398	    0.980636	   0.0193642
7	-1.10768109289549	3	0	39	    0.183066	    0.816934	2	  0.00224267	    0.997757	2	   0.0082015	    0.991799	 0.000907357	    0.999093
7	-1.54184385111207	2	2	40	    0.183066	    0.816934	2	   0.0184715	    0.981528	2	   0.0663446	    0.933655	  0.00774365	    0.992256
7	0.277937764074061	2	5	41	    0.183066	    0.816934	2	    0.823206	    0.176794	1	    0.971625	   0.0283749	    0.789946	    0.210054
7	-0.412424611407631	3	0	42	    0.183066	    0.816934	2	  0.00830642	    0.991694	2	   0.0301763	    0.969824	  0.00340561	    0.996594
8	0.551917467449377	4	0	43	   0.0100909	    0.989909	2	  0.00571771	    0.994282	2	   0.0463041	    0.953696	  0.00530399	    0.994696
8	0.820405860885761	4	3	44	   0.0100909	    0.989909	2	    0.118193	    0.881807	2	    0.539259	    0.460741	    0.113901	    0.886099
8	-0.201188824497427	4	1	45	   0.0100909	    0.989909	2	  0.00408682	    0.995913	2	   0.0334586	    0.966541	  0.00378741	    0.996213
8	-0.138432054596822	4	0	46	   0.0100909	    0.989909	2	   0.0018209	    0.998179	2	   0.0151372	    0.984863	  0.00168516	    0.998315
8	0.056573971437138	4	4	47	   0.0100909	    0.989909	2	   0.0902379	    0.909762	2	     0.46281	     0.53719	     0.08644	     0.91356
8	-0.451531157843919	3	3	48	   0.0100909	    0.989909	2	    0.050888	    0.949112	2	     0.31554	     0.68446	   0.0481902	     0.95181
9	2.04225352577922	1	4	49	    0.457706	    0.542294	2	    0.990509	  0.00949109	1	    0.998218	  0.00178231	    0.984003	   0.0159974
9	0.215811477860823	2	1	50	    0.457706	    0.542294	2	     0.24178	     0.75822	2	    0.435647	    0.564353	    0.078153	    0.921847
9	0.389969873695704	2	7	51	    0.457706	    0.542294	2	     0.97991	   0.0200905	1	    0.996171	  0.00382905	    0.966185	   0.0338154
9	0.183695466000386	2	1	52	    0.457706	    0.542294	2	    0.233728	    0.766272	2	    0.422526	    0.577474	     0.07438	     0.92562
9	-1.80050128671788	3	2	53	    0.457706	    0.542294	2	  0.00634218	    0.993658	2	   0.0122455	    0.987755	  0.00135969	     0.99864
9	0.495275379268274	2	1	54	    0.457706	    0.542294	2	    0.315202	    0.684798	2	     0.54896	     0.45104	    0.117908	    0.882092
10	2.23614432770653	2	4	55	    0.935061	   0.0649391	1	    0.992984	  0.00701579	1	    0.995338	   0.0046622	    0.959095	   0.0409052
10	0.884172664981165	1	5	56	    0.935061	   0.0649391	1	    0.994871	  0.00512932	1	    0.996604	  0.00339574	    0.969909	   0.0300912
10	-0.476377961355718	4	2	57	    0.935061	   0.0649391	1	   0.0474692	    0.952531	2	   0.0503637	    0.949636	  0.00579083	    0.994209
10	1.36313022150942	2	8	58	    0.935061	   0.0649391	1	    0.999459	 0.000541059	1	    0.999645	 0.000354872	    0.996778	  0.00322197
10	-0.0606795217150726	4	2	59	    0.935061	   0.0649391	1	   0.0944627	    0.905537	2	    0.100184	    0.899816	   0.0120801	     0.98792
10	1.70259692321237	1	3	60	    0.935061	   0.0649391	1	    0.989792	   0.0102076	1	    0.993174	  0.00682623	    0.941103	   0.0588966
11	0.628045309624681	4	0	61	   0.0787945	    0.921206	2	  0.00959112	    0.990409	2	   0.0518818	    0.948118	  0.00597383	    0.994026
11	-0.451491974770985	3	2	62	   0.0787945	    0.921206	2	   0.0303846	    0.969615	2	    0.154906	    0.845094	   0.0197338	    0.980266
11	-0.973152522690578	3	2	63	   0.0787945	    0.921206	2	    0.011886	    0.988114	2	   0.0638805	    0.936119	  0.00743871	    0.992561
11	3.51856183821793	2	3	64	   0.0787945	    0.921206	2	    0.973249	   0.0267514	1	    0.996758	  0.00324183	    0.971238	   0.0287623
11	0.710116984907959	3	0	65	   0.0787945	    0.921206	2	   0.0337237	    0.966276	2	    0.170286	    0.829714	   0.0220431	    0.977957
11	1.31489463559913	3	2	66	   0.0787945	    0.921206	2	    0.296676	    0.703324	2	    0.759123	    0.240877	    0.257121	    0.742879
12	1.83655010692679	2	8	67	     0.98294	   0.0170601	1	    0.999784	 0.000216165	1	     0.99981	 0.000189945	    0.998273	  0.00172686
12	4.33706743358375	3	2	68	     0.98294	   0.0170601	1	    0.983742	   0.0162576	1	    0.985509	   0.0144905	    0.881927	    0.118073
12	3.14723638627671	4	5	69	     0.98294	   0.0170601	1	    0.991257	   0.0087426	1	    0.992257	  0.00774295	    0.933661	   0.0663389
12	2.60373826581525	3	3	70	     0.98294	   0.0170601	1	    0.972031	    0.027969	1	    0.974847	   0.0251526	    0.809761	    0.190239
12	-1.44831245734426	1	2	71	     0.98294	   0.0170601	1	     0.21868	     0.78132	2	    0.221949	    0.778051	   0.0303774	    0.969623
12	2.21348647448933	4	3	72	     0.98294	   0.0170601	1	    0.876146	    0.123854	1	    0.883467	    0.116533	    0.454332	    0.545668
13	-0.954839189326782	3	1	73	    0.696786	    0.303214	1	   0.0199917	    0.980008	2	   0.0273515	    0.972649	  0.00307885	    0.996921
13	1.37976111382789	2	1	74	    0.696786	    0.303214	1	    0.671366	    0.328634	1	    0.819035	    0.180965	    0.332024	    0.667976
13	-0.339960156682001	3	0	75	    0.696786	    0.303214	1	   0.0250505	     0.97495	2	   0.0342625	    0.965737	  0.00388127	    0.996119
13	0.136217915690592	4	6	76	    0.696786	    0.303214	1	    0.723776	    0.276224	1	    0.861828	    0.138172	    0.406535	    0.593465
13	0.13974526231728	2	6	77	    0.696786	    0.303214	1	    0.954349	   0.0456507	1	    0.985595	   0.0144054	    0.882547	    0.117453
13	0.909229994761426	3	6	78	    0.696786	    0.303214	1	    0.955447	   0.0445531	1	    0.985971	   0.0140291	    0.885303	    0.114697
14	-1.07908298815047	4	3	79	   0.0232642	    0.976736	2	  0.00544519	    0.994555	2	   0.0404716	    0.959528	  0.00461092	    0.995389
14	-1.56951846300788	4	1	80	   0.0232642	    0.976736	2	 0.000318868	    0.999681	2	  0.00243843	    0.997562	 0.000268384	    0.999732
14	0.565644060044401	4	1	81	   0.0232642	    0.976736	2	   0.0157869	    0.984213	2	    0.110949	    0.889051	   0.0135203	     0.98648
14	-3.20058407304448	2	1	82	   0.0232642	    0.976736	2	 8.04912e-05	     0.99992	2	  0.00061635	    0.999384	  6.7728e-05	    0.999932
14	3.4509032104213	2	5	83	   0.0232642	    0.976736	2	    0.995167	  0.00483263	1	    0.999456	 0.000544354	    0.995065	  0.00493477
14	-0.526928903388755	4	3	84	   0.0232642	    0.976736	2	   0.0153863	    0.984614	2	    0.108364	    0.891636	   0.0131717	    0.986828
15	0.503113537671596	3	5	85	    0.479721	    0.520279	2	    0.772852	    0.227148	1	    0.937251	   0.0627494	    0.621269	    0.378731
15	4.42192113580471	3	2	86	    0.479721	    0.520279	2	    0.934817	   0.0651828	1	    0.986255	   0.0137454	    0.887389	    0.112611
15	-0.496654293421769	4	0	87	    0.479721	    0.520279	2	  0.00430454	    0.995695	2	  0.00801186	    0.991988	 0.000886226	    0.999114
15	0.453321364421846	2	4	88	    0.479721	    0.520279	2	    0.800822	    0.199178	1	    0.947669	   0.0523311	    0.665422	    0.334578
15	0.650235292130292	3	1	89	    0.479721	    0.520279	2	    0.179051	    0.820949	2	    0.319953	    0.680047	   0.0491325	    0.950867
15	-2.1359164332608	2	1	90	    0.479721	    0.520279	2	  0.00414069	    0.995859	2	   0.0077071	    0.992293	 0.000852283	    0.999148
16	2.37035093618468	1	2	91	    0.980709	   0.0192914	1	    0.991249	  0.00875132	1	    0.992364	  0.00763556	    0.934527	   0.0654725
16	2.31829306487745	4	5	92	    0.980709	   0.0192914	1	    0.979435	    0.020565	1	    0.981863	   0.0181373	     0.85602	     0.14398
16	1.89208227772493	2	1	93	    0.980709	   0.0192914	1	    0.890783	    0.109217	1	    0.898603	    0.101397	    0.493233	    0.506767
16	2.79852711849902	2	4	94	    0.980709	   0.0192914	1	    0.997087	    0.002913	1	    0.997473	  0.00252681	    0.977454	   0.0225457
16	-0.574183132904519	2	0	95	    0.980709	   0.0192914	1	   0.0696835	    0.930317	2	   0.0708908	    0.929109	  0.00831001	     0.99169
16	1.85712751962519	3	4	96	    0.980709	   0.0192914	1	    0.973065	   0.0269347	1	    0.976119	   0.0238809	    0.817819	    0.182181
17	0.570330910947342	4	0	97	    0.929415	    0.070585	1	   0.0446296	     0.95537	2	   0.0476044	    0.952396	  0.00545953	     0.99454
17	-0.0329802605133224	4	4	98	    0.929415	    0.070585	1	    0.400232	    0.599768	2	    0.424928	    0.575072	     0.07506	     0.92494
17	1.38065689505878	2	7	99	    0.929415	    0.070585	1	    0.998635	  0.00136514	1	    0.999129	 0.000870841	    0.992126	  0.00787374
17	0.774728429803231	2	3	100	    0.929415	    0.070585	1	    0.897402	    0.102598	1	    0.922521	   0.0774791	     0.56666	     0.43334
17	0.745209910781902	1	4	101	    0.929415	    0.070585	1	    0.984069	   0.0159309	1	    0.989532	   0.0104681	    0.912139	    0.087861
17	2.07308948004332	1	4	102	    0.929415	    0.070585	1	    0.997315	  0.00268464	1	    0.998283	   0.0017173	    0.984578	    0.015422
18	3.13024599717707	2	4	103	    0.969084	    0.030916	1	    0.997724	  0.00227552	1	    0.998174	  0.00182555	     0.98362	     0.01638
18	1.2407911003177	1	1	104	    0.969084	    0.030916	1	    0.914082	   0.0859176	1	    0.924902	   0.0750981	    0.574939	    0.425061
18	1.81378346998847	2	3	105	    0.969084	    0.030916	1	    0.976595	   0.0234045	1	    0.980697	   0.0193027	     0.84802	     0.15198
18	0.128614148700027	3	4	106	    0.969084	    0.030916	1	    0.747199	    0.252801	1	    0.762713	    0.237287	    0.260908	    0.739092
18	1.66482682511559	3	1	107	    0.969084	    0.030916	1	     0.65251	     0.34749	1	    0.667562	    0.332438	    0.180689	    0.819311
18	1.38383342852302	3	3	108	    0.969084	    0.030916	1	    0.884501	    0.115499	1	    0.897113	    0.102887	    0.489174	    0.510826
19	0.763401649828824	1	0	109	     0.96925	   0.0307505	1	     0.69303	     0.30697	1	    0.708337	    0.291663	    0.210562	    0.789438
19	3.02910702816209	3	3	110	     0.96925	   0.0307505	1	    0.979989	   0.0200113	1	    0.983547	   0.0164526	     0.86782	     0.13218
19	-1.05473007496368	4	3	111	     0.96925	   0.0307505	1	   0.0412335	    0.958766	2	   0.0423882	    0.957612	  0.00483785	    0.995162
19	0.892643177755151	2	5	112	     0.96925	   0.0307505	1	    0.986525	   0.0134746	1	    0.989012	   0.0109876	    0.908135	   0.0918649
19	2.4438575738939	1	8	113	     0.96925	   0.0307505	1	    0.999965	 3.49604e-05	1	    0.999972	 2.79867e-05	    0.999745	 0.000254771
19	0.206247276192317	3	9	114	     0.96925	   0.0307505	1	    0.996636	  0.00336448	1	    0.997294	  0.00270623	    0.975888	   0.0241123
20	-0.846499201670456	4	0	115	   0.0450989	    0.954901	2	 0.000625604	    0.999374	2	  0.00416067	    0.995839	 0.000458647	    0.999541
20	2.10329901336314	2	4	116	   0.0450989	    0.954901	2	    0.954384	   0.0456157	1	    0.994551	  0.00544855	    0.952487	   0.0475127
20	0.558017983554153	4	2	117	   0.0450989	    0.954901	2	   0.0421283	    0.957872	2	    0.236716	    0.763284	   0.0329381	    0.967062
20	-1.37890622565419	4	1	118	   0.0450989	    0.954901	2	 0.000544541	    0.999455	2	  0.00362277	    0.996377	 0.000399159	    0.999601
20	0.967830406901254	4	0	119	   0.0450989	    0.954901	2	   0.0133094	    0.986691	2	   0.0839994	    0.916001	  0.00997083	    0.990029
20	1.25423311749944	3	1	120	   0.0450989	    0.954901	2	    0.131298	    0.868702	2	    0.535109	    0.464891	    0.112227	    0.887773
21	0.519072823302074	4	1	121	    0.846526	    0.153474	1	    0.089869	    0.910131	2	    0.103883	    0.896117	   0.0125715	    0.987428
21	1.91205376374787	2	7	122	    0.846526	    0.153474	1	    0.999027	 0.000972949	1	    0.999565	 0.000434535	    0.996057	  0.00394271
21	1.40436086258559	2	2	123	    0.846526	    0.153474	1	    0.866805	    0.133195	1	    0.921719	   0.0782815	    0.563915	    0.436085
21	2.95802349763311	2	1	124	    0.846526	    0.153474	1	    0.935327	   0.0646726	1	    0.966794	   0.0332061	    0.761766	    0.238234
21	1.04684817801853	3	1	125	    0.846526	    0.153474	1	    0.403427	    0.596573	2	    0.461001	    0.538999	   0.0858669	    0.914133
21	1.9057895051787	4	3	126	    0.846526	    0.153474	1	    0.766643	    0.233357	1	     0.83949	     0.16051	    0.364838	    0.635162
22	0.58151532981599	4	3	127	    0.295858	    0.704142	2	     0.18984	     0.81016	2	    0.447351	    0.552649	    0.081642	    0.918358
22	-0.625221974258475	3	3	128	    0.295858	    0.704142	2	   0.0990517	    0.900948	2	    0.250519	    0.749481	     0.03541	     0.96459
22	-0.879905062699369	3	2	129	    0.295858	    0.704142	2	   0.0286495	     0.97135	2	   0.0756377	    0.924362	  0.00890663	    0.991093
22	1.09630960320357	1	5	130	    0.295858	    0.704142	2	    0.983632	   0.0163682	1	    0.997513	  0.00248733	      0.9778	   0.0222005
22	2.40025091248742	1	3	131	    0.295858	    0.704142	2	    0.980661	   0.0193394	1	    0.997051	  0.00294914	    0.973774	   0.0262261
22	-0.0871590158936852	3	1	132	    0.295858	    0.704142	2	   0.0468772	    0.953123	2	    0.122505	    0.877495	   0.0151009	    0.984899
23	1.4861725629852	1	6	133	    0.990855	  0.00914507	1	    0.999383	  0.00061707	1	    0.999425	 0.000574694	    0.994791	  0.00520853
23	1.7200129259882	2	4	134	    0.990855	  0.00914507	1	    0.990654	  0.00934557	1	    0.991254	  0.00874552	     0.92564	     0.07436
23	2.69971393114446	1	8	135	    0.990855	  0.00914507	1	    0.999977	 2.28063e-05	1	    0.999979	 2.12328e-05	    0.999807	 0.000193299
23	1.4664633607985	3	1	136	    0.990855	  0.00914507	1	    0.602496	    0.397504	1	    0.606719	    0.393281	    0.144882	    0.855118
23	1.71557142514549	2	1	137	    0.990855	  0.00914507	1	    0.872264	    0.127736	1	    0.876276	    0.123724	     0.43752	     0.56248
23	1.42141782811049	1	2	138	    0.990855	  0.00914507	1	    0.974011	   0.0259895	1	    0.975489	   0.0245109	     0.81381	     0.18619
24	0.476803610106319	3	1	139	    0.977558	   0.0224422	1	    0.258483	    0.741517	2	    0.263549	    0.736451	   0.0378162	    0.962184
24	0.616623191374108	4	6	140	    0.977558	   0.0224422	1	    0.924091	   0.0759089	1	    0.931551	    0.068449	    0.599144	    0.400856
24	-0.127716927129532	3	5	141	    0.977558	   0.0224422	1	    0.828196	    0.171804	1	    0.838859	    0.161141	    0.363755	    0.636245
24	1.33110798744942	2	5	142	    0.977558	   0.0224422	1	    0.993117	  0.00688311	1	     0.99413	  0.00586985	     0.94898	   0.0510197
24	1.61987166262144	3	7	143	    0.977558	   0.0224422	1	    0.997547	  0.00245348	1	    0.997918	  0.00208185	    0.981359	   0.0186414
24	3.80540972490808	3	5	144	    0.977558	   0.0224422	1	    0.998414	  0.00158581	1	    0.998656	  0.00134425	    0.987892	    0.012108
25	-0.997134767034184	4	2	145	     0.27987	     0.72013	2	  0.00696698	    0.993033	2	   0.0193343	    0.980666	  0.00216058	    0.997839
25	-2.15240250584852	2	1	146	     0.27987	     0.72013	2	  0.00267048	     0.99733	2	  0.00742862	    0.992571	 0.000821282	    0.999179
25	2.66702529224951	2	5	147	     0.27987	     0.72013	2	    0.992185	  0.00781537	1	    0.998847	  0.00115336	    0.989596	   0.0104045
25	0.430557639873339	1	3	148	     0.27987	     0.72013	2	    0.783558	    0.216442	1	    0.958195	    0.041805	    0.715688	    0.284312
25	1.03229171863485	3	2	149	     0.27987	     0.72013	2	    0.325037	    0.674963	2	    0.678043	    0.321957	    0.187846	    0.812154
25	-0.348799035480133	3	2	150	     0.27987	     0.72013	2	   0.0676931	    0.932307	2	    0.180929	    0.819071	   0.0236853	    0.976315
26	0.902403001680447	4	5	151	    0.104646	    0.895354	2	    0.522485	    0.477515	1	    0.893345	    0.106655	     0.47914	     0.52086
26	-0.0550522095121056	4	1	152	    0.104646	    0.895354	2	  0.00885147	    0.991149	2	   0.0427871	    0.957213	  0.00488518	    0.995115
26	2.30858333528112	2	1	153	    0.104646	    0.895354	2	    0.649182	    0.350818	1	    0.935843	   0.0641574	    0.615678	    0.384322
26	-0.764148303664766	4	0	154	    0.104646	    0.895354	2	 0.000990351	     0.99901	2	  0.00486881	    0.995131	 0.000537047	    0.999463
26	-0.00131850483635192	4	1	155	    0.104646	    0.895354	2	  0.00968826	    0.990312	2	    0.046747	    0.953253	  0.00535693	    0.994643
26	-0.186947943948057	2	2	156	    0.104646	    0.895354	2	    0.138111	    0.861889	2	    0.493309	    0.506691	   0.0965963	    0.903404
27	-0.0411798919337871	2	3	157	    0.543892	    0.456108	1	    0.530563	    0.469437	1	    0.759522	    0.240478	    0.257538	    0.742462
27	0.541839600184681	4	2	158	    0.543892	    0.456108	1	    0.140907	    0.859093	2	    0.232126	    0.767874	    0.032133	    0.967867
27	0.60916014617832	4	2	159	    0.543892	    0.456108	1	    0.153055	    0.846945	2	    0.251555	    0.748445	   0.0355986	    0.964401
27	0.761072791915078	3	1	160	    0.543892	    0.456108	1	    0.221187	    0.778813	2	    0.358235	    0.641765	   0.0577636	    0.942236
27	2.94440988504472	1	4	161	    0.543892	    0.456108	1	    0.996905	  0.00309502	1	    0.999338	 0.000662071	    0.994004	  0.00599621
27	1.82780282516228	1	3	162	    0.543892	    0.456108	1	    0.973746	   0.0262542	1	    0.994178	   0.0058216	    0.949381	   0.0506192
28	-0.615335512477766	3	4	163	    0.656817	    0.343183	1	    0.332513	    0.667487	2	     0.46133	     0.53867	   0.0859708	    0.914029
28	-0.822936634302837	3	3	164	    0.656817	    0.343183	1	     0.13114	     0.86886	2	    0.186802	    0.813198	   0.0246076	    0.975392
28	1.2593433631725	2	4	165	    0.656817	    0.343183	1	    0.944765	   0.0552349	1	    0.983849	    0.016151	    0.869962	    0.130038
28	1.19599647235123	3	3	166	    0.656817	    0.343183	1	    0.717144	    0.282856	1	    0.870237	    0.129763	    0.424139	    0.575861
28	-0.11312674917949	2	7	167	    0.656817	    0.343183	1	    0.968268	   0.0317324	1	    0.991116	  0.00888437	    0.924539	   0.0754613
28	1.66332517724848	4	1	168	    0.656817	    0.343183	1	     0.26952	     0.73048	2	    0.377692	    0.622308	   0.0624902	     0.93751
29	2.80197831112846	3	5	169	     0.92124	   0.0787598	1	     0.99465	     0.00535	1	    0.996697	  0.00330312	    0.970708	   0.0292919
29	0.175348746837146	4	2	170	     0.92124	   0.0787598	1	     0.13286	     0.86714	2	    0.142684	    0.857316	   0.0179503	     0.98205
29	2.71231512139337	2	2	171	     0.92124	   0.0787598	1	    0.973302	   0.0266976	1	    0.982782	   0.0172182	    0.862423	    0.137577
29	0.984495069094316	1	3	172	     0.92124	   0.0787598	1	    0.971812	   0.0281877	1	    0.981768	   0.0182322	    0.855364	    0.144636
29	1.34092539737958	2	5	173	     0.92124	   0.0787598	1	    0.990698	  0.00930162	1	    0.994209	  0.00579098	    0.949635	   0.0503649
29	-0.723420532600706	3	0	174	     0.92124	   0.0787598	1	   0.0159573	    0.984043	2	   0.0171579	    0.982842	  0.00191361	    0.998086
30	2.06021991283554	2	6	175	    0.746042	    0.253958	1	    0.997229	  0.00277118	1	    0.999089	 0.000911131	    0.991765	  0.00823536
30	-0.246043430438822	2	2	176	    0.746042	    0.253958	1	     0.37085	     0.62915	2	    0.467189	    0.532811	   0.0878402	     0.91216
30	-1.18826911395409	3	2	177	    0.746042	    0.253958	1	   0.0330328	    0.966967	2	   0.0426212	    0.957379	  0.00486549	    0.995135
30	0.152076962954935	4	2	178	    0.746042	    0.253958	1	    0.107324	    0.892676	2	    0.137977	    0.862023	   0.0172752	    0.982725
30	0.788355163721511	2	6	179	    0.746042	    0.253958	1	    0.984746	   0.0152541	1	    0.994857	  0.00514318	    0.955044	   0.0449564
30	3.74890742716013	2	3	180	    0.746042	    0.253958	1	    0.991912	  0.00808791	1	    0.997312	   0.0026878	    0.976048	   0.0239516
31	0.442867571726161	4	1	181	   0.0124813	    0.987519	2	   0.0121688	    0.987831	2	   0.0930802	     0.90692	   0.0111461	    0.988854
31	-0.592445657647587	2	2	182	   0.0124813	    0.987519	2	   0.0521042	    0.947896	2	    0.318129	    0.681871	   0.0487419	    0.951258
31	-1.64498470191401	4	1	183	   0.0124813	    0.987519	2	 0.000251877	    0.999748	2	  0.00207927	    0.997921	  0.00022878	    0.999771
31	-1.18293501899784	4	4	184	   0.0124813	    0.987519	2	   0.0102526	    0.989747	2	   0.0793666	    0.920633	   0.0093791	    0.990621
31	1.78309175815631	4	3	185	   0.0124813	    0.987519	2	    0.335905	    0.664095	2	    0.817552	    0.182448	    0.329817	    0.670183
31	-0.435111976018855	4	1	186	   0.0124813	    0.987519	2	  0.00273764	    0.997262	2	   0.0222345	    0.977766	  0.00249122	    0.997509
32	-0.470196097158951	3	0	187	     0.95606	   0.0439401	1	    0.026174	    0.973826	2	   0.0272361	    0.972764	  0.00306553	    0.996934
32	0.730632582374495	2	2	188	     0.95606	   0.0439401	1	    0.794195	    0.205805	1	    0.815665	    0.184335	    0.327037	    0.672963
32	2.03614935870025	2	1	189	     0.95606	   0.0439401	1	     0.89712	     0.10288	1	    0.913649	   0.0863508	    0.537471	    0.462529
32	2.80718109041447	1	5	190	     0.95606	   0.0439401	1	     0.99959	 0.000409564	1	    0.999698	 0.000302223	    0.997255	  0.00274512
32	1.39080998596505	3	8	191	     0.95606	   0.0439401	1	    0.998475	  0.00152455	1	    0.998873	  0.00112718	     0.98983	   0.0101705
32	2.78264896994059	3	2	192	     0.95606	   0.0439401	1	    0.936755	    0.063245	1	    0.948958	   0.0510425	     0.67125	     0.32875
33	1.23320645642827	1	6	193	    0.911134	   0.0888664	1	    0.998603	  0.00139707	1	    0.999185	 0.000814626	    0.992631	   0.0073688
33	1.3023125826357	4	0	194	    0.911134	   0.0888664	1	    0.119052	    0.880948	2	    0.129101	    0.870899	   0.0160195	     0.98398
33	1.42418627977247	3	5	195	    0.911134	   0.0888664	1	    0.972628	   0.0273715	1	    0.983135	   0.0168649	    0.864906	    0.135094
33	0.708474073818283	4	3	196	    0.911134	   0.0888664	1	    0.461144	    0.538856	2	    0.496588	    0.503412	    0.097747	    0.902253
33	0.388883082881462	4	7	197	    0.911134	   0.0888664	1	    0.938708	   0.0612925	1	    0.959705	   0.0402953	    0.723427	    0.276573
33	1.1838840714782	2	2	198	    0.911134	   0.0888664	1	    0.860062	    0.139938	1	    0.896419	    0.103581	      0.4873	      0.5127
34	0.762323444667855	1	3	199	    0.981895	    0.018105	1	    0.971735	   0.0282649	1	    0.974735	   0.0252652	    0.809054	    0.190946
34	2.15614635815021	3	6	200	    0.981895	    0.018105	1	    0.996938	  0.00306187	1	    0.997322	  0.00267823	    0.976132	   0.0238681
34	1.91249316369461	3	0	201	    0.981895	    0.018105	1	    0.515038	    0.484962	1	    0.522557	    0.477443	    0.107304	    0.892696
34	0.948359008708533	2	1	202	    0.981895	    0.018105	1	    0.700592	    0.299408	1	    0.709609	    0.290391	    0.211588	    0.788412
34	1.22812442224507	1	4	203	    0.981895	    0.018105	1	    0.994108	  0.00589218	1	    0.994832	  0.00516804	    0.954835	   0.0451649
34	0.78748377168101	1	5	204	    0.981895	    0.018105	1	    0.995516	  0.00448386	1	    0.996073	  0.00392748	    0.965342	   0.0346579
35	1.21469254260663	3	1	205	    0.172361	    0.827639	2	    0.178216	    0.821784	2	    0.521204	    0.478796	    0.106786	    0.893214
35	-0.602774824346598	4	0	206	    0.172361	    0.827639	2	  0.00173853	    0.998261	2	  0.00659049	     0.99341	 0.000728075	    0.999272
35	-0.336442551005091	3	0	207	    0.172361	    0.827639	2	  0.00917439	    0.990826	2	   0.0344728	    0.965527	  0.00390585	    0.996094
35	2.25528812017421	4	3	208	    0.172361	    0.827639	2	    0.539142	    0.460858	1	     0.88838	     0.11162	    0.466411	    0.533589
35	2.12914675576237	1	1	209	    0.172361	    0.827639	2	    0.839261	    0.160739	1	    0.975042	   0.0249582	    0.810983	    0.189017
35	1.55830041291439	4	1	210	    0.172361	    0.827639	2	    0.104995	    0.895005	2	    0.345753	    0.654247	    0.054856	    0.945144
36	0.973405864645956	3	3	211	    0.339179	    0.660821	2	    0.511193	    0.488807	1	    0.829299	    0.170701	    0.347919	    0.652081
36	0.585975479698604	4	1	212	    0.339179	    0.660821	2	    0.047937	    0.952063	2	    0.114146	    0.885854	    0.013954	    0.986046
36	-2.30151049956801	3	2	213	    0.339179	    0.660821	2	  0.00166758	    0.998332	2	  0.00404736	    0.995953	  0.00044611	    0.999554
36	-0.426518503398806	2	2	214	    0.339179	    0.660821	2	    0.174531	    0.825469	2	     0.38783	     0.61217	   0.0650518	    0.934948
36	1.12564798841287	3	3	215	    0.339179	    0.660821	2	    0.555354	    0.444646	1	    0.858452	    0.141548	    0.399783	    0.600217
36	1.45243438875624	3	8	216	    0.339179	    0.660821	2	    0.993465	  0.00653531	1	    0.998964	  0.00103635	    0.990642	  0.00935776
37	1.51949827441154	1	1	217	    0.172169	    0.827831	2	    0.713577	    0.286423	1	    0.947556	   0.0524442	    0.664915	    0.335085
37	0.81119253875974	3	1	218	    0.172169	    0.827831	2	    0.116103	    0.883897	2	     0.37596	     0.62404	   0.0620594	    0.937941
37	-0.0450458969015195	1	5	219	    0.172169	    0.827831	2	    0.896433	    0.103567	1	    0.984972	   0.0150285	    0.878019	    0.121981
37	0.093126687612904	3	1	220	    0.172169	    0.827831	2	   0.0444621	    0.955538	2	    0.159839	    0.840161	   0.0204665	    0.979534
37	-1.56382432484937	3	3	221	    0.172169	    0.827831	2	   0.0131325	    0.986867	2	   0.0491405	    0.950859	  0.00564376	    0.994356
37	-0.601888224141027	2	0	222	    0.172169	    0.827831	2	   0.0181685	    0.981832	2	    0.067565	    0.932435	  0.00789521	    0.992105
38	-0.363832242911815	4	0	223	   0.0330039	    0.966996	2	  0.00142784	    0.998572	2	    0.010186	    0.989814	  0.00112892	    0.998871
38	0.637599751836253	3	3	224	   0.0330039	    0.966996	2	     0.25929	     0.74071	2	    0.744794	    0.255206	     0.24272	     0.75728
38	1.83155314862125	3	2	225	   0.0330039	    0.966996	2	    0.422278	    0.577722	2	    0.862187	    0.137813	    0.407264	    0.592736
38	-0.691113789836485	3	2	226	   0.0330039	    0.966996	2	   0.0157775	    0.984223	2	    0.105069	    0.894931	   0.0127299	     0.98727
38	0.281075668588813	3	0	227	   0.0330039	    0.966996	2	   0.0139701	     0.98603	2	   0.0938326	    0.906167	   0.0112444	    0.988756
38	-0.402235593973526	3	1	228	   0.0330039	    0.966996	2	   0.0108303	     0.98917	2	   0.0738382	    0.926162	  0.00867982	     0.99132
39	0.58814807961329	3	2	229	    0.930454	   0.0695458	1	    0.489135	    0.510865	2	     0.51781	     0.48219	    0.105496	    0.894504
39	0.00519485686528443	2	5	230	    0.930454	   0.0695458	1	     0.93831	   0.0616898	1	    0.955834	   0.0441662	    0.703863	    0.296137
39	2.01967578989074	3	5	231	    0.930454	   0.0695458	1	    0.987958	   0.0120416	1	    0.992107	  0.00789291	    0.932454	   0.0675465
39	-0.549524932563298	4	1	232	    0.930454	   0.0695458	1	   0.0169731	    0.983027	2	   0.0180908	    0.981909	  0.00201935	    0.997981
39	2.20194821741344	2	2	233	    0.930454	   0.0695458	1	    0.956917	   0.0430828	1	    0.970084	   0.0299163	    0.780763	    0.219237
39	0.752411081565011	2	5	234	    0.930454	   0.0695458	1	    0.979661	   0.0203393	1	     0.98645	   0.0135502	     0.88883	     0.11117
40	1.45378393042282	2	4	235	    0.175485	    0.824515	2	    0.913265	   0.0867346	1	    0.987605	   0.0123949	    0.897443	    0.102557
40	0.879632335729943	3	0	236	    0.175485	    0.824515	2	   0.0601896	     0.93981	2	    0.209839	    0.790161	   0.0283392	    0.971661
40	0.465690922568422	4	1	237	    0.175485	    0.824515	2	   0.0264139	    0.973586	2	   0.0962185	    0.903782	   0.0115571	    0.988443
40	-0.395241651907308	4	2	238	    0.175485	    0.824515	2	   0.0156991	    0.984301	2	   0.0579384	    0.942062	  0.00670913	    0.993291
40	1.07251452301466	3	2	239	    0.175485	    0.824515	2	    0.283592	    0.716408	2	    0.690696	    0.309304	    0.196946	    0.803054
40	0.99557119186272	4	4	240	    0.175485	    0.824515	2	    0.382927	    0.617073	2	    0.792671	    0.207329	     0.29572	     0.70428
41	1.98986093469033	2	5	241	    0.811644	    0.188356	1	    0.993787	  0.00621258	1	    0.997508	  0.00249227	    0.977756	   0.0222437
41	1.86104406681417	3	5	242	    0.811644	    0.188356	1	    0.976964	   0.0230364	1	    0.990414	  0.00958637	    0.919006	    0.080994
41	-0.216778294688685	4	3	243	    0.811644	    0.188356	1	     0.14685	     0.85315	2	    0.175623	    0.824377	    0.022862	    0.977138
41	2.81828683931445	4	3	244	    0.811644	    0.188356	1	    0.876173	    0.123827	1	    0.936251	   0.0637488	    0.617292	    0.382708
41	0.595974593253282	4	1	245	    0.811644	    0.188356	1	   0.0966121	    0.903388	2	    0.115744	    0.884256	   0.0141718	    0.985828
41	1.30238366814105	2	1	246	    0.811644	    0.188356	1	    0.709577	    0.290423	1	    0.802607	    0.197393	    0.308702	    0.691298
42	-1.32700863990905	4	2	247	  0.00331637	    0.996684	2	  0.00114574	    0.998854	2	   0.0100709	    0.989929	  0.00111605	    0.998884
42	-0.750137216503905	2	1	248	  0.00331637	    0.996684	2	   0.0152624	    0.984738	2	    0.121125	    0.878875	   0.0149102	     0.98509
42	0.0407690614121856	4	2	249	  0.00331637	    0.996684	2	   0.0146904	     0.98531	2	    0.117047	    0.882953	   0.0143499	     0.98565
42	-0.63226393150842	4	1	250	  0.00331637	    0.996684	2	  0.00177705	    0.998223	2	   0.0155454	    0.984455	  0.00173124	    0.998269
42	-0.421513310823423	3	2	251	  0.00331637	    0.996684	2	   0.0212897	     0.97871	2	    0.162207	    0.837793	   0.0208209	    0.979179
42	-1.28479706508993	3	3	252	  0.00331637	    0.996684	2	   0.0102601	     0.98974	2	   0.0843327	    0.915667	   0.0100136	    0.989986
43	2.33376439921441	3	4	253	    0.268484	    0.731516	2	    0.914555	   0.0854448	1	    0.986364	   0.0136356	      0.8882	      0.1118
43	-0.138117980084411	4	3	254	    0.268484	    0.731516	2	   0.0719262	    0.928074	2	    0.196592	    0.803408	   0.0261707	    0.973829
43	0.75181680178991	4	6	255	    0.268484	    0.731516	2	     0.72755	     0.27245	1	    0.943747	   0.0562528	    0.648201	    0.351799
43	0.640424673400957	2	1	256	    0.268484	    0.731516	2	    0.267606	    0.732394	2	    0.604752	    0.395248	    0.143865	    0.856135
43	-0.088596280727031	3	2	257	    0.268484	    0.731516	2	   0.0967434	    0.903257	2	    0.259404	    0.740596	    0.037043	    0.962957
43	0.0645031804239223	4	0	258	    0.268484	    0.731516	2	  0.00748183	    0.992518	2	   0.0213535	    0.978647	   0.0023906	    0.997609
44	0.454651649281047	4	2	259	  0.00568338	    0.994317	2	   0.0291053	    0.970895	2	    0.208282	    0.791718	   0.0280811	    0.971919
44	-0.60196461223049	4	0	260	  0.00568338	    0.994317	2	 0.000762544	    0.999237	2	   0.0066004	      0.9934	 0.000729176	    0.999271
44	-0.258590299779298	2	1	261	  0.00568338	    0.994317	2	   0.0373297	     0.96267	2	    0.254241	    0.745759	   0.0360899	     0.96391
44	-1.55256725995046	2	0	262	  0.00568338	    0.994317	2	  0.00125955	     0.99874	2	   0.0108628	    0.989137	  0.00120466	    0.998795
44	-0.0908095237981289	4	0	263	  0.00568338	    0.994317	2	  0.00191395	    0.998086	2	    0.016428	    0.983572	  0.00183099	    0.998169
44	0.866222104855757	2	0	264	  0.00568338	    0.994317	2	   0.0883863	    0.911614	2	     0.46221	     0.53779	   0.0862496	     0.91375
45	0.720449262344192	4	0	265	     0.34218	     0.65782	2	   0.0248554	    0.975145	2	   0.0593975	    0.940603	  0.00688753	    0.993112
45	1.17676154307496	4	1	266	     0.34218	     0.65782	2	    0.103262	    0.896738	2	    0.238014	    0.761986	   0.0331672	    0.966833
45	0.862920858448119	4	3	267	     0.34218	     0.65782	2	    0.269253	    0.730747	2	     0.55515	     0.44485	    0.120536	    0.879464
45	0.971428860828465	4	1	268	     0.34218	     0.65782	2	   0.0807455	    0.919254	2	    0.188232	    0.811768	   0.0248338	    0.975166
45	2.58696647499107	1	3	269	     0.34218	     0.65782	2	    0.985057	   0.0149429	1	    0.997597	   0.0024034	    0.978534	   0.0214657
45	1.19174651136573	2	6	270	     0.34218	     0.65782	2	    0.982358	   0.0176419	1	    0.997153	  0.00284695	    0.974662	   0.0253378
46	0.0500439274939544	3	2	271	  0.00861132	    0.991389	2	   0.0488175	    0.951183	2	    0.307827	    0.692173	   0.0465677	    0.953432
46	-2.61677624128381	4	1	272	  0.00861132	    0.991389	2	 2.75979e-05	    0.999972	2	 0.000234848	    0.999765	 2.57977e-05	    0.999974
46	1.87852305918222	4	2	273	  0.00861132	    0.991389	2	    0.185012	    0.814988	2	    0.667756	    0.332244	    0.180819	    0.819181
46	-0.674876339002393	4	3	274	  0.00861132	    0.991389	2	   0.0106659	    0.989334	2	   0.0844236	    0.915576	   0.0100253	    0.989975
46	-0.105582117316697	4	2	275	  0.00861132	    0.991389	2	    0.011891	    0.988109	2	    0.093365	    0.906635	   0.0111833	    0.988817
46	-0.888313089099748	4	3	276	  0.00861132	    0.991389	2	  0.00712934	    0.992871	2	   0.0577768	    0.942223	  0.00668941	    0.993311
47	-0.141581895381613	4	1	277	    0.686998	    0.313002	1	   0.0267503	     0.97325	2	   0.0370223	    0.962978	  0.00420456	    0.995795
47	0.96564624110971	3	7	278	    0.686998	    0.313002	1	    0.982288	    0.017712	1	    0.994824	  0.00517554	    0.954772	   0.0452278
47	0.676123469043574	4	3	279	    0.686998	    0.313002	1	    0.361812	    0.638188	2	    0.484092	    0.515908	   0.0934248	    0.906575
47	1.38556295872275	3	6	280	    0.686998	    0.313002	1	    0.975862	   0.0241383	1	    0.992861	  0.00713918	    0.938551	    0.061449
47	0.72530689518497	4	2	281	    0.686998	    0.313002	1	    0.210406	    0.789594	2	    0.286982	    0.713018	   0.0423323	    0.957668
47	0.431162329554137	3	5	282	    0.686998	    0.313002	1	    0.824853	    0.175147	1	    0.930122	   0.0698778	    0.593802	    0.406198
48	0.892716427309207	2	0	283	    0.149933	    0.850067	2	    0.146806	    0.853194	2	    0.472097	    0.527903	    0.089432	    0.910568
48	0.885563321135274	3	4	284	    0.149933	    0.850067	2	    0.596856	    0.403144	1	    0.914699	    0.085301	    0.540796	    0.459204
48	-1.46672868909024	4	1	285	    0.149933	    0.850067	2	  0.00073606	    0.999264	2	  0.00302229	    0.996978	 0.000332819	    0.999667
48	1.94116387878084	1	4	286	    0.149933	    0.850067	2	    0.984341	   0.0156591	1	    0.997984	  0.00201646	    0.981935	   0.0180653
48	-0.763049312725824	4	1	287	    0.149933	    0.850067	2	  0.00297615	    0.997024	2	   0.0121816	    0.987818	  0.00135251	    0.998647
48	-0.677872976861905	3	0	288	    0.149933	    0.850067	2	  0.00457238	    0.995428	2	   0.0186727	    0.981327	   0.0020854	    0.997915
49	-0.548632454391182	2	3	289	    0.849066	    0.150934	1	    0.494044	    0.505956	2	    0.560063	    0.439937	    0.122664	    0.877336
49	0.189497554509304	4	2	290	    0.849066	    0.150934	1	    0.126399	    0.873601	2	    0.145603	    0.854397	   0.0183721	    0.981628
49	1.01830309934975	2	5	291	    0.849066	    0.150934	1	    0.980546	   0.0194543	1	     0.99086	  0.00913951	    0.922521	    0.077479
49	1.65641853830396	3	2	292	    0.849066	    0.150934	1	    0.760923	    0.239077	1	    0.833211	    0.166789	    0.354274	    0.645726
49	1.43935396977083	4	4	293	    0.849066	    0.150934	1	    0.811549	    0.188451	1	     0.87753	     0.12247	     0.44038	     0.55962
49	1.38578977183592	3	5	294	    0.849066	    0.150934	1	    0.963586	   0.0364137	1	    0.982241	   0.0177589	    0.858646	    0.141354
50	1.08898368001678	1	4	295	    0.092088	    0.907912	2	    0.949879	   0.0501208	1	    0.993701	  0.00629864	    0.945434	   0.0545656
50	1.07138622537998	3	2	296	    0.092088	    0.907912	2	    0.242148	    0.757852	2	    0.690346	    0.309654	    0.196688	    0.803312
50	1.13802236468611	4	2	297	    0.092088	    0.907912	2	    0.107786	    0.892214	2	    0.426375	    0.573625	   0.0754721	    0.924528
50	-0.204820672691282	2	0	298	    0.092088	    0.907912	2	   0.0265787	    0.973421	2	    0.129765	    0.870235	   0.0161127	    0.983887
50	0.99774415896175	4	0	299	    0.092088	    0.907912	2	   0.0175098	     0.98249	2	    0.087454	    0.912546	   0.0104155	    0.989584
50	0.0099722457802951	4	2	300	    0.092088	    0.907912	2	   0.0226559	    0.977344	2	     0.11171	     0.88829	   0.0136233	    0.986377
51	-1.0129744000344	3	2	301	    0.523693	    0.476307	1	   0.0343651	    0.965635	2	   0.0593605	    0.940639	    0.006883	    0.993117
51	0.799732636583782	1	1	302	    0.523693	    0.476307	1	    0.651066	    0.348934	1	    0.865882	    0.134118	    0.414878	    0.585122
51	0.67069619361147	4	3	303	    0.523693	    0.476307	1	    0.296576	    0.703424	2	    0.481991	    0.518009	   0.0927146	    0.907285
51	1.71336856933751	2	5	304	    0.523693	    0.476307	1	    0.983289	   0.0167114	1	    0.996475	   0.0035255	    0.968791	   0.0312091
51	0.0936212986243299	3	0	305	    0.523693	    0.476307	1	   0.0407823	    0.959218	2	   0.0703751	    0.929625	  0.00824552	    0.991754
51	1.31611374490292	2	3	306	    0.523693	    0.476307	1	    0.857987	    0.142013	1	    0.963262	   0.0367385	    0.742239	    0.257761
52	-0.558306256458359	4	1	307	    0.468139	    0.531861	2	  0.00939131	    0.990609	2	   0.0178037	    0.982196	  0.00198679	    0.998013
52	1.50695282967047	2	6	308	    0.468139	    0.531861	2	    0.990343	  0.00965684	1	    0.998157	  0.00184303	    0.983466	   0.0165345
52	-0.181666178135869	3	3	309	    0.468139	    0.531861	2	    0.240803	    0.759197	2	    0.428084	    0.571916	   0.0759608	    0.924039
52	1.13603659081512	4	1	310	    0.468139	    0.531861	2	    0.123226	    0.876774	2	    0.227609	    0.772391	   0.0313489	    0.968651
52	1.09653221234762	3	9	311	    0.468139	    0.531861	2	    0.996413	  0.00358657	1	    0.999321	 0.000678706	    0.993854	  0.00614605
52	0.621452791373878	4	4	312	    0.468139	    0.531861	2	    0.422615	    0.577385	2	      0.6843	      0.3157	    0.192281	    0.807719
53	0.123741371415582	2	0	313	   0.0109223	    0.989078	2	   0.0300454	    0.969955	2	    0.208259	    0.791741	   0.0280774	    0.971923
53	-0.20196442803742	4	4	314	   0.0109223	    0.989078	2	   0.0602231	    0.939777	2	    0.354865	    0.645135	   0.0569694	    0.943031
53	0.197040158773934	3	2	315	   0.0109223	    0.989078	2	   0.0622215	    0.937778	2	    0.363005	    0.636995	      0.0589	      0.9411
53	0.325886591517317	4	1	316	   0.0109223	    0.989078	2	  0.00999124	    0.990009	2	   0.0782514	    0.921749	  0.00923745	    0.990763
53	-0.133771399573286	4	2	317	   0.0109223	    0.989078	2	   0.0115104	     0.98849	2	   0.0892787	    0.910721	   0.0106516	    0.989348
53	0.481711564555044	3	2	318	   0.0109223	    0.989078	2	    0.094811	    0.905189	2	    0.475668	    0.524332	   0.0906052	    0.909395
54	-0.0186088729363617	4	1	319	   0.0712506	    0.928749	2	  0.00806783	    0.991932	2	   0.0454396	     0.95456	  0.00520079	    0.994799
54	1.61432026661026	4	1	320	   0.0712506	    0.928749	2	   0.0804827	    0.919517	2	    0.362716	    0.637284	   0.0588307	    0.941169
54	0.665872827109793	3	3	321	   0.0712506	    0.928749	2	    0.286676	    0.713324	2	    0.753064	    0.246936	    0.250896	    0.749104
54	-1.06066663794956	4	3	322	   0.0712506	    0.928749	2	  0.00742727	    0.992573	2	   0.0419137	    0.958086	  0.00478159	    0.995218
54	-0.244787459168089	4	2	323	   0.0712506	    0.928749	2	   0.0134623	    0.986538	2	   0.0745817	    0.925418	  0.00877344	    0.991227
54	1.89102952165019	1	1	324	   0.0712506	    0.928749	2	    0.777024	    0.222976	1	    0.966916	   0.0330842	    0.762456	    0.237544
55	-0.633007773727096	4	2	325	    0.524565	    0.475435	1	   0.0220735	    0.977926	2	   0.0381489	    0.961851	    0.004337	    0.995663
55	1.94138500413447	3	2	326	    0.524565	    0.475435	1	    0.669965	    0.330035	1	    0.877698	    0.122302	    0.440765	    0.559235
55	0.852659975572833	2	1	327	    0.524565	    0.475435	1	    0.446054	    0.553946	2	    0.679289	    0.320711	    0.188719	    0.811281
55	-1.06327284549054	4	1	328	    0.524565	    0.475435	1	  0.00394307	    0.996057	2	  0.00683257	    0.993167	 0.000754982	    0.999245
55	2.12481732873348	4	7	329	    0.524565	    0.475435	1	    0.982758	   0.0172422	1	    0.996354	   0.0036458	    0.967756	   0.0322435
55	2.3652273048602	4	3	330	    0.524565	    0.475435	1	    0.708922	    0.291078	1	     0.90026	   0.0997404	    0.497812	    0.502188
56	2.78228844266787	1	4	331	    0.985524	   0.0144761	1	     0.99913	 0.000870215	1	    0.999221	 0.000779408	    0.992948	  0.00705224
56	2.12671657629299	4	2	332	    0.985524	   0.0144761	1	    0.724003	    0.275997	1	    0.731258	    0.268742	    0.230082	    0.769918
56	1.97978242918374	2	3	333	    0.985524	   0.0144761	1	    0.982636	   0.0173635	1	     0.98425	   0.0157505	    0.872822	    0.127178
56	2.05323714721318	2	0	334	    0.985524	   0.0144761	1	    0.804025	    0.195975	1	    0.811128	    0.188872	    0.320493	    0.679507
56	0.532641702685779	2	3	335	    0.985524	   0.0144761	1	    0.884909	    0.115091	1	     0.89096	     0.10904	    0.472957	    0.527043
56	3.09262033238642	3	8	336	    0.985524	   0.0144761	1	    0.999825	  0.00017466	1	    0.999844	 0.000156342	    0.998578	  0.00142175
57	0.432626165000819	4	0	337	   0.0897573	    0.910243	2	  0.00745861	    0.992541	2	   0.0385894	    0.961411	  0.00438886	    0.995611
57	-1.11804908488084	4	0	338	   0.0897573	    0.910243	2	 0.000464789	    0.999535	2	  0.00244699	    0.997553	 0.000269328	    0.999731
57	2.05430907850151	2	1	339	   0.0897573	    0.910243	2	    0.576358	    0.423642	1	    0.915367	   0.0846328	    0.542929	    0.457071
57	0.749624498342554	3	1	340	   0.0897573	    0.910243	2	   0.0835114	    0.916489	2	    0.354218	    0.645782	   0.0568175	    0.943182
57	-0.511079616719973	2	5	341	   0.0897573	    0.910243	2	    0.523433	    0.476567	1	    0.896187	    0.103813	    0.486677	    0.513323
57	-1.00430541109758	2	2	342	   0.0897573	    0.910243	2	   0.0364068	    0.963593	2	    0.174899	    0.825101	   0.0227504	     0.97725
58	0.693312777862107	4	0	343	    0.825175	    0.174825	1	   0.0482744	    0.951726	2	   0.0571022	    0.942898	  0.00660712	    0.993393
58	1.20402792767132	2	3	344	    0.825175	    0.174825	1	    0.914208	   0.0857917	1	    0.957264	   0.0427361	    0.710985	    0.289015
58	0.977055457057672	4	2	345	    0.825175	    0.174825	1	    0.316178	    0.683822	2	    0.370312	    0.629688	   0.0606685	    0.939331
58	1.5844107400971	3	2	346	    0.825175	    0.174825	1	    0.734539	    0.265461	1	    0.819629	    0.180371	    0.332915	    0.667085
58	1.19391017850559	4	6	347	    0.825175	    0.174825	1	     0.93664	   0.0633598	1	    0.969897	   0.0301025	    0.779666	    0.220334
58	1.39794313136069	3	5	348	    0.825175	    0.174825	1	    0.961223	   0.0387766	1	     0.98253	   0.0174703	    0.860658	    0.139342
59	0.00962985013042107	4	3	349	    0.130178	    0.869822	2	   0.0604531	    0.939547	2	    0.240192	    0.759808	   0.0335533	    0.966447
59	0.339370256923717	3	2	350	    0.130178	    0.869822	2	    0.118336	    0.881664	2	     0.41888	     0.58112	   0.0733567	    0.926643
59	1.53887098862978	4	2	351	    0.130178	    0.869822	2	    0.181784	    0.818216	2	    0.564314	    0.435686	    0.124534	    0.875466
59	-0.778621905972103	3	2	352	    0.130178	    0.869822	2	   0.0211675	    0.978832	2	   0.0904324	    0.909568	   0.0108013	    0.989199
59	0.634418446286484	3	2	353	    0.130178	    0.869822	2	     0.16764	     0.83236	2	    0.535868	    0.464132	    0.112531	    0.887469
59	1.15884996367471	2	5	354	    0.130178	    0.869822	2	    0.943244	   0.0567558	1	     0.99253	  0.00746976	    0.935868	    0.064132
60	0.605521499298293	4	2	355	   0.0442018	    0.955798	2	   0.0449103	     0.95509	2	    0.250483	    0.749517	   0.0354034	    0.964597
60	0.175079569145432	4	1	356	   0.0442018	    0.955798	2	  0.00963489	    0.990365	2	   0.0620371	    0.937963	   0.0072115	    0.992789
60	1.08061317529856	2	3	357	   0.0442018	    0.955798	2	    0.685512	    0.314488	1	    0.949408	   0.0505918	    0.673308	    0.326692
60	0.3942108107457	3	3	358	   0.0442018	    0.955798	2	     0.20025	     0.79975	2	    0.664671	    0.335329	    0.178773	    0.821227
60	-1.18365149179691	2	0	359	   0.0442018	    0.955798	2	  0.00346869	    0.996531	2	    0.022917	    0.977083	  0.00256928	    0.997431
60	-0.376498257452818	4	1	360	   0.0442018	    0.955798	2	  0.00373871	    0.996261	2	   0.0246731	    0.975327	  0.00277058	    0.997229
61	1.05100115543891	1	5	361	    0.998291	  0.00170858	1	    0.997308	  0.00269182	1	    0.997344	  0.00265591	    0.976327	   0.0236734
61	1.72982060172555	3	4	362	    0.998291	  0.00170858	1	     0.97173	   0.0282701	1	    0.972037	   0.0279633	    0.792431	    0.207569
61	2.11128724496074	3	4	363	    0.998291	  0.00170858	1	    0.982187	   0.0178129	1	    0.982397	   0.0176033	     0.85973	     0.14027
61	2.91056374432214	2	2	364	    0.998291	  0.00170858	1	    0.985717	   0.0142831	1	     0.98589	   0.0141103	    0.884707	    0.115293
61	2.590995809469	1	4	365	    0.998291	  0.00170858	1	    0.999034	 0.000965883	1	    0.999047	 0.000952802	    0.991391	  0.00860912
61	0.812772332052381	2	4	366	    0.998291	  0.00170858	1	    0.969119	   0.0308806	1	    0.969448	   0.0305518	     0.77703	     0.22297
62	0.277301517652047	1	4	367	   0.0752226	    0.924777	2	    0.842469	    0.157531	1	    0.978218	   0.0217822	    0.831427	    0.168573
62	0.925179796809416	4	3	368	   0.0752226	    0.924777	2	    0.164405	    0.835595	2	    0.578013	    0.421987	    0.130761	    0.869239
62	2.07705483106271	4	1	369	   0.0752226	    0.924777	2	    0.131088	    0.868912	2	    0.504815	    0.495185	    0.100688	    0.899312
62	-0.0532829384225931	3	2	370	   0.0752226	    0.924777	2	   0.0567474	    0.943253	2	    0.271347	    0.728653	   0.0392916	    0.960708
62	-1.51155493870273	2	1	371	   0.0752226	    0.924777	2	  0.00524567	    0.994754	2	   0.0292239	    0.970776	  0.00329525	    0.996705
62	-1.45645399301861	3	1	372	   0.0752226	    0.924777	2	  0.00179897	    0.998201	2	    0.010123	    0.989877	  0.00112188	    0.998878
63	0.414802345620233	3	3	373	    0.705762	    0.294238	1	    0.528364	    0.471636	1	    0.672051	    0.327949	    0.183714	    0.816286
63	2.09392982336932	2	6	374	    0.705762	    0.294238	1	    0.997055	  0.00294521	1	    0.999125	 0.000874977	    0.992089	  0.00791087
63	0.682029903575839	2	6	375	    0.705762	    0.294238	1	    0.980281	   0.0197195	1	     0.99395	  0.00604951	    0.947492	   0.0525083
63	-1.57048994493698	1	1	376	    0.705762	    0.294238	1	   0.0597974	    0.940203	2	   0.0807441	    0.919256	  0.00955449	    0.990446
63	1.78589342558285	3	2	377	    0.705762	    0.294238	1	    0.719279	    0.280721	1	    0.855158	    0.144842	    0.393358	    0.606642
63	0.114530904138362	4	3	378	    0.705762	    0.294238	1	    0.205292	    0.794708	2	    0.274267	    0.725733	   0.0398508	    0.960149
64	1.53229277105232	3	3	379	     0.99692	     0.00308	1	    0.913108	   0.0868922	1	    0.914262	   0.0857376	    0.539409	    0.460591
64	0.919381946313878	3	5	380	     0.99692	     0.00308	1	    0.965306	   0.0346938	1	     0.96595	   0.0340503	     0.75702	     0.24298
64	1.46882569710579	2	8	381	     0.99692	     0.00308	1	    0.999685	 0.000314818	1	    0.999693	 0.000307171	     0.99721	  0.00278996
64	1.92373416972008	3	3	382	     0.99692	     0.00308	1	    0.945527	   0.0544729	1	     0.94641	   0.0535902	     0.65981	     0.34019
64	2.78774868296248	2	2	383	     0.99692	     0.00308	1	    0.983708	   0.0162922	1	    0.984055	   0.0159453	    0.871429	    0.128571
64	0.157884303564602	4	10	384	     0.99692	     0.00308	1	    0.996059	  0.00394062	1	    0.996152	  0.00384782	    0.966024	   0.0339762
65	1.82815642781237	4	3	385	     0.97334	   0.0266604	1	    0.813045	    0.186955	1	    0.825931	    0.174069	    0.342584	    0.657416
65	1.92582222844361	3	2	386	     0.97334	   0.0266604	1	    0.863895	    0.136105	1	    0.875615	    0.124385	    0.436023	    0.563977
65	1.24536031678317	3	5	387	     0.97334	   0.0266604	1	     0.97462	   0.0253804	1	    0.978492	   0.0215078	    0.833236	    0.166764
65	1.67548641567851	4	3	388	     0.97334	   0.0266604	1	    0.782731	    0.217269	1	    0.795955	    0.204045	    0.299924	    0.700076
65	2.56450918894226	3	3	389	     0.97334	   0.0266604	1	    0.969242	   0.0307578	1	    0.973791	    0.026209	    0.803171	    0.196829
65	2.43267783841163	4	3	390	     0.97334	   0.0266604	1	    0.896453	    0.103547	1	    0.906854	   0.0931459	    0.516732	    0.483268
66	-0.588893090172257	4	0	391	   0.0447487	    0.955251	2	  0.00101632	    0.998984	2	   0.0067622	    0.993238	 0.000747159	    0.999253
66	0.6251832001595	3	0	392	   0.0447487	    0.955251	2	   0.0253294	    0.974671	2	    0.152464	    0.847536	   0.0193738	    0.980626
66	2.39419432899227	4	0	393	   0.0447487	    0.955251	2	   0.0743029	    0.925697	2	    0.369514	    0.630486	   0.0604738	    0.939526
66	1.46455073785281	2	5	394	   0.0447487	    0.955251	2	    0.958842	   0.0411582	1	    0.995107	  0.00489347	    0.957143	    0.042857
66	-0.949885811172234	4	1	395	   0.0447487	    0.955251	2	  0.00128274	    0.998717	2	  0.00852535	    0.991475	  0.00094346	    0.999057
66	0.971314068375008	4	2	396	   0.0447487	    0.955251	2	   0.0739768	    0.926023	2	    0.368338	    0.631662	   0.0601875	    0.939813
67	-0.0563140746177119	4	3	397	    0.827415	    0.172585	1	    0.187276	    0.812724	2	    0.220069	    0.779931	   0.0300574	    0.969943
67	0.906647657854953	3	2	398	    0.827415	    0.172585	1	    0.554275	    0.445725	1	    0.636273	    0.363727	    0.161158	    0.838842
67	0.112176286315662	4	2	399	    0.827415	    0.172585	1	    0.110499	    0.889501	2	    0.130175	    0.869825	   0.0161703	     0.98383
67	1.94578983007338	1	4	400	    0.827415	    0.172585	1	    0.995241	  0.00475931	1	    0.997995	  0.00200499	    0.982036	   0.0179642
67	1.86985072559673	3	6	401	    0.827415	    0.172585	1	    0.991082	  0.00891773	1	    0.996208	  0.00379154	    0.966506	    0.033494
67	2.04429044685697	2	7	402	    0.827415	    0.172585	1	    0.999115	 0.000884621	1	    0.999631	  0.00036949	    0.996646	  0.00335429
68	1.17265078384757	3	3	403	     0.96496	   0.0350397	1	    0.850656	    0.149344	1	    0.866438	    0.133562	    0.416042	    0.583958
68	0.564552412982553	3	7	404	     0.96496	   0.0350397	1	    0.988007	   0.0119934	1	     0.99049	  0.00950965	    0.919608	   0.0803922
68	-0.168762892515196	4	4	405	     0.96496	   0.0350397	1	    0.357581	    0.642419	2	     0.36838	     0.63162	   0.0601976	    0.939802
68	2.03115139674151	3	1	406	     0.96496	   0.0350397	1	    0.743454	    0.256546	1	     0.76104	     0.23896	    0.259134	    0.740866
68	2.51676860526064	2	5	407	     0.96496	   0.0350397	1	    0.998265	  0.00173535	1	    0.998645	  0.00135517	    0.987795	   0.0122052
68	1.87784113054	1	3	408	     0.96496	   0.0350397	1	    0.993053	  0.00694746	1	    0.994532	  0.00546843	    0.952321	   0.0476787
69	-0.551938111111189	3	4	409	    0.769842	    0.230158	1	    0.399843	    0.600157	2	    0.490768	    0.509232	   0.0957128	    0.904287
69	1.44404172620236	2	3	410	    0.769842	    0.230158	1	    0.924224	   0.0757765	1	    0.969004	   0.0309959	    0.774439	    0.225561
69	-0.934746640708163	2	3	411	    0.769842	    0.230158	1	    0.306431	    0.693569	2	    0.379246	    0.620754	   0.0628782	    0.937122
69	2.81335441825566	2	2	412	    0.769842	    0.230158	1	    0.959114	   0.0408859	1	     0.98446	   0.0155396	    0.874335	    0.125665
69	1.32628259350249	4	0	413	    0.769842	    0.230158	1	     0.10612	     0.89388	2	    0.132897	    0.867103	   0.0165538	    0.983446
69	2.22709603437958	1	6	414	    0.769842	    0.230158	1	    0.999352	 0.000648292	1	    0.999773	 0.000226543	    0.997941	  0.00205898
70	2.4229620947284	4	3	415	    0.474669	    0.525331	2	    0.700053	    0.299947	1	    0.905935	   0.0940651	    0.514026	    0.485974
70	1.16997182916021	2	5	416	    0.474669	    0.525331	2	    0.963317	   0.0366832	1	    0.992647	  0.00735288	    0.936815	   0.0631849
70	1.56252732949587	2	3	417	    0.474669	    0.525331	2	    0.882881	    0.117119	1	    0.973448	   0.0265525	    0.801048	    0.198952
70	0.00878460979043691	4	2	418	    0.474669	    0.525331	2	   0.0600716	    0.939928	2	    0.111508	    0.888492	   0.0135959	    0.986404
70	-0.628597636805772	3	1	419	    0.474669	    0.525331	2	   0.0266903	     0.97331	2	   0.0498843	    0.950116	  0.00573314	    0.994267
70	0.709694536899743	4	1	420	    0.474669	    0.525331	2	   0.0729957	    0.927004	2	    0.135114	    0.864886	   0.0168678	    0.983132
71	-0.479898245898207	4	1	421	    0.033313	    0.966687	2	  0.00290265	    0.997097	2	   0.0205199	     0.97948	  0.00229554	    0.997704
71	-0.59411460237156	4	1	422	    0.033313	    0.966687	2	  0.00235256	    0.997647	2	   0.0166755	    0.983325	  0.00185898	    0.998141
71	-0.963486233752784	3	0	423	    0.033313	    0.966687	2	  0.00152788	    0.998472	2	   0.0108733	    0.989127	  0.00120583	    0.998794
71	-0.386122535329132	2	2	424	    0.033313	    0.966687	2	   0.0808488	    0.919151	2	    0.405405	    0.594595	   0.0696643	    0.930336
71	1.35374405307471	4	0	425	    0.033313	    0.966687	2	   0.0211873	    0.978813	2	    0.137342	    0.862658	   0.0171846	    0.982815
71	1.50342096482155	1	5	426	    0.033313	    0.966687	2	    0.987673	   0.0123271	1	    0.998589	   0.0014111	    0.987297	   0.0127033
72	1.9948430875781	4	2	427	    0.283337	    0.716663	2	    0.343584	    0.656416	2	    0.698874	    0.301126	    0.203118	    0.796882
72	0.119967057217365	3	3	428	    0.283337	    0.716663	2	    0.245019	    0.754981	2	    0.557413	    0.442587	    0.121512	    0.878488
72	0.0479619422880064	4	6	429	    0.283337	    0.716663	2	    0.504755	    0.495245	1	    0.843036	    0.156964	    0.371014	    0.628986
72	0.486511143950194	4	0	430	    0.283337	    0.716663	2	    0.015307	    0.984693	2	   0.0419258	    0.958074	  0.00478303	    0.995217
72	1.6684789042887	2	3	431	    0.283337	    0.716663	2	     0.86612	     0.13388	1	    0.976825	   0.0231751	    0.822352	    0.177648
72	0.181063486674228	4	2	432	    0.283337	    0.716663	2	   0.0537459	    0.946254	2	    0.143858	    0.856142	   0.0181196	     0.98188
73	0.764971542377348	4	1	433	   0.0866851	    0.913315	2	   0.0293429	    0.970657	2	    0.145337	    0.854663	   0.0183336	    0.981666
73	2.12567646967998	4	0	434	   0.0866851	    0.913315	2	    0.067197	    0.932803	2	    0.300497	    0.699503	   0.0450539	    0.954946
73	-1.82040247297137	4	3	435	   0.0866851	    0.913315	2	  0.00168328	    0.998317	2	  0.00896328	    0.991037	 0.000992314	    0.999008
73	-1.25052967401181	4	1	436	   0.0866851	    0.913315	2	 0.000881663	    0.999118	2	  0.00470441	    0.995296	 0.000518836	    0.999481
73	0.634790812502648	3	4	437	   0.0866851	    0.913315	2	    0.482912	    0.517088	2	    0.879638	    0.120362	    0.445257	    0.554743
73	0.0325242713979346	3	6	438	   0.0866851	    0.913315	2	    0.680009	    0.319991	1	    0.945278	   0.0547221	    0.654832	    0.345168
74	1.20837428769361	2	4	439	    0.997117	  0.00288321	1	    0.982316	   0.0176838	1	    0.982665	   0.0173348	    0.861606	    0.138394
74	2.37079634331654	1	3	440	    0.997117	  0.00288321	1	    0.996882	  0.00311757	1	    0.996952	  0.00304826	    0.972914	   0.0270863
74	1.4227888556245	4	6	441	    0.997117	  0.00288321	1	    0.977506	   0.0224942	1	    0.977934	   0.0220664	    0.829561	    0.170439
74	1.59530698107342	2	4	442	    0.997117	  0.00288321	1	    0.989504	   0.0104962	1	    0.989723	   0.0102768	    0.913621	    0.086379
74	1.73492797384573	1	8	443	    0.997117	  0.00288321	1	    0.999933	 6.70128e-05	1	    0.999935	 6.54834e-05	    0.999404	 0.000595934
74	1.71399139472644	3	2	444	    0.997117	  0.00288321	1	     0.84199	     0.15801	1	     0.84335	     0.15665	    0.371568	    0.628432
75	1.30910890829217	3	5	445	    0.988128	   0.0118722	1	     0.97869	   0.0213098	1	    0.980293	   0.0197069	    0.845276	    0.154724
75	1.11088615513716	1	4	446	    0.988128	   0.0118722	1	     0.99334	  0.00665991	1	    0.993896	  0.00610367	    0.947044	   0.0529562
75	1.33155472919803	2	3	447	    0.988128	   0.0118722	1	    0.961429	   0.0385714	1	    0.964013	   0.0359869	    0.746321	    0.253679
75	-0.482424071017774	4	2	448	    0.988128	   0.0118722	1	   0.0493116	    0.950688	2	   0.0498353	    0.950165	  0.00572726	    0.994273
75	2.2469298216583	1	3	449	    0.988128	   0.0118722	1	    0.996162	  0.00383834	1	    0.996489	  0.00351098	    0.968916	   0.0310842
75	2.7849898117118	1	6	450	    0.988128	   0.0118722	1	    0.999865	 0.000134759	1	    0.999877	 0.000122941	    0.998882	  0.00111831
76	3.39394456212337	2	2	451	    0.924958	   0.0750422	1	    0.985908	   0.0140921	1	    0.990976	  0.00902371	    0.923436	   0.0765642
76	0.567647874778249	2	6	452	    0.924958	   0.0750422	1	    0.988654	    0.011346	1	    0.992775	  0.00722472	    0.937855	   0.0621446
76	1.81606135159964	1	5	453	    0.924958	   0.0750422	1	    0.998495	  0.00150464	1	    0.999061	 0.000938591	    0.991518	  0.00848168
76	-0.135733447723573	3	1	454	    0.924958	   0.0750422	1	    0.106192	    0.893808	2	     0.11368	     0.88632	   0.0138906	    0.986109
76	1.26362853584174	2	4	455	    0.924958	   0.0750422	1	    0.975442	   0.0245581	1	    0.983944	   0.0160556	    0.870642	    0.129358
76	-0.646429139821584	4	1	456	    0.924958	   0.0750422	1	    0.014134	    0.985866	2	   0.0151439	    0.984856	  0.00168591	    0.998314
77	0.117680992190721	4	1	457	    0.136209	    0.863791	2	   0.0133767	    0.986623	2	   0.0566539	    0.943346	  0.00655249	    0.993448
77	-0.25825962478639	2	1	458	    0.136209	    0.863791	2	   0.0658368	    0.934163	2	    0.254352	    0.745648	   0.0361104	     0.96389
77	-0.649298539282282	3	5	459	    0.136209	    0.863791	2	    0.248039	    0.751961	2	    0.669009	    0.330991	    0.181658	    0.818342
77	-0.148550552165176	2	3	460	    0.136209	    0.863791	2	    0.291586	    0.708414	2	    0.723748	    0.276252	     0.22344	     0.77656
77	0.161752988646858	3	2	461	    0.136209	    0.863791	2	   0.0957238	    0.904276	2	    0.349468	    0.650532	   0.0557117	    0.944288
77	1.61130228573643	3	3	462	    0.136209	    0.863791	2	    0.613936	    0.386064	1	    0.922135	   0.0778651	    0.565337	    0.434663
78	0.630006740199481	2	6	463	     0.97275	   0.0272497	1	    0.992078	  0.00792169	1	    0.993444	  0.00655579	    0.943319	    0.056681
78	-0.552096154406327	2	3	464	     0.97275	   0.0272497	1	    0.546586	    0.453414	1	     0.55848	     0.44152	    0.121974	    0.878026
78	1.37553914219693	2	1	465	     0.97275	   0.0272497	1	     0.80489	     0.19511	1	    0.818172	    0.181828	    0.330738	    0.669262
78	1.22006032224128	2	2	466	     0.97275	   0.0272497	1	    0.890164	    0.109836	1	     0.90109	     0.09891	    0.500133	    0.499867
78	0.982186093025881	1	4	467	     0.97275	   0.0272497	1	    0.991124	  0.00887571	1	    0.992646	  0.00735407	    0.936805	   0.0631946
78	2.71555584046334	3	2	468	     0.97275	   0.0272497	1	     0.93759	     0.06241	1	    0.945485	   0.0545145	     0.65574	     0.34426
79	1.28375873925898	1	1	469	    0.884235	    0.115765	1	      0.8897	      0.1103	1	    0.928987	   0.0710129	    0.589614	    0.410386
79	1.91552389759435	2	2	470	    0.884235	    0.115765	1	    0.930198	   0.0698019	1	    0.958247	   0.0417528	    0.715953	    0.284047
79	0.13145666469078	2	1	471	    0.884235	    0.115765	1	    0.362773	    0.637227	2	    0.401291	    0.598709	   0.0685645	    0.931435
79	3.71271487684531	2	2	472	    0.884235	    0.115765	1	    0.986961	   0.0130392	1	    0.993073	  0.00692737	    0.940277	   0.0597228
79	1.09141109432201	3	4	473	    0.884235	    0.115765	1	    0.898405	    0.101595	1	    0.935563	   0.0644367	    0.614579	    0.385421
79	-0.026000463156685	2	0	474	    0.884235	    0.115765	1	    0.152209	    0.847791	2	     0.16927	     0.83073	   0.0218883	    0.978112
80	0.936378263405469	4	0	475	     0.04901	     0.95099	2	   0.0129991	    0.987001	2	   0.0804835	    0.919517	  0.00952127	    0.990479
80	1.41919923565073	2	7	476	     0.04901	     0.95099	2	    0.992854	  0.00714605	1	    0.999174	 0.000826083	    0.992528	  0.00747175
80	-0.134479910857157	4	3	477	     0.04901	     0.95099	2	   0.0347274	    0.965273	2	      0.1976	      0.8024	   0.0263336	    0.973666
80	0.104463938041884	4	0	478	     0.04901	     0.95099	2	  0.00355076	    0.996449	2	   0.0228171	    0.977183	  0.00255785	    0.997442
80	0.808681372070067	4	1	479	     0.04901	     0.95099	2	   0.0261488	    0.973851	2	    0.153798	    0.846202	   0.0195703	     0.98043
80	1.33850460871613	4	2	480	     0.04901	     0.95099	2	    0.117268	    0.882732	2	     0.49652	     0.50348	    0.097723	    0.902277
81	1.09336057166003	4	1	481	   0.0309848	    0.969015	2	   0.0353424	    0.964658	2	     0.21698	     0.78302	   0.0295345	    0.970466
81	-0.448916277259966	4	2	482	   0.0309848	    0.969015	2	  0.00753598	    0.992464	2	   0.0528253	    0.947175	  0.00608783	    0.993912
81	0.498243263345963	3	2	483	   0.0309848	    0.969015	2	     0.10487	     0.89513	2	    0.482252	    0.517748	   0.0928026	    0.907197
81	1.68257778066364	3	3	484	   0.0309848	    0.969015	2	    0.598656	    0.401344	1	    0.928575	   0.0714248	    0.588106	    0.411894
81	-0.0286267429334735	4	1	485	   0.0309848	    0.969015	2	  0.00633874	    0.993661	2	   0.0446966	    0.955303	  0.00511223	    0.994888
81	0.70582459229009	4	1	486	   0.0309848	    0.969015	2	   0.0204144	    0.979586	2	    0.134418	    0.865582	   0.0167691	    0.983231
82	-1.7744902789151	2	1	487	   0.0762523	    0.923748	2	  0.00303402	    0.996966	2	   0.0169257	    0.983074	  0.00188731	    0.998113
82	0.839729990881896	3	0	488	   0.0762523	    0.923748	2	   0.0399491	    0.960051	2	     0.20006	     0.79994	   0.0267324	    0.973268
82	-0.307454655227856	4	0	489	   0.0762523	    0.923748	2	   0.0020129	    0.997987	2	   0.0112622	    0.988738	   0.0012494	    0.998751
82	0.887802563275054	1	2	490	   0.0762523	    0.923748	2	    0.691906	    0.308094	1	    0.948836	   0.0511638	    0.670697	    0.329303
82	1.79828404456556	2	1	491	   0.0762523	    0.923748	2	    0.496054	    0.503946	2	    0.887318	    0.112682	    0.463757	    0.536243
82	-0.0758356172663473	3	0	492	   0.0762523	    0.923748	2	  0.00979273	    0.990207	2	   0.0535754	    0.946425	  0.00617861	    0.993821
83	-1.08600612557786	4	2	493	   0.0390202	     0.96098	2	  0.00237742	    0.997623	2	   0.0162713	    0.983729	  0.00181327	    0.998187
83	0.98964384350999	2	1	494	   0.0390202	     0.96098	2	    0.241453	    0.758547	2	    0.722012	    0.277988	     0.22194	     0.77806
83	-0.668008820488684	4	3	495	   0.0390202	     0.96098	2	   0.0130917	    0.986908	2	    0.085429	    0.914571	   0.0101545	    0.989846
83	0.261690602634194	3	2	496	   0.0390202	     0.96098	2	   0.0777451	    0.922255	2	    0.388175	    0.611825	   0.0651403	     0.93486
83	1.50469556574891	2	1	497	   0.0390202	     0.96098	2	    0.389133	    0.610867	2	    0.842864	    0.157136	     0.37071	     0.62929
83	-0.593742894182693	3	1	498	   0.0390202	     0.96098	2	   0.0079486	    0.992051	2	    0.053064	    0.946936	   0.0061167	    0.993883
84	-0.159085194887511	1	9	499	    0.910016	   0.0899838	1	    0.999198	 0.000802452	1	    0.999535	 0.000464846	    0.995783	   0.0042167
84	2.05211921013788	1	0	500	    0.910016	   0.0899838	1	    0.904768	   0.0952322	1	    0.934047	   0.0659533	    0.608668	    0.391332
84	0.340167954115093	2	2	501	    0.910016	   0.0899838	1	    0.659714	    0.340286	1	    0.704435	    0.295565	    0.207451	    0.792549
84	1.15899325127827	1	5	502	    0.910016	   0.0899838	1	    0.996102	  0.00389791	1	    0.997727	  0.00227346	    0.979674	   0.0203261
84	0.454256050740014	2	1	503	    0.910016	   0.0899838	1	    0.494746	    0.505254	2	    0.532666	    0.467334	    0.111252	    0.888748
84	0.70434462610931	3	2	504	    0.910016	   0.0899838	1	    0.523226	    0.476774	1	    0.562719	    0.437281	    0.123829	    0.876171
85	0.846653369720358	3	7	505	    0.983205	   0.0167946	1	    0.993029	  0.00697088	1	    0.993825	  0.00617528	    0.946452	   0.0535479
85	2.15189115478982	3	4	506	    0.983205	   0.0167946	1	    0.981234	   0.0187655	1	    0.983212	   0.0167878	     0.86545	     0.13455
85	2.31505577974093	2	3	507	    0.983205	   0.0167946	1	    0.988038	   0.0119617	1	    0.989358	   0.0106423	    0.910793	   0.0892069
85	0.813547056686293	4	2	508	    0.983205	   0.0167946	1	    0.310829	    0.689171	2	    0.315316	    0.684684	   0.0481427	    0.951857
85	2.50589014030841	3	2	509	    0.983205	   0.0167946	1	    0.927171	   0.0728285	1	      0.9327	   0.0672997	    0.603499	    0.396501
85	0.900557871392187	2	3	510	    0.983205	   0.0167946	1	    0.929639	    0.070361	1	    0.935055	   0.0649453	    0.612586	    0.387414
86	-0.84935863194063	4	1	511	    0.647921	    0.352079	1	  0.00710497	    0.992895	2	   0.0103428	    0.989657	  0.00114646	    0.998854
86	1.94476763312157	4	3	512	    0.647921	    0.352079	1	    0.680493	    0.319507	1	    0.845896	    0.154104	    0.376109	    0.623891
86	-0.620712043647173	4	3	513	    0.647921	    0.352079	1	   0.0639181	    0.936082	2	   0.0926265	    0.907374	   0.0110869	    0.988913
86	1.32680380234575	3	3	514	    0.647921	    0.352079	1	    0.741705	    0.258295	1	    0.889612	    0.110388	    0.469517	    0.530483
86	0.0684345573044693	3	5	515	    0.647921	    0.352079	1	    0.726557	    0.273443	1	     0.87954	     0.12046	    0.445027	    0.554973
86	1.72851456712881	1	6	516	    0.647921	    0.352079	1	    0.998395	  0.00160462	1	    0.999582	 0.000417554	    0.996211	  0.00378915
87	0.59050480609537	3	2	517	    0.297485	    0.702515	2	    0.228674	    0.771326	2	    0.518735	    0.481265	    0.105846	    0.894154
87	2.04103676839204	3	1	518	    0.297485	    0.702515	2	    0.410711	    0.589289	2	    0.763213	    0.236787	    0.261442	    0.738558
87	0.145303365668108	4	0	519	    0.297485	    0.702515	2	  0.00918462	    0.990815	2	   0.0244043	    0.975596	  0.00273973	     0.99726
87	-1.37322781126636	4	1	520	    0.297485	    0.702515	2	  0.00137406	    0.998626	2	  0.00366521	    0.996335	 0.000403851	    0.999596
87	2.2995983992762	3	4	521	    0.297485	    0.702515	2	    0.914478	   0.0855224	1	    0.985829	   0.0141708	    0.884263	    0.115737
87	0.347671790664801	2	3	522	    0.297485	    0.702515	2	    0.536356	    0.463644	1	    0.858527	    0.141473	    0.399931	    0.600069
88	2.54978987541315	2	4	523	    0.989786	   0.0102143	1	    0.996454	  0.00354558	1	    0.996718	  0.00328179	    0.970892	   0.0291076
88	0.944135760769215	3	1	524	    0.989786	   0.0102143	1	    0.420196	    0.579804	2	    0.423761	    0.576239	   0.0747292	    0.925271
88	1.36376472966439	1	5	525	    0.989786	   0.0102143	1	    0.998155	  0.00184528	1	    0.998294	  0.00170619	    0.984676	   0.0153236
88	2.21472926331807	2	5	526	    0.989786	   0.0102143	1	    0.997939	  0.00206079	1	    0.998094	  0.00190571	    0.982912	   0.0170882
88	1.63189666721829	2	7	527	    0.989786	   0.0102143	1	    0.999327	 0.000672638	1	    0.999379	 0.000621475	     0.99437	  0.00563039
88	1.23020995942995	3	3	528	    0.989786	   0.0102143	1	    0.871122	    0.128878	1	    0.875612	    0.124388	    0.436017	    0.563983
89	-1.6804032018207	3	0	529	   0.0466768	    0.953323	2	 0.000383628	    0.999616	2	  0.00253033	     0.99747	 0.000278521	    0.999721
89	0.589655042135332	2	2	530	   0.0466768	    0.953323	2	    0.304092	    0.695908	2	    0.780437	    0.219563	    0.280769	    0.719231
89	-1.06243779677379	4	4	531	   0.0466768	    0.953323	2	   0.0159557	    0.984044	2	   0.0988134	    0.901187	   0.0118989	    0.988101
89	-1.02444289407569	3	4	532	   0.0466768	    0.953323	2	   0.0522892	    0.947711	2	    0.280736	    0.719264	   0.0411039	    0.958896
89	2.8556035044284	3	1	533	   0.0466768	    0.953323	2	    0.486185	    0.513815	2	    0.888413	    0.111587	    0.466491	    0.533509
89	-0.0866900893104263	4	1	534	   0.0466768	    0.953323	2	  0.00630437	    0.993696	2	   0.0405945	    0.959406	  0.00462545	    0.995375
90	-0.0235261647433183	2	1	535	    0.119456	    0.880544	2	   0.0877018	    0.912298	2	      0.3398	      0.6602	    0.053502	    0.946498
90	0.392094877508773	3	3	536	    0.119456	    0.880544	2	    0.236282	    0.763718	2	    0.663906	    0.336094	     0.17827	     0.82173
90	-1.36839711309592	3	1	537	    0.119456	    0.880544	2	  0.00263272	    0.997367	2	   0.0121203	     0.98788	  0.00134563	    0.998654
90	1.90869288820077	4	2	538	    0.119456	    0.880544	2	    0.244946	    0.755054	2	    0.676054	    0.323946	    0.186462	    0.813538
90	0.883269980305244	4	1	539	    0.119456	    0.880544	2	   0.0394277	    0.960572	2	    0.169009	    0.830991	   0.0218486	    0.978151
90	1.90121768666967	3	3	540	    0.119456	    0.880544	2	    0.688318	    0.311682	1	    0.944972	   0.0550276	    0.653499	    0.346501
91	0.23152554590991	3	3	541	  0.00819791	    0.991802	2	    0.146665	    0.853335	2	    0.602862	    0.397138	    0.142894	    0.857106
91	-0.0924323850958732	3	2	542	  0.00819791	    0.991802	2	     0.03862	     0.96138	2	    0.258124	    0.741876	   0.0368056	    0.963194
91	-0.191893730674608	3	2	543	  0.00819791	    0.991802	2	   0.0326998	      0.9673	2	    0.226169	    0.773831	   0.0311007	    0.968899
91	-1.1724919387817	4	1	544	  0.00819791	    0.991802	2	 0.000647402	    0.999353	2	  0.00550235	    0.994498	 0.000607272	    0.999393
91	0.130729734163667	4	2	545	  0.00819791	    0.991802	2	   0.0176358	    0.982364	2	    0.133761	    0.866239	   0.0166759	    0.983324
91	-0.792853550873493	4	0	546	  0.00819791	    0.991802	2	 0.000542027	    0.999458	2	  0.00461018	     0.99539	 0.000508401	    0.999492
92	1.62460477981369	2	1	547	    0.928221	   0.0717795	1	    0.830235	    0.169765	1	    0.862841	    0.137159	    0.408595	    0.591405
92	0.501775773534296	3	3	548	    0.928221	   0.0717795	1	    0.666389	    0.333611	1	    0.702025	    0.297975	     0.20556	     0.79444
92	1.13978901215716	1	3	549	    0.928221	   0.0717795	1	    0.977914	   0.0220859	1	    0.985399	    0.014601	    0.881122	    0.118878
92	-1.01091077057451	4	2	550	    0.928221	   0.0717795	1	   0.0176268	    0.982373	2	   0.0188272	    0.981173	  0.00210296	    0.997897
92	0.794314493772054	2	4	551	    0.928221	   0.0717795	1	    0.954505	   0.0454953	1	    0.968607	   0.0313927	    0.772137	    0.227863
92	1.56971404592547	1	8	552	    0.928221	   0.0717795	1	    0.999871	 0.000128522	1	    0.999919	 8.12725e-05	     0.99926	 0.000739529
93	0.288813794641071	3	1	553	    0.940777	    0.059223	1	    0.198033	    0.801967	2	    0.208727	    0.791273	   0.0281548	    0.971845
93	1.93728284652373	1	2	554	    0.940777	    0.059223	1	    0.981869	   0.0181309	1	    0.987319	    0.012681	    0.895297	    0.104703
93	-0.20723965419898	3	2	555	    0.940777	    0.059223	1	    0.210138	    0.789862	2	    0.221459	    0.778541	   0.0302939	    0.969706
93	1.32850153783869	3	6	556	    0.940777	    0.059223	1	    0.988819	   0.0111805	1	     0.99228	  0.00771992	    0.933847	   0.0661533
93	2.10132041033808	2	3	557	    0.940777	    0.059223	1	    0.980567	   0.0194329	1	    0.986376	   0.0136238	    0.888287	    0.111713
93	2.29414982309176	3	5	558	    0.940777	    0.059223	1	    0.991674	   0.0083262	1	    0.994282	    0.005718	    0.950242	   0.0497583
94	0.760151111009297	4	1	559	    0.425248	    0.574752	2	   0.0718775	    0.928123	2	    0.144424	    0.855576	   0.0182015	    0.981799
94	0.93318869683007	3	2	560	    0.425248	    0.574752	2	     0.37018	     0.62982	2	     0.64537	     0.35463	    0.166573	    0.833427
94	2.54503612347102	3	3	561	    0.425248	    0.574752	2	    0.873565	    0.126435	1	    0.973247	    0.026753	    0.799813	    0.200187
94	-2.09093393385194	4	3	562	    0.425248	    0.574752	2	  0.00242346	    0.997577	2	  0.00495949	    0.995041	 0.000547094	    0.999453
94	-0.999130749018346	2	4	563	    0.425248	    0.574752	2	    0.319091	    0.680909	2	    0.575319	    0.424681	    0.129512	    0.870488
94	1.27194506983296	2	5	564	    0.425248	    0.574752	2	    0.965584	   0.0344161	1	    0.993629	  0.00637148	    0.944834	   0.0551657
95	1.06997720124014	1	4	565	    0.161216	    0.838784	2	    0.951981	   0.0480194	1	    0.993527	  0.00647346	    0.943995	   0.0560046
95	0.179363580259027	2	2	566	    0.161216	    0.838784	2	    0.244368	    0.755632	2	    0.646273	    0.353727	    0.167122	    0.832878
95	0.762585249382102	3	1	567	    0.161216	    0.838784	2	    0.106396	    0.893604	2	    0.358766	    0.641234	   0.0578895	     0.94211
95	0.306562532276238	2	2	568	    0.161216	    0.838784	2	     0.27824	     0.72176	2	    0.692852	    0.307148	    0.198551	    0.801449
95	-1.88271499109724	2	1	569	    0.161216	    0.838784	2	  0.00341704	    0.996583	2	   0.0134291	    0.986571	   0.0014927	    0.998507
95	1.55611443571085	4	0	570	    0.161216	    0.838784	2	   0.0467898	     0.95321	2	    0.173213	    0.826787	   0.0224911	    0.977509
96	-0.408191456220488	2	1	571	   0.0226077	    0.977392	2	    0.031849	    0.968151	2	    0.206619	    0.793381	   0.0278064	    0.972194
96	-1.85029634011891	4	1	572	   0.0226077	    0.977392	2	 0.000174039	    0.999826	2	  0.00133795	    0.998662	 0.000147116	    0.999853
96	-1.51951090300651	3	2	573	   0.0226077	    0.977392	2	  0.00291326	    0.997087	2	   0.0220535	    0.977947	  0.00247053	    0.997529
96	1.76089468902443	1	3	574	   0.0226077	    0.977392	2	    0.946227	   0.0537731	1	    0.993664	  0.00633562	     0.94513	   0.0548704
96	-1.4206124669999	4	0	575	   0.0226077	    0.977392	2	 0.000172294	    0.999828	2	  0.00132456	    0.998675	 0.000145642	    0.999854
96	-0.758255881100465	3	1	576	   0.0226077	    0.977392	2	  0.00528385	    0.994716	2	   0.0394731	    0.960527	  0.00449303	    0.995507
97	0.0870422384398002	2	1	577	    0.785772	    0.214228	1	    0.314955	    0.685045	2	    0.383395	    0.616605	   0.0639225	    0.936078
97	2.05070369982433	1	1	578	    0.785772	    0.214228	1	    0.934836	   0.0651645	1	    0.972648	   0.0273523	    0.796143	    0.203857
97	0.00945325287193821	3	6	579	    0.785772	    0.214228	1	    0.879498	    0.120502	1	    0.943198	   0.0568018	     0.64585	     0.35415
97	0.679425149669496	3	5	580	    0.785772	    0.214228	1	    0.894333	    0.105667	1	    0.951697	   0.0483033	    0.683928	    0.316072
97	2.19228978640027	3	1	581	    0.785772	    0.214228	1	     0.68788	     0.31212	1	    0.794248	    0.205752	    0.297729	    0.702271
97	0.685903472687792	4	1	582	    0.785772	    0.214228	1	    0.106326	    0.893674	2	    0.130878	    0.869122	   0.0162692	    0.983731
98	1.08553752623982	4	2	583	    0.504298	    0.495702	1	    0.240621	    0.759379	2	     0.40798	     0.59202	   0.0703592	    0.929641
98	-0.160117902316706	2	4	584	    0.504298	    0.495702	1	    0.642345	    0.357655	1	    0.865899	    0.134101	    0.414914	    0.585086
98	2.28623476971121	2	1	585	    0.504298	    0.495702	1	    0.773334	    0.226666	1	    0.934285	   0.0657146	    0.609592	    0.390408
98	0.454385898767385	4	1	586	    0.504298	    0.495702	1	   0.0533608	    0.946639	2	   0.0946537	    0.905346	   0.0113519	    0.988648
98	0.261514379831713	2	4	587	    0.504298	    0.495702	1	    0.762711	    0.237289	1	    0.929825	   0.0701751	      0.5927	      0.4073
98	0.298508387907276	1	0	588	    0.504298	    0.495702	1	     0.32714	     0.67286	2	    0.537461	    0.462539	    0.113172	    0.886828
99	1.08196244981084	4	3	589	    0.718426	    0.281574	1	    0.499555	    0.500445	2	    0.632941	    0.367059	    0.159225	    0.840775
99	0.339751112525492	4	1	590	    0.718426	    0.281574	1	   0.0600638	    0.939936	2	    0.079902	    0.920098	  0.00944722	    0.990553
99	1.98204331510512	2	3	591	    0.718426	    0.281574	1	    0.952992	   0.0470082	1	    0.984292	   0.0157076	    0.873129	    0.126871
99	1.29836475921038	4	0	592	    0.718426	    0.281574	1	   0.0967917	    0.903208	2	    0.128483	    0.871517	    0.015933	    0.984067
99	2.41098458929455	3	3	593	    0.718426	    0.281574	1	    0.914485	    0.085515	1	    0.969117	   0.0308834	    0.775094	    0.224906
99	3.26987397129694	2	1	594	    0.718426	    0.281574	1	    0.928888	   0.0711123	1	    0.975058	    0.024942	    0.811086	    0.188914
100	2.38764294775944	2	8	595	    0.907674	   0.0923257	1	    0.999828	 0.000171979	1	    0.999902	 9.84051e-05	    0.999105	   0.0008953
100	-0.912693695112152	1	1	596	    0.907674	   0.0923257	1	    0.229946	    0.770054	2	    0.249748	    0.750252	   0.0352699	     0.96473
100	2.06464270240603	2	2	597	    0.907674	   0.0923257	1	    0.945265	    0.054735	1	    0.964968	   0.0350322	    0.751563	    0.248437
100	0.222940889551835	4	1	598	    0.907674	   0.0923257	1	   0.0613972	    0.938603	2	   0.0668483	    0.933152	  0.00780616	    0.992194
100	1.90341716013357	3	3	599	    0.907674	   0.0923257	1	    0.918248	   0.0817517	1	    0.945115	   0.0548853	     0.65412	     0.34588
100	1.17710728146189	2	5	600	    0.907674	   0.0923257	1	    0.987615	   0.0123851	1	    0.992721	  0.00727896	    0.937415	   0.0625852
101	0.730692780192118	3	3	601	    0.993405	  0.00659541	1	    0.767899	    0.232101	1	    0.771204	    0.228796	    0.270173	    0.729827
101	1.94600962132368	2	3	602	    0.993405	  0.00659541	1	    0.982831	   0.0171694	1	    0.983592	   0.0164079	    0.868137	    0.131863
101	1.63440857470274	2	4	603	    0.993405	  0.00659541	1	    0.989755	   0.0102451	1	    0.990234	  0.00976609	    0.917599	   0.0824011
101	3.05064301160806	1	2	604	    0.993405	  0.00659541	1	     0.99604	  0.00395962	1	    0.996235	  0.00376505	    0.966733	   0.0332669
101	0.705172989902441	1	2	605	    0.993405	  0.00659541	1	      0.9314	   0.0685998	1	    0.933555	   0.0664446	    0.606773	    0.393227
101	0.90218442741455	1	2	606	    0.993405	  0.00659541	1	     0.94806	   0.0519398	1	     0.94987	   0.0501297	     0.67543	     0.32457
102	2.05696747598385	3	1	607	    0.471788	    0.528212	2	    0.501779	    0.498221	1	    0.766676	    0.233324	    0.265178	    0.734822
102	1.1022000094478	3	2	608	    0.471788	    0.528212	2	    0.437824	    0.562176	2	    0.699801	    0.300199	    0.203832	    0.796168
102	0.419292712912367	4	1	609	    0.471788	    0.528212	2	   0.0480957	    0.951904	2	   0.0899243	    0.910076	   0.0107353	    0.989265
102	-1.41037813140099	2	1	610	    0.471788	    0.528212	2	   0.0190476	    0.980952	2	   0.0358233	    0.964177	   0.0040639	    0.995936
102	1.23348526905104	2	2	611	    0.471788	    0.528212	2	    0.692596	    0.307404	1	    0.902768	   0.0972319	    0.504876	    0.495124
102	1.72728126896846	1	7	612	    0.471788	    0.528212	2	    0.999123	 0.000877305	1	    0.999834	 0.000166318	    0.998488	  0.00151234
103	-1.35090511147262	2	0	613	  0.00477212	    0.995228	2	  0.00190005	      0.9981	2	   0.0164229	    0.983577	  0.00183041	     0.99817
103	-0.478872287662019	4	4	614	  0.00477212	    0.995228	2	   0.0364075	    0.963593	2	    0.250363	    0.749637	   0.0353816	    0.964618
103	-1.0524731331326	4	1	615	  0.00477212	    0.995228	2	 0.000800911	    0.999199	2	  0.00697921	    0.993021	 0.000771287	    0.999229
103	0.24977184329909	4	1	616	  0.00477212	    0.995228	2	  0.00845213	    0.991548	2	   0.0696788	    0.930321	  0.00815854	    0.991841
103	-2.38015786605004	3	2	617	  0.00477212	    0.995228	2	 0.000386729	    0.999613	2	   0.0033804	     0.99662	 0.000372374	    0.999628
103	0.823585548155334	2	0	618	  0.00477212	    0.995228	2	   0.0830574	    0.916943	2	    0.446274	    0.553726	   0.0813158	    0.918684
104	-1.57790394805522	2	3	619	    0.321854	    0.678146	2	   0.0578606	    0.942139	2	    0.142122	    0.857878	   0.0178693	    0.982131
104	1.21883084589176	1	4	620	    0.321854	    0.678146	2	      0.9673	   0.0327003	1	    0.994764	  0.00523604	    0.954265	    0.045735
104	1.45445320587705	4	5	621	    0.321854	    0.678146	2	    0.758877	    0.241123	1	    0.948442	   0.0515581	    0.668907	    0.331093
104	1.27030139641619	4	0	622	    0.321854	    0.678146	2	   0.0503537	    0.949646	2	    0.124151	    0.875849	    0.015329	    0.984671
104	0.591242817726699	4	4	623	    0.321854	    0.678146	2	    0.342406	    0.657594	2	    0.673985	    0.326015	    0.185036	    0.814964
104	-0.286888197375499	2	1	624	    0.321854	    0.678146	2	    0.102094	    0.897906	2	    0.244782	    0.755218	   0.0343732	    0.965627
105	0.679613514601571	4	1	625	   0.0977255	    0.902274	2	   0.0272216	    0.972778	2	    0.129774	    0.870226	    0.016114	    0.983886
105	-0.577283623757876	4	3	626	   0.0977255	    0.902274	2	   0.0205776	    0.979422	2	    0.099666	    0.900334	   0.0120115	    0.987988
105	0.414885507282731	4	0	627	   0.0977255	    0.902274	2	  0.00751759	    0.992482	2	   0.0375421	    0.962458	  0.00426563	    0.995734
105	2.16168373808618	1	3	628	   0.0977255	    0.902274	2	    0.968732	   0.0312679	1	    0.996122	    0.003878	    0.965765	   0.0342345
105	0.643514065647467	3	4	629	   0.0977255	    0.902274	2	     0.49088	     0.50912	2	    0.881071	    0.118929	    0.448619	    0.551381
105	-1.95523283614566	4	2	630	   0.0977255	    0.902274	2	 0.000526308	    0.999474	2	  0.00267088	    0.997329	 0.000294029	    0.999706
106	2.48402525163475	1	2	631	    0.934563	   0.0654373	1	    0.989904	   0.0100957	1	    0.993268	  0.00673246	    0.941871	   0.0581294
106	1.79650507341441	3	6	632	    0.934563	   0.0654373	1	    0.993718	  0.00628249	1	    0.995842	  0.00415793	    0.963375	   0.0366251
106	1.2990072475253	1	5	633	    0.934563	   0.0654373	1	     0.99716	  0.00283953	1	    0.998134	  0.00186625	     0.98326	   0.0167397
106	0.521988414200193	4	0	634	    0.934563	   0.0654373	1	   0.0416899	     0.95831	2	   0.0442547	    0.955745	  0.00505961	     0.99494
106	1.14997631647382	4	2	635	    0.934563	   0.0654373	1	    0.407414	    0.592586	2	    0.430572	    0.569428	   0.0766767	    0.923323
106	0.168164531132763	1	3	636	    0.934563	   0.0654373	1	    0.916368	   0.0836325	1	    0.937078	   0.0629217	     0.62058	     0.37942
107	0.652363280224503	4	6	637	    0.955668	   0.0443318	1	    0.920722	    0.079278	1	    0.935022	   0.0649781	    0.612458	    0.387542
107	-2.41142731243168	4	1	638	    0.955668	   0.0443318	1	 0.000364773	    0.999635	2	 0.000379759	     0.99962	 4.17213e-05	    0.999958
107	2.30260242756305	1	4	639	    0.955668	   0.0443318	1	    0.998222	  0.00177785	1	    0.998688	  0.00131199	     0.98818	   0.0118205
107	0.754239331314868	1	3	640	    0.955668	   0.0443318	1	    0.967012	   0.0329878	1	    0.974429	   0.0255715	    0.807137	    0.192863
107	0.0566745720588264	3	4	641	    0.955668	   0.0443318	1	    0.717702	    0.282298	1	    0.739951	    0.260049	    0.238095	    0.761905
107	1.62849433448161	2	5	642	    0.955668	   0.0443318	1	    0.994699	  0.00530134	1	    0.996064	  0.00393612	    0.965268	   0.0347317
108	-0.170622484997973	4	1	643	   0.0356025	    0.964398	2	  0.00510892	    0.994891	2	   0.0352464	    0.964754	  0.00399634	    0.996004
108	0.97796243819476	3	0	644	   0.0356025	    0.964398	2	   0.0398635	    0.960137	2	     0.23511	     0.76489	   0.0326556	    0.967344
108	0.224773976424729	2	0	645	   0.0356025	    0.964398	2	   0.0403595	    0.959641	2	    0.237525	    0.762475	   0.0330808	    0.966919
108	0.780639033194498	4	1	646	   0.0356025	    0.964398	2	   0.0233816	    0.976618	2	    0.148331	    0.851669	   0.0187688	    0.981231
108	2.16893243674684	2	5	647	   0.0356025	    0.964398	2	    0.982555	   0.0174451	1	    0.997989	  0.00201074	    0.981985	   0.0180149
108	-0.0746901007735987	3	0	648	   0.0356025	    0.964398	2	  0.00788144	    0.992119	2	   0.0536764	    0.946324	  0.00619084	    0.993809
109	0.731617002607891	4	2	649	    0.922181	   0.0778192	1	    0.269808	    0.730192	2	     0.28897	     0.71103	   0.0427272	    0.957273
109	0.169126909849531	1	5	650	    0.922181	   0.0778192	1	    0.983482	   0.0165176	1	    0.989514	   0.0104857	    0.912003	   0.0879975
109	1.23066021200623	3	2	651	    0.922181	   0.0778192	1	    0.697839	    0.302161	1	    0.736878	    0.263122	    0.235221	    0.764779
109	1.33702305376796	2	4	652	    0.922181	   0.0778192	1	    0.977411	   0.0225891	1	    0.985484	   0.0145159	    0.881741	    0.118259
109	1.14541482634915	4	3	653	    0.922181	   0.0778192	1	    0.616403	    0.383597	1	    0.653917	    0.346083	    0.171851	    0.828149
109	1.48321567837602	1	5	654	    0.922181	   0.0778192	1	    0.997647	  0.00235262	1	     0.99855	  0.00144998	    0.986951	   0.0130492
110	0.80806282742745	4	5	655	   0.0895617	    0.910438	2	    0.482838	    0.517162	2	    0.879039	    0.120961	    0.443863	    0.556137
110	1.78578776517178	4	0	656	   0.0895617	    0.910438	2	   0.0471376	    0.952862	2	    0.220325	    0.779675	   0.0301008	    0.969899
110	2.49644066805784	4	2	657	   0.0895617	    0.910438	2	    0.357396	    0.642604	2	    0.805963	    0.194037	     0.31327	     0.68673
110	-0.864783217301337	3	1	658	   0.0895617	    0.910438	2	  0.00624011	     0.99376	2	   0.0324125	    0.967587	  0.00366548	    0.996335
110	-0.622084581554434	4	2	659	   0.0895617	    0.910438	2	  0.00751438	    0.992486	2	   0.0389068	    0.961093	  0.00442625	    0.995574
110	0.265486978350993	3	3	660	   0.0895617	    0.910438	2	    0.191685	    0.808315	2	    0.616244	    0.383756	     0.14992	     0.85008
111	2.52892811949847	4	3	661	    0.216984	    0.783016	2	    0.623929	    0.376071	1	    0.915436	   0.0845644	    0.543148	    0.456852
111	1.14987602996374	4	3	662	    0.216984	    0.783016	2	    0.277479	    0.722521	2	    0.655362	    0.344638	    0.172763	    0.827237
111	3.68441880746713	3	2	663	    0.216984	    0.783016	2	     0.85669	     0.14331	1	     0.97698	   0.0230198	    0.823356	    0.176644
111	-1.4909755968058	3	1	664	    0.216984	    0.783016	2	  0.00286313	    0.997137	2	  0.00942727	    0.990573	  0.00104412	    0.998956
111	0.542931996384784	3	1	665	    0.216984	    0.783016	2	   0.0944837	    0.905516	2	     0.28447	     0.71553	   0.0418361	    0.958164
111	-1.02469895305302	4	0	666	    0.216984	    0.783016	2	 0.000892389	    0.999108	2	  0.00294319	    0.997057	 0.000324086	    0.999676
112	1.3687312103521	2	4	667	    0.989066	   0.0109335	1	    0.985006	   0.0149942	1	    0.986098	   0.0139023	    0.886234	    0.113766
112	2.20851403467737	4	6	668	    0.989066	   0.0109335	1	     0.99105	  0.00895015	1	    0.991731	  0.00826905	    0.929437	   0.0705633
112	0.585318754710194	3	5	669	    0.989066	   0.0109335	1	    0.941275	   0.0587251	1	     0.94448	   0.0555202	     0.65136	     0.34864
112	0.785955523017845	1	6	670	    0.989066	   0.0109335	1	    0.998294	  0.00170591	1	    0.998431	  0.00156884	    0.985895	   0.0141055
112	0.464084725858676	3	1	671	    0.989066	   0.0109335	1	    0.257183	    0.742817	2	    0.259616	    0.740384	   0.0370823	    0.962918
112	2.88653508352424	3	4	672	    0.989066	   0.0109335	1	    0.991777	  0.00822306	1	    0.992406	  0.00759392	    0.934864	   0.0651361
113	-0.399775660000212	4	4	673	    0.474664	    0.525336	2	    0.153524	    0.846476	2	     0.27844	     0.72156	    0.040657	    0.959343
113	2.36546779752224	3	4	674	    0.474664	    0.525336	2	    0.936871	   0.0631291	1	     0.98684	   0.0131602	    0.891722	    0.108278
113	1.44750853227415	1	5	675	    0.474664	    0.525336	2	    0.992088	  0.00791244	1	    0.998478	  0.00152169	    0.986313	   0.0136867
113	1.49269281556797	2	1	676	    0.474664	    0.525336	2	    0.591828	    0.408172	1	    0.840712	    0.159288	     0.36695	     0.63305
113	1.25903800499049	4	0	677	    0.474664	    0.525336	2	   0.0660471	    0.933953	2	    0.122442	    0.877558	   0.0150922	    0.984908
113	-1.94032687130331	4	1	678	    0.474664	    0.525336	2	 0.000585141	    0.999415	2	  0.00109903	    0.998901	  0.00012082	    0.999879
114	-0.782252078492046	3	3	679	  0.00520727	    0.994793	2	   0.0274478	    0.972552	2	    0.198937	    0.801063	   0.0265501	     0.97345
114	-1.65363020018788	4	0	680	  0.00520727	    0.994793	2	 9.30809e-05	    0.999907	2	  0.00081265	    0.999187	 8.93143e-05	    0.999911
114	-0.0944068116381398	3	2	681	  0.00520727	    0.994793	2	   0.0378336	    0.962166	2	    0.257467	    0.742533	    0.036684	    0.963316
114	-0.409333872131551	3	2	682	  0.00520727	    0.994793	2	   0.0220274	    0.977973	2	    0.165243	    0.834757	   0.0212777	    0.978722
114	0.423943481347055	3	1	683	  0.00520727	    0.994793	2	    0.035953	    0.964047	2	    0.247408	    0.752592	   0.0348461	    0.965154
114	-1.01471970292749	2	1	684	  0.00520727	    0.994793	2	  0.00933682	    0.990663	2	   0.0762696	     0.92373	  0.00898646	    0.991014
115	0.218537529907511	4	2	685	    0.500656	    0.499344	1	    0.085584	    0.914416	2	    0.151728	    0.848272	   0.0192658	    0.980734
115	1.09538500512467	2	5	686	    0.500656	    0.499344	1	    0.961036	   0.0389642	1	    0.991822	  0.00817763	    0.930168	   0.0698316
115	1.61042370418542	2	6	687	    0.500656	    0.499344	1	    0.991986	  0.00801386	1	    0.998394	  0.00160633	    0.985562	   0.0144382
115	-2.09897874143688	4	2	688	    0.500656	    0.499344	1	  0.00107924	    0.998921	2	  0.00194251	    0.998057	 0.000213706	    0.999786
115	0.681757145795892	4	2	689	    0.500656	    0.499344	1	    0.156714	    0.843286	2	    0.273432	    0.726568	   0.0396905	     0.96031
115	1.09289706624682	3	3	690	    0.500656	    0.499344	1	    0.620864	    0.379136	1	    0.852615	    0.147385	    0.388504	    0.611496
116	-2.1546029022906	2	1	691	    0.981721	   0.0182795	1	  0.00727199	    0.992728	2	  0.00739218	    0.992608	 0.000817227	    0.999183
116	3.25083391482679	3	6	692	    0.981721	   0.0182795	1	    0.999022	 0.000978462	1	    0.999147	 0.000853048	    0.992286	  0.00771397
116	1.70387398650212	1	2	693	    0.981721	   0.0182795	1	    0.980862	   0.0191383	1	    0.983034	    0.016966	    0.864194	    0.135806
116	2.37519707166252	1	8	694	    0.981721	   0.0182795	1	    0.999965	 3.46998e-05	1	     0.99997	 3.02232e-05	    0.999725	 0.000275125
116	2.88766435939916	2	2	695	    0.981721	   0.0182795	1	    0.983681	   0.0163185	1	    0.985568	   0.0144318	    0.882355	    0.117645
116	0.884412215658983	4	5	696	    0.981721	   0.0182795	1	    0.883107	    0.116893	1	    0.890754	    0.109246	    0.472428	    0.527572
117	-0.610746217314963	4	1	697	    0.705836	    0.294164	1	   0.0119463	    0.988054	2	   0.0161739	    0.983826	  0.00180225	    0.998198
117	0.903296461584573	2	4	698	    0.705836	    0.294164	1	    0.922197	   0.0778028	1	    0.973234	   0.0267657	    0.799736	    0.200264
117	0.647401708558508	4	0	699	    0.705836	    0.294164	1	    0.039493	    0.960507	2	   0.0533866	    0.946613	  0.00615575	    0.993844
117	0.267192351504983	2	5	700	    0.705836	    0.294164	1	    0.916964	    0.083036	1	    0.971132	   0.0288678	     0.78699	     0.21301
117	1.34269845136595	1	2	701	    0.705836	    0.294164	1	    0.921018	   0.0789822	1	    0.972764	   0.0272357	    0.796854	    0.203146
117	0.671745958881797	4	4	702	    0.705836	    0.294164	1	    0.554995	    0.445005	1	    0.700969	    0.299031	    0.204737	    0.795263
118	1.20563671904364	3	5	703	    0.975603	   0.0243974	1	     0.97357	   0.0264299	1	    0.977278	   0.0227217	    0.825287	    0.174713
118	2.87961339010348	3	4	704	    0.975603	   0.0243974	1	    0.990941	  0.00905931	1	    0.992354	  0.00764638	     0.93444	   0.0655598
118	-0.288985419298543	3	4	705	    0.975603	   0.0243974	1	    0.597468	    0.402532	1	     0.60876	     0.39124	    0.145945	    0.854055
118	1.68610152718916	1	5	706	    0.975603	   0.0243974	1	    0.998674	  0.00132577	1	    0.998891	  0.00110871	    0.989995	   0.0100053
118	0.807766087724348	4	4	707	    0.975603	   0.0243974	1	     0.73055	     0.26945	1	    0.742798	    0.257202	    0.240799	    0.759201
118	1.42223911961513	3	3	708	    0.975603	   0.0243974	1	    0.892119	    0.107881	1	    0.901867	   0.0981329	     0.50232	     0.49768
119	1.30792079659003	4	3	709	  0.00898603	    0.991014	2	    0.211496	    0.788504	2	    0.703901	    0.296099	    0.207031	    0.792969
119	-0.927253080908024	1	1	710	  0.00898603	    0.991014	2	   0.0362071	    0.963793	2	    0.244478	    0.755522	   0.0343186	    0.965681
119	-0.634121650761519	4	3	711	  0.00898603	    0.991014	2	   0.0115312	    0.988469	2	   0.0905369	    0.909463	   0.0108149	    0.989185
119	0.0884466161387425	3	0	712	  0.00898603	    0.991014	2	  0.00872791	    0.991272	2	   0.0698034	    0.930197	  0.00817411	    0.991826
119	-1.41318833085107	4	2	713	  0.00898603	    0.991014	2	  0.00100241	    0.998998	2	   0.0084485	    0.991552	 0.000934891	    0.999065
119	-0.0356478529151299	4	2	714	  0.00898603	    0.991014	2	   0.0134304	     0.98657	2	    0.104155	    0.895845	   0.0126078	    0.987392
120	0.621798368214459	4	2	715	   0.0626102	     0.93739	2	   0.0499962	    0.950004	2	    0.255296	    0.744704	   0.0362838	    0.963716
120	1.76696786332715	1	6	716	   0.0626102	     0.93739	2	    0.996594	  0.00340632	1	    0.999603	 0.000397448	    0.996393	  0.00360729
120	-0.594285666127942	3	0	717	   0.0626102	     0.93739	2	  0.00364892	    0.996351	2	   0.0217724	    0.978228	  0.00243842	    0.997562
120	-2.16708946686792	3	0	718	   0.0626102	     0.93739	2	 0.000144274	    0.999856	2	 0.000871014	    0.999129	 9.57337e-05	    0.999904
120	1.48680488564392	3	1	719	   0.0626102	     0.93739	2	     0.17743	     0.82257	2	    0.613258	    0.386742	     0.14832	     0.85168
120	1.06555227692901	4	1	720	   0.0626102	     0.93739	2	   0.0397837	    0.960216	2	    0.210209	    0.789791	   0.0284007	    0.971599
