-1.57754001031298 -1.78654785652062 1 1
1.71099079972069 1.5278174526375 1 2
-2.02064750059738 -1.1986760687992 1 3
-2.49714055165952 -1.65600895738311 1 4
-1.28092044342092 -1.6045821474485 1 5
-1.29120008567907 -1.70912112966596 1 6
-1.27477754190671 -2.05368209406347 1 7
-1.6358064029874 -1.11440510967366 1 8
-1.78851865133868 -1.27211411440505 1 9
-2.42237603152498 -1.47457420889475 1 10
-2.58860774851612 -1.95500895119727 1 11
-2.34267976255551 -0.206511860086575 1 12
-2.08454651909259 -2.31122779031363 1 13
1.97537640330464 1.54372503039957 1 14
-1.30447170864782 -0.897826031597596 1 15
-2.54154502287356 -0.728810226346858 1 16
-2.78983592109998 -2.03037461595541 2 17
-1.32205850854369 -0.0154473182472409 2 18
-2.55917125779191 -2.06059363478575 2 19
-2.02406547370101 -2.1440242846453 2 20
-2.02976534548013 -1.11269905321581 2 21
-2.77509067134248 -2.22492548233344 2 22
-2.27225808984614 -0.458152197912681 2 23
-2.29789511117945 -1.06929990429686 2 24
-1.94977225135218 -3.09641271350157 2 25
2.01847516008034 0.806214330159359 2 26
-1.59473224110946 -1.5355458768879 2 27
-1.55354827038244 -1.49169517867605 2 28
-1.74601496036697 -1.33455767304478 2 29
-1.91529164130484 -1.22375036460271 2 30
-3.67634723259283 -1.23215882748108 2 31
2.1129282151202 1.17402517297887 2 32
-1.256329279203 -1.97122687614248 2 33
-2.36001885076146 -2.77310456187283 2 34
-2.08644716879257 -1.85968647783273 2 35
-1.15214468973156 -2.10776239839644 2 36
-2.11591295564972 -1.27575396337648 3 37
-1.28456862709789 -1.89500750112834 3 38
-2.17968735805917 -2.07987526650679 3 39
-2.37296541108251 -1.93979994877003 3 40
1.46406810690294 1.02807981592377 3 41
-2.17215446950209 -1.421241219596 3 42
-1.56850819083605 -1.26130893553308 3 43
-0.585845681421836 -0.724998273680316 3 44
-2.51546646947654 -2.03855767275682 3 45
-2.07668714376276 -2.20221071285471 3 46
-2.39394040018788 -0.917756512593454 3 47
-1.34409469006188 -2.42762236251158 3 48
-1.89885816425863 -2.07266685500032 3 49
-2.88958263177613 -1.89169664094519 3 50
-1.78926869122753 -0.562318823793513 3 51
2.46710219979698 1.44482966800505 3 52
-1.94747066437353 -1.36203330289812 3 53
-2.23834542411412 -1.82089786067258 3 54
-2.2323357819982 -0.429327998896157 3 55
-1.56654359619826 -1.59110267443834 3 56
-1.5028523331739 -1.87791839722715 3 57
-2.08264951420245 -0.210783381687987 3 58
-1.42609435655934 -0.627412694911277 3 59
-1.93998149121994 -0.77458804142479 3 60
-2.05957901809794 -0.814326970722867 4 61
-1.46709056877892 -0.392462642100041 4 62
-1.91359781153668 -1.42321240344796 4 63
-2.32702565564865 -1.49745463349794 4 64
-2.20065897928982 0.186107490689305 4 65
-1.86335023725079 -0.583104987603831 4 66
1.69893789968359 1.80596833422378 4 67
-2.85838762342498 -0.871943267320551 4 68
-2.58148360424233 -1.73828803653174 4 69
-2.90946697647716 -3.82969654706317 4 70
-2.60252134732631 -2.03523590665485 4 71
-0.715766266111559 -1.90143395442404 4 72
2.01985677431015 2.13592042447665 4 73
-1.38449243108272 -1.56817742728643 4 74
-2.08894717687177 -2.21215707077701 4 75
-1.87709192100735 -0.944499435718306 4 76
-1.89402592801703 -1.11553673842148 5 77
-2.10367743132846 -2.1615808208054 5 78
-1.1788329769639 -1.64100381824439 5 79
-1.80638408968895 -1.46720588421901 5 80
-1.91031279745115 -2.68626076973009 5 81
-1.69987523800155 -1.97088614754401 5 82
-1.46131082511364 -0.973732415343943 5 83
-1.95030831242573 -2.08962344118519 5 84
-1.49129591517912 -1.75496997163302 5 85
-2.19987587045671 -1.60015482201725 5 86
-1.63852191041955 -0.837868569436606 5 87
-1.53032884055079 -1.64008577185881 5 88
-2.89760440897749 -1.48148976200851 5 89
-2.10398653887002 -0.561341613623483 5 90
1.5175377442079 2.14528444237354 5 91
-3.00241542825884 -0.329100462084805 5 92
-1.86549106964516 -1.72213760493506 5 93
-3.17458700161034 -1.59099573463976 5 94
-1.72493826974552 -1.60740190198555 5 95
2.96402143667996 1.98677989909577 5 96
-2.23732173791496 -0.505827331458876 6 97
-2.76242812661379 -1.96592392208609 6 98
-0.655785026534295 -0.380028798695637 6 99
-3.46094040187381 -0.649112920978741 6 100
-2.46577294939826 -1.06102027547641 6 101
-1.88489097288504 -1.56528359733985 6 102
-1.75110780824105 -1.18502001531908 6 103
-1.8780607629427 -1.5661480275153 6 104
-3.10715244531936 -1.16124722507144 6 105
-1.49142088563694 -0.128466751390276 6 106
-2.87978131452826 -1.19745156029737 6 107
-2.24496282283086 -0.419947140960802 6 108
-1.87653571323142 -1.74390784787539 6 109
-2.44354362268339 -0.162843308121846 6 110
-1.7469938161262 -3.05730597520567 6 111
-2.78182830319492 -1.40354403021988 6 112
-1.86344207605548 -2.54506526030857 6 113
-1.96289210744005 -2.21001072400453 6 114
-1.87920178849556 -1.51721642866804 6 115
-1.69679584748163 -1.74694387495729 6 116
-1.31731664975395 -3.00370984093584 6 117
-1.85117935052612 -1.61107488514607 6 118
-3.25662270609351 -1.62479163621815 6 119
-1.97532420526674 -1.62344810845649 6 120
-2.19696047723963 -2.15746621101946 7 121
-2.11479748906741 -1.26643819318216 7 122
-3.33230340710929 -1.30638386444985 7 123
-2.68621474193816 -2.64382798709239 7 124
-2.72563673563257 -1.33625798163623 7 125
-2.17429151771876 -1.77474738284851 7 126
-2.37130294851619 -0.987481277235037 7 127
-1.35906769629892 -1.0285227417387 7 128
-2.35281639656713 -0.567553452479246 7 129
-2.60183199836701 -2.38653714942616 7 130
-2.16074935352181 -2.22252315213936 7 131
-1.2318329098385 -2.76651955432331 7 132
-2.07396573297072 -0.487279150564994 7 133
-2.50495900760073 -2.1221829456306 7 134
-1.27768409529276 -0.356200160792699 7 135
-1.82655026650647 -1.0725478093161 7 136
-2.53857883094244 -1.95255480313573 8 137
-2.15827636854537 -2.81528407347214 8 138
-2.19732598989952 -1.91433743591394 8 139
-2.58082944860861 -2.62950634877279 8 140
-1.79420757671313 -2.29225403808083 8 141
-2.42873226504173 -0.863927062044934 8 142
-1.14307880791779 -0.0838155157948109 8 143
-1.47514773459776 -2.02324718034599 8 144
-1.92626879025802 -1.01902312827208 8 145
-2.10506285693816 0.345478531971876 8 146
-1.52240957036941 -1.35535696863188 8 147
-2.66666525006386 -0.565791684593995 8 148
-2.40440247570692 -2.95943223335642 8 149
-1.92428411904185 -1.55921429401242 8 150
-1.82092423534267 -2.43113363808295 8 151
-2.34789616166973 -1.90268208891509 8 152
-2.93141389408823 -1.0303426548962 8 153
-0.206720083569095 -0.774767406404488 8 154
-2.02537048186468 -1.75089509029032 8 155
-2.67122232921951 -1.56501673323888 8 156
-2.65718525303912 -1.32224197975419 9 157
3.12459907172329 0.498975705533001 9 158
-2.20422528474501 -1.44568990379151 9 159
-2.18486814044234 -2.4278529868076 9 160
-1.33684869313319 -1.58783205576948 9 161
-1.37551207034725 -1.73346803160822 9 162
-2.33720445548023 -2.69867727936223 9 163
-1.38123467794942 -1.60167771610574 9 164
1.97613470760097 0.527768571725026 9 165
-2.48466450295727 -1.62602666657954 9 166
-3.11845282685437 -1.96191857104653 9 167
1.5376598573484 1.52929592966236 9 168
1.57262987587025 0.0480840509542397 9 169
-2.7128841634044 -0.692878200512534 9 170
-1.45342481440377 -1.02636142828411 9 171
1.89162654660144 2.61589373627558 9 172
0.621859358771713 0.817163617978958 9 173
-1.77888267122892 -1.9068623091383 9 174
-2.79446111009945 -0.881720000071041 9 175
-2.60895773653617 -1.35010848518361 9 176
-2.56691839745805 -2.52456585916114 9 177
-1.55529619623208 -2.72640790112208 9 178
-1.2778434361794 -1.56499682111974 9 179
1.85787613974616 2.21750802953053 9 180
-2.0041485713032 -1.07548836406001 10 181
-1.39408864776712 -0.996909896507793 10 182
-2.52776908907891 -1.96536423431107 10 183
-2.52479707615831 -3.11653435731311 10 184
-2.11285831270365 -1.1155934888521 10 185
-1.18602162497442 -0.237243331535049 10 186
-1.67837982519529 -1.73444832421942 10 187
-1.70805372316053 0.0619639042035508 10 188
-2.03386000213101 -2.15515115411619 10 189
1.40756459620344 1.44381851507883 10 190
-1.90410681978547 -0.122684529099962 10 191
-1.89601889082446 -1.71301684240548 10 192
-1.76303825788483 -1.65394350775654 10 193
-2.054671875556 -1.86858093642811 10 194
-2.585908898507 -1.60206316692753 10 195
-2.50174715532718 -1.64946578043745 10 196
-1.620029035908 -1.98140506943937 11 197
-2.39854448691793 -0.880084442230148 11 198
-2.33752567993919 -1.09550126092038 11 199
-2.31070543297952 -1.59364846090036 11 200
-1.82206115666218 -0.609734910864053 11 201
-2.8791469608983 -1.97610621157535 11 202
-1.92891540572826 -1.56455680730924 11 203
0.473184243032193 1.0962316626042 11 204
-1.94748223537923 -1.42863813008517 11 205
-1.84213037803237 -1.81198217832566 11 206
-1.87366894610732 0.0426397908483717 11 207
-2.22610837697923 -1.55978410997066 11 208
2.05939994258221 3.04959016456536 11 209
-1.26435201639344 -1.12388708527369 11 210
-1.50901276832468 -2.33482201509467 11 211
-2.56582659652478 -2.61811237076391 11 212
-2.63227228593762 -0.39106276166736 11 213
-1.74591356902189 -0.051200651096485 11 214
2.53037066355004 2.6905016634218 11 215
1.61762698163658 0.535595254646093 11 216
-2.15043114732255 0.144230341152492 12 217
-2.32209134421826 -1.73148767481591 12 218
-2.35819311621788 -2.43663561736399 12 219
-2.23218889780172 -1.16999347874521 12 220
-1.04837982376532 -0.97824336049719 12 221
-2.4586837279841 -1.12085419435669 12 222
2.51390130875802 0.456688620425517 12 223
1.16274686766186 2.19732957026634 12 224
-1.94616044512528 -0.954898480172155 12 225
-1.62259450061015 -0.486898706530515 12 226
-1.01113668902765 -0.648310369424914 12 227
-2.21568060062893 -1.10213196931969 12 228
-1.44383289443132 -0.639618681167631 12 229
-1.512680867622 -1.19048163985547 12 230
-3.31015411362437 -1.6123897419036 12 231
-2.06756394321784 -1.25168231791197 12 232
-2.30052997363664 -1.23818761337905 12 233
-3.04203152135138 -1.35162684218945 12 234
-1.86331742248301 -0.538780547328881 12 235
-2.05184073570313 -1.66201223271419 12 236
-1.28198663379109 -1.75114597910466 12 237
-1.17705100905841 -1.03542254742104 12 238
1.78918887810611 1.35000193106128 12 239
-1.50159201569399 -2.46380281441587 12 240
-2.22468402302312 -2.39433312279032 13 241
-2.25572827766847 -0.480091996760565 13 242
-1.50458876304344 -0.65676013025644 13 243
-1.54806678419226 -1.47073798258261 13 244
-2.08311520685148 -0.806863368364017 13 245
-2.06787217007948 -1.73145905642013 13 246
-1.99345103353657 -1.29349056690892 13 247
-2.36812782717268 -2.22619415777125 13 248
-1.78755993922961 -0.914143947734162 13 249
-2.68500596056577 -3.05384788384722 13 250
-2.05025968646939 -1.39429211478626 13 251
1.35659165143758 1.60359614914483 13 252
-1.88731490550222 -0.795035686665904 13 253
1.8501019917883 1.32634207407237 13 254
-2.2294328358685 -1.58620661409445 13 255
-1.8091474579294 -2.03295389841846 13 256
-2.02896363182218 -1.79413559668547 14 257
1.87562460364737 2.98440633708983 14 258
-2.57241056544672 -2.13456186444937 14 259
1.74537444242216 1.76589364870078 14 260
-2.86775674535343 -0.764630102185885 14 261
-3.36451568768001 -2.32183596822638 14 262
-1.62338751922459 -2.49188716095016 14 263
-2.9732665649943 -1.79894187361286 14 264
2.77196671516585 1.01813572565134 14 265
-2.12845540660539 -0.43227299139347 14 266
-2.59518268718951 -1.27927065590212 14 267
-2.60292466348643 -1.32584495234572 14 268
-2.72290942346736 -3.08602535295279 14 269
-1.80949950107824 -2.22735444212103 14 270
-1.99036933443599 -1.12048442596277 14 271
-2.36054518002895 0.209451366017051 14 272
-1.93128370637708 -0.771358980015663 14 273
-2.25024496981694 -0.953040316266913 14 274
-1.76092098996712 -2.6918169123905 14 275
-0.687302564299368 -1.90117611339352 14 276
1.70606179840649 0.693244146053476 15 277
1.61161985988578 1.3956008928965 15 278
-1.09115951306261 -1.58836322993423 15 279
-2.6292045916426 -1.60886238481571 15 280
-0.476542771324503 -2.8533547114953 15 281
-2.16645767417643 -0.570858156134007 15 282
-1.39573111875673 -0.615622528063327 15 283
-1.56702034076074 -1.24954989975235 15 284
2.11903656966023 1.23972249641102 15 285
-2.23729769758481 -1.47920586466304 15 286
-2.37587683875916 -0.666709742544871 15 287
-1.44719583454461 -1.11016081742846 15 288
-2.64538033864306 -1.809826281993 15 289
-1.86132139353815 -0.709995084588808 15 290
-2.66784009908809 -1.51637146115948 15 291
-1.74794595138124 -2.13201168601323 15 292
-2.39404605949095 -1.61009452824107 15 293
2.33021082613904 0.518243706212952 15 294
-2.64102362259245 -1.66427216978361 15 295
-2.50609020470685 -2.47483158478977 15 296
-1.1611246700834 -1.50640030143431 15 297
-1.13390250590796 -1.42208307172756 15 298
-2.6692803940777 -1.87015447167965 15 299
-2.1229547254942 -1.3823158368717 15 300
-1.60675232443723 -0.50849633329968 16 301
-1.74619739659872 -0.684720956547563 16 302
-2.65707634002468 -1.68958892812396 16 303
-1.8612768387775 -2.19703593440083 16 304
-2.54007379148481 -1.40662851186182 16 305
-2.06282423750067 -1.89508617568352 16 306
-1.52728879471711 -1.57119275455261 16 307
-2.42502740968542 -1.96025878064409 16 308
-2.35265723485978 -1.43835903232921 16 309
-1.30439533929147 -0.403125105273169 16 310
-2.66975827393582 -1.52118814264928 16 311
1.41536094222488 2.03071167727417 16 312
-2.28574080212132 -0.458001282844931 16 313
-1.77978520720512 -1.31425575787131 16 314
-1.61634853335742 -0.750998825052255 16 315
-2.84109560765282 -1.54967521997654 16 316
2.09500551249701 2.32212420335186 17 317
-1.99452005402343 -2.04400342555935 17 318
-2.63523227514456 -0.539869953786277 17 319
-2.81795356828839 -1.42001858352884 17 320
-1.74411547006492 -0.216618579123607 17 321
-2.05668510650749 -0.365066661309415 17 322
-2.20020548578175 -1.65073149098032 17 323
-1.33658924303392 -0.714199572748473 17 324
-0.947888617887757 -1.35093661055677 17 325
-1.21184259401955 -1.1981194005479 17 326
-1.29316752918681 -2.07199527492249 17 327
-1.98911878276281 -2.03060378831955 17 328
-2.42243529100176 -1.59014866869605 17 329
-2.32874790300244 -2.60527428748094 17 330
-3.45256162615036 -1.60944158631154 17 331
-2.2158439495852 -1.07303374448072 17 332
-2.18815422498802 -0.747406362468916 17 333
-1.04562664860292 0.0648958820433333 17 334
-0.359962443411453 -0.577808741909588 17 335
-1.74339315607051 -1.64458649620327 17 336
-1.95376770897708 -1.38319105438502 18 337
-1.13189029773288 -1.49239385995428 18 338
-2.12495376041334 -0.709264124726092 18 339
-1.47747343055959 -2.00528712710641 18 340
3.09330930606387 2.56435311493175 18 341
1.54485021608725 1.4202369424913 18 342
-2.08368966871083 -1.74977206324193 18 343
2.60822042622048 1.21700910032279 18 344
-1.29326763544392 -1.25228129239498 18 345
-2.42642532456256 -1.55902496177742 18 346
-1.45441566713932 -0.88859705207185 18 347
-1.73460946669311 -3.02796939752586 18 348
-1.03233706209912 -2.69398374795285 18 349
-2.32176212483948 -0.735754463576633 18 350
-2.81482337888642 -1.6679824686905 18 351
-1.53485391315881 -1.74665722657176 18 352
-1.67175310723317 -2.66425487382339 18 353
-2.59072734612343 -2.29849843534744 18 354
-1.00638095532201 -1.5226587707838 18 355
-2.18336723735652 -1.18273236847599 18 356
-1.50156077681249 -2.44081742293842 18 357
-1.95234166297153 -1.02063284627303 18 358
-2.86138631763039 -2.46102707295844 18 359
-1.96781021462672 -0.426576893589492 18 360
-1.68748864720805 -2.39025546929307 19 361
-1.46492496130742 -1.91694914876786 19 362
-2.4788347155706 -1.98507892722324 19 363
-1.23516275504247 -1.11546206060732 19 364
-1.1036000385055 -1.26801282207065 19 365
-2.20816878885257 -1.23859933779347 19 366
1.61614877913197 0.964401376102838 19 367
-2.49465713703543 -2.69022307895232 19 368
1.89608288788612 0.848061906084342 19 369
2.05583984387551 -0.118619945520401 19 370
-2.51487023536647 -1.31606364309886 19 371
-1.33974225917433 -2.04639859581257 19 372
-2.3301841960534 -2.80145599360404 19 373
1.45801819030421 0.503257601690537 19 374
-2.26875738202386 -0.588738639102605 19 375
-2.07449078971464 -1.84742455438357 19 376
-1.50988033241418 -0.519885287571759 20 377
-1.71139842145443 -1.98931716200387 20 378
-1.70686203352417 -0.00371648915824539 20 379
-2.56358874291331 -2.01947060080246 20 380
-1.10930466837903 -2.08801915715103 20 381
-2.10165596945433 -1.68155359674413 20 382
-2.65008997047976 -0.91514531339475 20 383
-2.28322296410442 -2.19850539857748 20 384
-1.67545167644125 -0.932509082653634 20 385
-1.446527460466 -2.15841576991014 20 386
-1.67462448888318 -1.14783862674059 20 387
-2.45692441776239 -0.369481468667249 20 388
-1.67642150329527 -0.765563785488155 20 389
-0.968698035172622 -1.15131318459332 20 390
0.710293073586183 1.36971585985097 20 391
-2.69196900544348 -1.15555691183542 20 392
-2.00755005146116 -2.12830791224213 20 393
-1.43309555479002 -0.909466561124055 20 394
-1.96900453131506 -0.984110568239025 20 395
-2.24374250395498 -2.08610373067177 20 396
-3.46794890732922 -1.04450388294851 21 397
-2.43594362740672 -1.86083381080754 21 398
-2.75468805418898 -1.65548483785222 21 399
-2.3920425125517 -2.19442327758853 21 400
0.766263596987634 1.49343652220482 21 401
-2.6747926711499 -1.03461315506474 21 402
-2.21353131980834 -2.46493759452087 21 403
-1.56544500684617 -1.31621113028115 21 404
-1.43403546585483 -1.19675369632289 21 405
-3.38121058814722 -2.39639115901153 21 406
-1.04988007968081 -1.52121560368296 21 407
-1.54971498863699 -1.30128023726764 21 408
-2.23594793731786 -0.625122046800453 21 409
-3.78548343958442 -0.933027637453999 21 410
-2.5079834574817 -0.687217716424479 21 411
-2.28755379774549 -2.2833039816169 21 412
-1.66369934199689 -1.18172688672833 21 413
-2.25253946307001 -1.38986443283307 21 414
-1.19692159045048 -0.551284097499345 21 415
-2.08938312551283 -0.63867164974728 21 416
-1.47959500371163 -0.37063130258641 21 417
-1.93956190526954 -1.06406147854742 21 418
-3.15569501260483 -0.225905124604216 21 419
2.24272798091508 2.83712283657629 21 420
-2.22402400160629 -2.48254479428672 22 421
-0.55980429395634 -1.8256084969922 22 422
-2.5622021898303 -2.10326579110865 22 423
-2.52642714684092 -1.81206288423172 22 424
-2.98928763867958 -3.15427918653466 22 425
-1.97040717979049 -0.524760943876797 22 426
-1.37767559616713 -2.25472046108107 22 427
-0.324963449077569 -2.82156561042666 22 428
3.698906960963 2.89167937762179 22 429
-2.70355035407818 -2.61608853185766 22 430
-2.73167997919715 -1.82118884742266 22 431
-1.78725002221222 0.0176708056884306 22 432
0.676882353635947 1.18485589798235 22 433
2.37133708782232 1.37436356662664 22 434
-2.38748770527754 -1.84802252476837 22 435
-2.64571463448295 -1.62540846461232 22 436
-2.00935282332706 -0.346882765664353 23 437
-1.98503663728226 -0.889004755437598 23 438
1.41351934432726 1.96740192271693 23 439
-2.25398641696971 -2.13259764931781 23 440
2.1541543085677 2.42673352089336 23 441
-2.0922207586816 -1.01996439058886 23 442
3.16819973963903 0.991021327168949 23 443
-1.83168688803396 -2.09927343672351 23 444
2.44477455366154 0.828558673881449 23 445
-1.73145941315672 -1.23489418366059 23 446
2.08844112959123 0.673362538191233 23 447
-1.17426909024514 -0.918684228170364 23 448
-2.50211657662255 -2.2592792085575 23 449
2.5245090475471 0.0487031808310536 23 450
-0.836325887111267 -1.78783968724245 23 451
-1.09144932159212 -2.6382620455535 23 452
-3.03855490860544 -2.24316449438519 23 453
-2.48896852454619 -1.4712035905836 23 454
-2.10587980540292 -0.997105735796431 23 455
2.56208239044211 2.20974657443317 23 456
-1.79214329311384 -0.251053574698709 24 457
-2.17506694365322 -1.66240048981222 24 458
-2.56149289415511 -2.10919497036749 24 459
-1.0219748609274 -0.958972372233631 24 460
-1.36473516161563 -0.88085562350838 24 461
-1.97652996423656 -1.31491321419887 24 462
-1.78173928557115 -1.88135638175438 24 463
2.31506121687328 1.55670211916767 24 464
-1.82989104964378 -2.27530709619389 24 465
-1.13576226546781 -1.66279325823846 24 466
-1.48578878990247 -2.43144754972752 24 467
1.99970594519144 1.03829913389694 24 468
-2.0373065933947 -0.855763637304806 24 469
-1.30375555024284 -0.443986299930745 24 470
2.1930323943404 0.74053180578836 24 471
-0.943866997500821 -1.92355410904507 24 472
1.63425800868467 1.49243967745953 24 473
-0.793409439377067 -1.8360071315554 24 474
-0.892399403506408 -0.793035918202845 24 475
-2.11999621138344 -1.76039408038476 24 476
-1.95851796725034 -1.82401862087074 24 477
-1.53139394290661 -1.75639921838317 24 478
-1.44033020309844 -1.51500435388086 24 479
-2.57182329490961 -0.590281342258227 24 480
-2.7872220650107 -1.37825196318088 25 481
-2.09404954577862 -1.87973531656361 25 482
-1.78623320464482 -1.12814089716673 25 483
-1.42810845732519 -1.6665605026924 25 484
-1.19929783251914 -1.27662858242123 25 485
3.08180995075463 1.44660563851697 25 486
-1.74849706708614 -2.0405201952023 25 487
-0.973267471812224 -1.47871382035867 25 488
-2.87637510873094 -0.314089744481161 25 489
-2.14345154341289 -2.46949603925631 25 490
-1.80270064477467 -0.361966273832812 25 491
-3.01755174303887 -2.64964325410652 25 492
-2.66968471623709 -1.56961674515904 25 493
-1.9116077116915 -2.67649554860466 25 494
-1.08421669724819 -1.51411606337546 25 495
-1.76646857799812 -0.0448828036555072 25 496
-1.76385349465958 -0.796244148455192 26 497
-2.32868932225644 -2.46478842279231 26 498
-1.42410698882784 -1.97029162305547 26 499
1.82059129333227 1.9312579086286 26 500
-1.1305038993141 -2.5075572980161 26 501
-2.279639343857 -2.44069120456332 26 502
-1.29437064204218 -2.27740613821085 26 503
-2.01574279708827 -1.6633736363979 26 504
-2.44773120574809 -1.50666662578609 26 505
-1.14543988078735 -2.14138936903683 26 506
-2.59807985161164 -1.49840275104123 26 507
-2.90807590010047 -1.51154776618642 26 508
-0.859371342073685 -2.3500978225979 26 509
-1.7750364609054 -0.102230288090793 26 510
-2.28424326073998 -1.57121205762108 26 511
-2.50989804738765 -1.96152391333586 26 512
2.81308123749309 2.51816463936935 26 513
-2.0859667250444 -1.96008198410556 26 514
-2.54089526300107 -1.58617954098133 26 515
-2.12436149802346 -1.5069605901867 26 516
-2.14767619506006 -2.31670767186976 27 517
2.39895352709114 1.29513071815495 27 518
-1.91352386312507 -0.934880297414561 27 519
-2.3388436950538 -0.838880278400528 27 520
-2.68418875774123 -1.52742378433097 27 521
-1.88630450338041 -1.13875201043121 27 522
-2.65487417027941 0.792777770443962 27 523
-0.964273608244158 -0.752115511290368 27 524
-1.28757051747139 -2.17966531675556 27 525
-2.28791618098616 -2.16372968134654 27 526
-1.90691000043237 -0.751512937911061 27 527
-1.94068980194252 -2.82985664417183 27 528
-2.57771764616073 -1.75446106532647 27 529
-2.99531201663957 -2.7456849193394 27 530
-1.06029410897315 -2.01993752108921 27 531
-1.54851453149115 -1.62333846925278 27 532
-1.91870008950527 -0.640534692322316 27 533
-2.18388367844149 -0.903790784743654 27 534
-1.69145930934753 -3.18744856114961 27 535
-1.29656514926185 0.297123273857099 27 536
1.78044077445429 0.225193448564437 27 537
-1.26042708830216 -0.305678776460142 27 538
-2.28200128545733 -1.87089495221164 27 539
1.8430214395438 2.51949789076935 27 540
-2.34834551041336 -0.610065944272222 28 541
-1.74244205975386 -0.986104138416324 28 542
-1.42822205290365 -1.59571278874419 28 543
-1.78398144566902 -3.70540345696944 28 544
-1.98616948493621 -1.48235354563562 28 545
-2.06177490603813 -1.94196364086252 28 546
-2.49192458442268 -2.4893382425662 28 547
-0.930545063402395 -0.585264325834151 28 548
-1.42297183388579 -1.73312330072917 28 549
2.06265115077784 1.23577795769287 28 550
1.11765102599639 1.45659445018331 28 551
-2.46228889858383 -1.18766346532384 28 552
-1.96753941867866 0.35191949679653 28 553
-1.04292583630426 -1.24029109643871 28 554
-1.42758884082833 -2.51799358596647 28 555
-1.75050639145837 -2.13334598901503 28 556
-2.27157190841463 -1.04156149221239 29 557
-1.61385212173234 -2.03331279560555 29 558
-1.25790202580623 -1.84445858322946 29 559
-2.39778684684545 -2.52622797778779 29 560
-1.74732480492453 -1.67293679144596 29 561
-2.16062980866665 0.525045458104561 29 562
1.10097984548332 1.82994316672878 29 563
-2.23192558034536 -1.75610870639536 29 564
1.8809366727119 2.22005520047678 29 565
-0.367234781482166 -1.04018116558405 29 566
-1.95188168227056 -1.38997827461854 29 567
-1.25567323196708 -1.77554337244407 29 568
2.18082423156906 2.12483256369054 29 569
-0.644196496576355 -2.24988875176926 29 570
-2.46240542076622 -0.382295164447983 29 571
-2.30469643493182 -0.82519107736384 29 572
-1.04543549751672 -1.74381263740414 29 573
-1.79898070681067 -2.96318693414355 29 574
-1.91879558351032 -1.7982991871897 29 575
-2.0528897242765 -2.43242570900424 29 576
-1.22922106063857 -0.796486753251243 30 577
2.0741223536131 0.479189726817103 30 578
-2.26779823235523 -0.0328634095950993 30 579
-1.49185360683037 -1.26562445587146 30 580
-1.41856993848526 -0.336802255294754 30 581
-2.30755911513697 -2.21412093124718 30 582
-1.5073448795607 -1.44926495043083 30 583
-1.17300072415821 -1.27434857343073 30 584
-1.73888351675235 -1.82987376487509 30 585
-2.11780477275769 -1.60860758711399 30 586
-2.23159153976549 -0.945119498827056 30 587
1.75805569935817 -0.0729689458443164 30 588
-2.0122927746813 -1.56482540740308 30 589
-1.29594648967828 -0.825819580272415 30 590
1.79091302154128 1.09716670319793 30 591
-1.71844643551073 -1.50010169626193 30 592
-1.71280952425539 -1.34342695652031 30 593
1.60400503834475 2.12429333823383 30 594
-2.13821251686271 -2.71541512648058 30 595
-1.76720260776045 -0.497918107573684 30 596
-0.796530648815826 -1.75713579685875 30 597
-3.15085927864813 -0.686267055888604 30 598
-2.36164936082831 -1.5680080962821 30 599
-2.13707974155468 -1.80517949719025 30 600
0.924920193234414 1.51767327731345 31 601
2.14281562297638 2.21770118728243 31 602
1.62336717344074 1.74963847716225 31 603
-2.39291628321085 -0.607341493119057 31 604
1.96092861179268 0.935962367600955 31 605
2.73315502803739 2.09457757397587 31 606
2.69507304635717 0.0607188220702137 31 607
1.15291556930281 1.36623250331129 31 608
2.25118493161384 -0.473658125758478 31 609
2.10933819670709 1.58375781188922 31 610
2.42044473670638 3.17797776709921 31 611
-1.37879315617663 -1.81504896541839 31 612
2.46066647155227 1.95912084799997 31 613
0.913613298260748 0.413668744552606 31 614
1.11266194656569 1.30553273411449 31 615
2.39972110108884 -1.26558621129399 31 616
1.813752403317 1.4759230303613 32 617
2.02129933798527 2.07650334065355 32 618
3.04064519361724 1.02859756781156 32 619
2.60808710605657 1.16588181888717 32 620
2.06963083921549 2.18648462813247 32 621
-2.22572203299864 -0.638127043913216 32 622
-0.51690894655802 -0.7699497953713 32 623
1.56364874118125 2.74349868916511 32 624
2.3247098803236 1.4453948214017 32 625
1.23099150718489 1.55707718974798 32 626
1.57537139409548 0.919860899898066 32 627
2.80977157208722 0.504858056243974 32 628
-3.76503532911454 -1.31833690288732 32 629
1.78689843863962 1.6439285777049 32 630
1.7710346501709 1.25314543284482 32 631
1.97968609984177 2.97621911161252 32 632
1.07156329477105 2.61919034394885 32 633
1.54168653363408 1.83498142224539 32 634
2.24007068968136 1.27745959506728 32 635
-2.46985188648944 -2.31872271996891 32 636
2.41708860275238 0.556141767844103 33 637
0.700320137496572 -0.271387729494945 33 638
2.86607502683072 1.5350813753059 33 639
1.40713127824214 1.53213339713625 33 640
2.5978339304337 0.655522968222536 33 641
-1.65874184310148 -3.0820952541858 33 642
3.09122775171184 2.25522543356128 33 643
2.2160450019569 0.498271729723334 33 644
2.16528862557891 0.911600797173974 33 645
1.75409357816533 1.41231205143271 33 646
1.26927508044838 2.67406843793781 33 647
3.24870498206072 1.51762759386237 33 648
1.80041212160219 1.42150660022964 33 649
2.79293732003948 0.710429934791179 33 650
2.07286034996833 1.44418768820531 33 651
1.90930208523298 0.473716270868715 33 652
-1.34846366557508 -0.507591414091135 33 653
2.80187106379875 0.91946910658862 33 654
1.68238460626442 1.3754141523363 33 655
1.98305645307872 2.45542116382917 33 656
2.20132827829974 0.927362382490794 33 657
2.5512861546172 1.25759261208677 33 658
1.48407097575534 2.18323360547863 33 659
3.47043093164605 0.386713182505239 33 660
2.38823693633197 2.3325968840923 34 661
1.822052051338 1.48631829851227 34 662
1.25760537883729 1.97571211232601 34 663
1.65733998923026 1.63686359674468 34 664
2.49436311839528 1.90794264490303 34 665
1.75189275713946 1.10318534481413 34 666
-1.29419198132977 -1.12585416161892 34 667
2.56209375257554 1.64008786171376 34 668
1.97328946762996 0.583665603611274 34 669
1.61690303597706 1.2179229140751 34 670
2.03572807272092 3.08843950337995 34 671
-1.24402521472087 -1.74325963628986 34 672
3.03835267231508 2.89962162227458 34 673
2.71725596780927 1.33128661750062 34 674
1.99147331369302 0.71948119449626 34 675
1.33496183218491 0.751152460449647 34 676
2.50091953229606 0.695760158852801 35 677
1.74013823327704 2.46948663168881 35 678
-0.233551088420621 -1.91579390715103 35 679
1.11525356853473 2.54496241503043 35 680
-1.42549384789192 -1.79108627094445 35 681
1.15213076165211 1.8145182102906 35 682
1.11939300822632 0.94542898170472 35 683
1.30868860236486 1.18180094111636 35 684
1.32521024624098 1.68010747070615 35 685
-1.60672036925083 -1.46801144860563 35 686
-1.09619704233177 -1.64305744755124 35 687
2.20965435695326 2.1635277496808 35 688
1.56447166261366 2.41975914316533 35 689
0.89227526843597 2.25196332968816 35 690
2.66484076601584 1.70812655851423 35 691
0.543177782643408 3.02842296745609 35 692
1.60632480722461 0.34122676759125 35 693
-1.93754857439203 -1.38300443079491 35 694
1.17981134993752 1.59657928985521 35 695
1.4645497860584 2.14954907714296 35 696
1.4673967786264 1.8422903340225 36 697
2.72945020378342 1.07476915509776 36 698
1.50231462322246 1.76958241844429 36 699
2.55035398614478 0.956357471322023 36 700
3.28701220011292 3.53810198801238 36 701
1.67976992456399 1.48322936537698 36 702
1.46010593768148 0.899802807035113 36 703
1.42009824110441 1.34975673449063 36 704
1.70978574094014 1.40091767940035 36 705
3.21551302850302 1.45398921027358 36 706
0.834881749254031 0.766624624932596 36 707
1.94908338379232 1.83858528299587 36 708
1.11672369170652 2.04294997608207 36 709
2.70689896467202 1.81885238161783 36 710
1.57940536188132 0.624645211122755 36 711
1.96325466700015 0.897525229255912 36 712
1.89889775059304 0.557172734747012 36 713
1.20930291339613 1.25636173012803 36 714
-1.79750274837616 -1.94854064062418 36 715
1.36472726540192 2.15861249989559 36 716
-2.61482980126926 -1.82164047627416 36 717
2.13483889935539 0.790723851001382 36 718
0.736788593649829 1.92430871059365 36 719
-2.35986787562992 -1.29931861098837 36 720
-1.91106790528639 -1.58572147593735 37 721
2.23216746155475 1.46511987404959 37 722
2.23845890497629 2.51484083769534 37 723
3.00434962497437 0.947304236337292 37 724
1.98939224925394 2.13410699291297 37 725
-2.65304533394136 -1.51513521639921 37 726
-1.73331301413165 -1.19231587280283 37 727
-2.53657555749877 -2.59346790223427 37 728
1.88338184321736 1.85883996987201 37 729
-2.02632503337571 -2.80008773340475 37 730
2.06827705544266 2.39703333181166 37 731
-0.812206251790605 -2.04841157375893 37 732
2.12046520556857 1.84401502011778 37 733
2.16592571617457 0.305163280905011 37 734
3.39944839006091 2.0691092344897 37 735
2.80214108845747 1.84559558266432 37 736
2.15193176563668 2.22413171238418 38 737
-2.48097213046628 -0.398677765194975 38 738
1.57996829131249 1.493435254434 38 739
1.92824772047937 1.32990663315728 38 740
-3.03720803863761 -1.11847927717153 38 741
2.1308432510162 -0.67202123302507 38 742
-1.24069596075487 -2.16453016599959 38 743
2.56911699742092 1.46664505514925 38 744
2.8631723310998 2.29369977400392 38 745
-1.03142856158609 -3.70733474939906 38 746
-1.80810683354659 -2.05353866422477 38 747
1.41303559534373 0.85507845457905 38 748
0.792034333259134 1.33891476096436 38 749
2.49524300301094 1.02840713596555 38 750
1.18325618796135 1.27726127888852 38 751
2.25632815316354 3.27815747000528 38 752
2.03741835589494 0.599672105139622 38 753
2.20932709151815 2.08841323590942 38 754
1.54607443104085 1.05733455243456 38 755
1.75763335598177 2.27574078404581 38 756
2.50001282917921 1.83842395775685 39 757
2.34074314183255 1.30486099004257 39 758
1.06681433892389 2.54604437820005 39 759
2.74656869549404 1.65181876265229 39 760
-3.08852388354482 -1.42016243350275 39 761
2.47054109119915 0.776149530328151 39 762
1.39272090614595 1.66397471311678 39 763
1.84676382705537 1.28573727484038 39 764
-1.50577821469294 -1.24874000060336 39 765
2.20681906977259 1.43114895088534 39 766
1.90151559930044 1.04376201410002 39 767
1.39593789715424 1.66650376484172 39 768
3.12104470314337 1.06994354875754 39 769
1.65818018005814 0.662477235099059 39 770
2.86252086694056 1.3825160633463 39 771
1.57710462885368 0.79496340484593 39 772
0.937878148102745 1.9516248818152 39 773
1.75810125483467 1.44148565141882 39 774
3.15420648913501 0.705303159144952 39 775
1.89690600182556 1.18998064703538 39 776
1.55079572318236 2.56801464608933 39 777
1.40608202899749 1.12953300002309 39 778
2.77529995352076 1.13481170096059 39 779
1.51386667422143 1.77681019144262 39 780
2.38731506255102 0.343744477747542 40 781
2.99062531654098 1.81945060739049 40 782
1.95865437140975 2.44445458848479 40 783
1.70712872409693 0.0451002646819775 40 784
2.31926766876124 1.50557295698436 40 785
2.03058576065439 2.90827576394234 40 786
1.97434885286808 0.591487218615194 40 787
0.968967113182658 2.12201084543698 40 788
1.22228898314623 1.81780219143368 40 789
1.46542122976521 1.31092655470155 40 790
2.31732017601722 0.845222175170565 40 791
1.68283789690035 2.42270380272383 40 792
1.83029607197473 0.936924960472559 40 793
1.08816242153615 1.6488371289731 40 794
1.98827173457037 1.22816762621422 40 795
1.88243807025071 0.942357715853571 40 796
2.64135886567809 0.584314125262058 41 797
1.98933873718642 1.76536803477635 41 798
1.77195213302756 1.11549322625771 41 799
1.53771118183877 0.651563602775422 41 800
0.811014739072923 2.51356718344541 41 801
1.0275734584842 0.652305447626051 41 802
1.21696872886749 2.02105833820745 41 803
3.10007631837196 1.15646700165596 41 804
2.24602429775995 1.02108238412287 41 805
-0.725882081740482 -1.94787529567035 41 806
3.3762494342561 2.79603349859874 41 807
2.22303897938198 1.98002327536074 41 808
-1.93198866514226 -1.84644109180009 41 809
2.46149825579295 1.48021766901764 41 810
2.32065032690182 2.00427110789767 41 811
0.712927623344026 1.94696544591866 41 812
2.41759382486605 0.39936119556842 41 813
1.63122766669352 2.54648473001625 41 814
1.60998094126349 2.49371229670542 41 815
2.23113389743661 1.46756613677062 41 816
2.50228169015717 1.57001695377084 42 817
1.13016731554515 2.29237827220597 42 818
1.73096067330938 1.65161246779548 42 819
1.0880199445873 2.41847402562763 42 820
-1.94563307470555 -1.17581026182685 42 821
1.79962076679707 1.33529073636526 42 822
1.15155584098315 3.3250173840414 42 823
1.44677243073383 3.69795401268204 42 824
2.08168014909786 1.95989944869652 42 825
2.9496337408583 1.32085968337763 42 826
1.89816580017353 1.71474426582783 42 827
1.48191934671842 0.225181232920042 42 828
2.06146705649842 0.0359076291379268 42 829
0.957905905281816 2.28474162535731 42 830
-1.63827894582652 -2.11369912162965 42 831
1.18476178900824 1.53735103779671 42 832
1.34065838625986 1.92156900112692 42 833
1.22953606522542 1.42328654192865 42 834
1.75506170522518 1.54205537935955 42 835
1.98812185614637 1.19296598129078 42 836
1.88653292289791 1.67480553676029 42 837
2.21275558460833 0.472452220649593 42 838
2.04303594158459 2.27755459513426 42 839
2.07557710040215 1.24101358056541 42 840
1.94195967045336 1.0777305701795 43 841
1.56470243178289 0.560044096059145 43 842
2.54905094223481 1.36580495599951 43 843
1.50683107763135 2.91118009982611 43 844
2.39246791841901 1.84399951589743 43 845
2.08659978599061 1.99565565059103 43 846
1.92589685903763 2.91620054494261 43 847
1.80028994254048 0.96039929594446 43 848
1.90631677416419 3.75726165598229 43 849
2.34320035765667 1.72340749239477 43 850
1.39780998318299 0.522554245643575 43 851
-2.2932023619511 -1.43415446095883 43 852
1.86198361849633 1.07488867352046 43 853
2.19695819718109 1.61247931820345 43 854
2.29571517419616 0.376400040991562 43 855
1.47753205632009 1.52273036185011 43 856
1.59572849357608 1.16694293740014 44 857
1.26156955170305 1.33819073704668 44 858
1.34475097399984 0.484368849905498 44 859
2.13017254117501 0.789804685898599 44 860
1.8782506361293 1.59007149163911 44 861
-2.76700047176282 0.124029027717867 44 862
-1.19833669162791 -3.02355874780811 44 863
1.74110865568834 1.9581162120893 44 864
1.3717180983369 1.72748226284849 44 865
-2.47947991276485 -1.87821795086598 44 866
2.12912777056011 2.46883815446394 44 867
1.01545371675913 2.96509007021735 44 868
0.874472639471542 1.01168965091802 44 869
1.18449204038399 2.89374140207694 44 870
3.51437620804926 0.497080888196321 44 871
-2.76413196262152 0.0217942463796098 44 872
2.37479123255788 2.63700548603174 44 873
2.5974790678663 2.50211194522871 44 874
2.41021551572876 0.6841199977871 44 875
2.01954155639333 2.19411931990727 44 876
2.2943012463676 0.693424043894732 45 877
2.2208453503877 1.05821880640845 45 878
0.784492539024231 1.22166118939497 45 879
-1.56932995363755 -3.15781598408887 45 880
1.14625490543477 1.74422314117712 45 881
1.94177411449818 1.99669952165654 45 882
1.85343633400367 -0.052067346662557 45 883
2.53367766483123 0.388276974205148 45 884
2.48999377441647 1.88492593232157 45 885
1.37000653561957 1.38457700395074 45 886
1.44479631424683 1.15980646356975 45 887
-3.04668177694576 -0.864433195063377 45 888
1.29990607861711 1.53857588418952 45 889
1.20781325208394 1.88434023770561 45 890
2.31236504118517 1.26777152917386 45 891
2.6481866989926 1.18403689920354 45 892
2.46174146346001 2.57169093449493 45 893
1.85669784051407 2.12843314865493 45 894
2.68654346734571 1.42726821811024 45 895
1.48645410175048 0.772341227196253 45 896
2.11417050625325 0.344859533546875 45 897
1.39189028531118 1.4060517618847 45 898
2.49320699704423 2.72328804069124 45 899
2.35934833456094 -1.12108273604293 45 900
2.36717329481778 1.96307153085634 46 901
-2.02892261826868 -2.59936170126459 46 902
1.18515273741847 0.450257657768289 46 903
1.83165856266248 1.1228774703592 46 904
2.36674729143842 2.60619452159479 46 905
0.995954315174985 1.5721212655158 46 906
2.7297909088341 2.18156790180508 46 907
2.52297450261268 2.47273846486109 46 908
2.50843210380646 1.80321122299148 46 909
1.87223841387496 2.12037463307335 46 910
0.795731269834105 2.39000968071913 46 911
-2.20363165277786 -2.96985221588386 46 912
0.385982712151312 2.11408763498619 46 913
1.04828657032519 0.886028975040072 46 914
1.70653801361657 0.0393439760678066 46 915
2.91405009855748 2.6424892216371 46 916
1.39831578092967 2.23545892563191 47 917
2.33841071651701 1.14405441955257 47 918
2.01945415232473 2.04746319652857 47 919
2.538496003315 1.65766480943221 47 920
-2.10848070552853 -1.49753807845138 47 921
2.07781311545312 0.891295324148178 47 922
2.04904691133832 1.4192357097537 47 923
1.44726419283696 0.379367248457744 47 924
2.61443792582326 1.91847046763614 47 925
2.15561010378572 1.92992963427522 47 926
-1.5762042811613 -1.16733354014634 47 927
-1.99966590861836 -0.593363898644715 47 928
-2.34847695503383 -2.68621294539246 47 929
-1.84248147773436 -1.45996710969867 47 930
-1.80948374020328 -0.24127176653854 47 931
1.88106859682762 1.04461931738964 47 932
2.22561499901722 1.88532499521052 47 933
-2.1383117170093 -0.668564935505523 47 934
2.39821853753646 2.85536699982947 47 935
1.76783396072741 1.44860503015742 47 936
2.64749308614907 1.76007598127258 48 937
1.77879245830052 1.59998942291796 48 938
-2.76873342196593 -1.62588977153909 48 939
2.28993210501568 2.16169037746287 48 940
-1.99435979558369 -0.251657179157907 48 941
-2.74325216315031 -0.800117138474836 48 942
2.82568395613181 1.84725951770061 48 943
2.3085857871428 1.96041205815815 48 944
2.12489323199682 0.865535467792792 48 945
1.39722267567725 1.32701426084985 48 946
1.68365814390483 1.04895296941256 48 947
1.77689813600488 2.37879764438966 48 948
0.569311749908207 0.402075579812255 48 949
1.25444730257387 0.663525699288615 48 950
2.32570805696557 1.05562337100522 48 951
-1.06581589239965 -0.892054618054603 48 952
1.64121962212705 1.95453404123621 48 953
0.875148662875408 0.905700142221219 48 954
1.6503927021035 0.313113957125233 48 955
-1.38788174420699 -1.67190324112054 48 956
1.76861689897997 1.82938462274063 48 957
1.25293404177514 1.25924692757275 48 958
1.79685208428916 0.840721324596397 48 959
2.21438945491723 0.907285212212339 48 960
2.71570915250509 2.86324627744399 49 961
1.67587370568148 2.13243590159555 49 962
2.04803945992828 0.732239197452015 49 963
0.940368839506641 2.29849778221128 49 964
2.68146791410762 1.64308351873018 49 965
2.43357685310885 2.37043520998794 49 966
2.9425181182836 1.08105245935528 49 967
2.47127374847459 0.0774038078201156 49 968
1.93188090601738 2.3832144723061 49 969
1.58466182952088 2.11520547882512 49 970
2.14760128075474 1.53437111880469 49 971
1.58092418832578 3.33464392002779 49 972
2.7361353343796 1.52418229370599 49 973
1.67182235073936 1.56373223200392 49 974
1.91919999345024 1.31972190259402 49 975
1.70997535338142 0.640293503825055 49 976
2.09760238734548 0.903275807696208 50 977
1.88092026523316 1.20572995406799 50 978
2.35633628799594 1.08187883879964 50 979
2.22686200202312 2.05437976793426 50 980
1.53506620653931 2.15846726361456 50 981
0.657061669871292 2.2657166874513 50 982
0.926656331748315 3.56558900569986 50 983
1.86901131226151 1.25492944246803 50 984
-1.92820949334573 -0.744169798364073 50 985
2.33848909530438 3.50612965651693 50 986
2.54165982093907 0.354201089391733 50 987
-2.76252248008304 -2.41704143777721 50 988
2.22656190472549 1.5662961586187 50 989
2.10761669284322 0.328278439781547 50 990
2.62405277241666 1.57453573923529 50 991
1.95442489393207 1.34506292322964 50 992
1.53122823742242 0.0725327734798127 50 993
-2.54343449646756 -0.703373173697246 50 994
1.87018546164632 1.06181419415272 50 995
-1.04694717473527 -1.9458375462174 50 996
2.10993899273541 1.93731671295854 51 997
1.62737498909152 1.39538756431218 51 998
0.745555887417082 -0.00124075702765376 51 999
2.92884629553307 0.808091173634588 51 1000
1.89916415921914 1.7855520597176 51 1001
2.89024861011174 1.6750331047384 51 1002
1.99027215788256 1.69689951954802 51 1003
1.97873426026347 2.1872713877874 51 1004
2.49022132693305 0.852615755812982 51 1005
1.55230346869471 2.48117095118341 51 1006
2.79013158278141 1.75863612354519 51 1007
1.49598919256291 0.986853576404419 51 1008
2.10181908490501 2.00291524961678 51 1009
2.01361773157655 2.43237156920355 51 1010
-1.56096986499581 -1.66154282147665 51 1011
2.18537425213472 1.8348752808143 51 1012
0.97488039729095 1.67411719681352 51 1013
1.39027915226471 -0.23628431043871 51 1014
2.23852498629482 0.993966913276692 51 1015
1.09263877295854 1.63964544200063 51 1016
-2.15725497284605 -0.914975291122167 51 1017
1.70919217870182 1.42113406412371 51 1018
1.7506433640721 0.908196940832443 51 1019
1.58084486440606 0.872489379825593 51 1020
1.44539948725812 1.09665474452613 52 1021
-3.32670439849097 -1.11332294056715 52 1022
2.05926944409898 -0.0347703595089041 52 1023
2.20634515635762 1.50857591080117 52 1024
1.90565105429015 0.758251227664764 52 1025
2.23763727373558 1.82173549836319 52 1026
2.88111213059981 0.105651405593823 52 1027
2.57480460011078 -0.472232966668565 52 1028
-2.14022557270899 -1.49805904012584 52 1029
1.76075321872618 2.79505155684368 52 1030
2.29389459241568 1.12953501887202 52 1031
-2.36481272253478 -3.11290052442102 52 1032
2.89143750307552 1.16964882519083 52 1033
2.73281918826838 2.06195555393506 52 1034
0.940775804048493 2.48412692575011 52 1035
1.94347449275459 1.16648867812783 52 1036
1.39576417287934 1.33028635134654 53 1037
2.75273797825723 0.455323418268407 53 1038
1.54553147034586 1.3656784068596 53 1039
-1.66651771840952 -3.87245482569406 53 1040
1.15322490053597 1.69349031111775 53 1041
0.944817718484971 3.0540725314114 53 1042
2.51839392626142 1.8339567058852 53 1043
1.57568141559508 1.80360885737803 53 1044
-2.96930264854266 -2.0862659129838 53 1045
1.18104138641989 1.37182571691867 53 1046
1.83747963952921 1.87285769287474 53 1047
1.59329398725561 0.541414297246898 53 1048
-0.94689057017677 -0.628551405087998 53 1049
2.06980206048366 2.40029015303968 53 1050
1.88685218894235 0.845436973962908 53 1051
2.32219780130148 0.736903201187537 53 1052
2.7283387767206 1.60396962473429 53 1053
1.97909646228128 1.96545490259174 53 1054
-2.30059649263563 -1.0221674895585 53 1055
2.05199312615315 0.345173864029556 53 1056
1.46082620351809 2.98668614007239 54 1057
2.79793703899768 0.41277574696006 54 1058
1.8020857490284 1.33744328242396 54 1059
-1.57594618909512 0.0271408924399899 54 1060
1.26294814214998 1.05282293210369 54 1061
1.76685235778172 0.59724005619405 54 1062
3.06172917659267 0.498064378619327 54 1063
2.6251875316613 1.34261114128523 54 1064
1.93378026579501 0.396963671588428 54 1065
2.02313182242668 3.0982785423602 54 1066
1.95727240947109 0.648939144762472 54 1067
1.96956996792053 2.50891000564176 54 1068
2.55118988377893 1.32344139301273 54 1069
2.99111553919912 2.848087500663 54 1070
1.47776356635434 1.66570824247366 54 1071
1.19625958723668 2.16069491082526 54 1072
1.90089648519699 1.77770785202172 54 1073
1.05536943787185 1.43263731516732 54 1074
1.52398230784815 1.6851895947443 54 1075
1.49100073225083 0.781384929135974 54 1076
1.53917660142664 -0.482436693302583 54 1077
2.23595207892915 1.6255060376341 54 1078
2.42616632421682 0.375307222662785 54 1079
1.41709424069374 1.16351828148702 54 1080
2.29876158895859 1.87088638546625 55 1081
0.780847846513059 2.10263254752654 55 1082
1.68459265464396 -1.3519480019375 55 1083
3.44443816563909 2.51020949159266 55 1084
1.85268528245194 0.349943912179256 55 1085
1.66392482745744 0.840658951429454 55 1086
2.56929435978768 1.58002518499313 55 1087
1.59711659603299 0.910643748711655 55 1088
1.14898286504022 1.73963311698795 55 1089
2.18198982487746 0.96077907941332 55 1090
2.82619868373245 0.829696976745142 55 1091
1.74471400365432 1.87814587183416 55 1092
2.8469658666385 1.81142105967413 55 1093
2.54757708818494 2.46815403980566 55 1094
1.57569535498728 1.84167606549758 55 1095
2.49486137263419 2.24429897468608 55 1096
2.39387394439832 1.70528933168343 56 1097
-2.43969744286806 -2.26915731173339 56 1098
2.31121300092349 0.590864476703158 56 1099
2.98976125635452 2.33477865387004 56 1100
2.03366455592962 2.57101580477019 56 1101
3.30957919762386 1.71131131187386 56 1102
2.0279186928112 -0.438468590228907 56 1103
0.965284906528225 0.289834404392878 56 1104
2.75807983267629 1.55617155681985 56 1105
2.81921373326417 0.392534196995333 56 1106
1.68432265219315 2.08838307586929 56 1107
1.80942542154553 0.665879773295087 56 1108
1.61577751644453 1.07548309013109 56 1109
-1.71390972102737 -2.17244559307965 56 1110
-1.2973590303873 -1.49949829398374 56 1111
-2.13737261151035 -0.755626396743422 56 1112
1.33891523837291 1.26948001596322 56 1113
1.78295566709806 1.87664619226575 56 1114
2.0972042533855 -0.28671421933393 56 1115
0.948659295293308 1.99510816850427 56 1116
1.8078196397357 1.09872776216862 57 1117
1.26787468462224 1.30268813183432 57 1118
1.6840969555784 1.63339284719075 57 1119
2.70960116377814 1.01395206609047 57 1120
1.47187574330019 1.9941900681729 57 1121
1.90150271526829 -0.0150267593945677 57 1122
0.859425646504281 0.0670726144624823 57 1123
2.92324258311916 0.129652665472524 57 1124
1.09417886252897 1.53937059213985 57 1125
3.23021785047559 1.44236066486354 57 1126
1.60976531551696 2.90256321843684 57 1127
2.08604365573142 0.666183413698809 57 1128
2.09634208827054 0.80164714061868 57 1129
0.388302612130493 1.89947377850415 57 1130
-2.28213532477151 -0.799408734506174 57 1131
1.81474192100255 2.14201116369305 57 1132
3.46503692369296 1.47009918510936 57 1133
-1.79353631256951 -2.69587917208172 57 1134
1.98969926317336 0.846339176853277 57 1135
1.90369933259194 1.15639053852826 57 1136
1.0465573643324 3.03502383819255 57 1137
1.99846328291646 1.84427692603774 57 1138
3.0885501432348 1.68739029484228 57 1139
1.82013080486987 2.72619245520205 57 1140
1.71092565924638 2.44775316976049 58 1141
-2.64104281878344 -0.923601663503905 58 1142
1.84553051031808 1.11191351546054 58 1143
3.33260401279138 1.79715975092158 58 1144
2.47286481564538 2.57600885716408 58 1145
2.32240703844956 2.41122656392198 58 1146
3.61531724322541 2.90291052705327 58 1147
1.80019171863755 1.39790580041384 58 1148
-1.56504089435554 -1.49479061175843 58 1149
-2.05568549655011 -1.28865520463175 58 1150
2.5771276086036 1.82684118833232 58 1151
-2.00114774972913 -2.49488124220742 58 1152
1.59435666999431 1.38475609488932 58 1153
2.6054425804336 0.36811869116591 58 1154
2.12511469179328 0.898612852341458 58 1155
1.57005543417373 2.8495962565345 58 1156
2.59686204016125 1.27052820701469 59 1157
-2.7354231382153 -0.970824767009057 59 1158
2.42166889139367 1.67333477130666 59 1159
2.62409844823581 1.67995589437883 59 1160
0.283395532084595 1.37172184204827 59 1161
2.04484000228765 2.47909044369596 59 1162
-2.49428806544244 -2.94642159061123 59 1163
3.0942029874525 1.83344848911046 59 1164
1.71184924994219 -0.329818377763894 59 1165
2.82105099100192 0.984274476729233 59 1166
1.45807370206946 1.8264561950064 59 1167
1.5976105064157 2.10068576811303 59 1168
2.58032817173262 2.52860645654943 59 1169
-1.63153708120913 -0.397133469563061 59 1170
2.21347974368693 2.10307499718677 59 1171
3.0961976729066 0.790918091990092 59 1172
2.34605018136305 0.485841266031035 59 1173
2.04534861189761 3.31604771572184 59 1174
2.00015277484423 2.0269951788193 59 1175
2.44311110021863 2.57417593645007 59 1176
2.21404816323994 0.188462410058561 60 1177
2.11211484024917 1.06538978393761 60 1178
2.39997150077586 0.834524409148399 60 1179
1.78076245833112 0.928077343699473 60 1180
2.86368107907581 1.74357930012606 60 1181
1.68465171466789 1.38918418594948 60 1182
-1.47557958467275 -2.28133745172355 60 1183
1.4146834298204 3.082807088402 60 1184
-2.77048448639572 -1.35713489984523 60 1185
2.16704712543129 1.05951995663244 60 1186
2.71436772971924 1.70267761201989 60 1187
1.5998303450967 1.8540583995292 60 1188
2.72905044734793 1.19823896949595 60 1189
-3.25734693118277 -1.2299063244737 60 1190
1.77122799860428 2.04953975138995 60 1191
0.678082926170934 2.02924878566444 60 1192
0.875694125773662 1.85979589275674 60 1193
2.51045792249215 0.399068635282622 60 1194
1.39667859258324 3.20619317303278 60 1195
2.33359971795587 1.43964023927601 60 1196
1.57788415941049 1.10619918687809 60 1197
1.58040605185949 0.347499003936566 60 1198
2.17045594807458 0.59310511899826 60 1199
-2.14098580294333 -2.83907418004714 60 1200
