id	g	group_class	y1
1	1	1	-1.2976745105557
2	1	1	-2.71126160074538
3	1	1	-1.44449759438905
4	1	1	-1.61383338672727
5	2	1	1.00877559525456
6	2	1	-0.442924985975923
7	2	1	-0.47199904130743
8	2	1	-1.53193656712695
9	2	1	0.435514194406484
10	2	1	0.0192813951694533
11	3	2	2.69184356476281
12	3	2	3.43283396371261
13	3	2	3.22972803381663
14	3	2	2.01354414504614
15	3	2	1.72129157629381
16	3	2	1.40005623974369
17	3	2	2.2964336001461
18	3	2	1.33712412679948
19	4	1	-0.0227972521493331
20	4	1	-0.798747571918977
21	4	1	-1.97210261061778
22	4	1	-1.00391888456444
23	4	1	-1.77337147446139
24	4	1	0.664563951180339
25	4	1	-0.194745962426728
26	4	1	-0.57576092439888
27	4	1	-1.44985750138384
28	4	1	-1.16517886126617
29	5	1	-2.61345146095005
30	5	1	-0.688115160087045
31	5	1	-2.70404740060445
32	5	1	-2.237891706273
33	6	1	0.34710739592629
34	6	1	-0.39847706282269
35	6	1	-1.77614808662411
36	6	1	-1.65008092349103
37	6	1	-1.82860734979045
38	6	1	-1.6146891149755
39	7	2	1.16818774877123
40	7	2	1.06907410691229
41	7	2	-0.0454320647436572
42	7	2	1.28269217561469
43	7	2	2.14877833061752
44	7	2	1.070192448599
45	7	2	1.08560031650077
46	7	2	1.49219171597818
47	8	1	-1.20157049338383
48	8	1	-0.789064731752458
49	8	1	0.130375054500329
50	8	1	-0.217304649333821
51	8	1	-1.52741173297807
52	8	1	0.762510947824919
53	8	1	-1.71568890192789
54	8	1	1.5067564195206
55	8	1	1.59930070373539
56	8	1	1.24473135547683
57	9	1	-2.02183268051752
58	9	1	-1.5108635063956
59	9	1	-2.47128995358126
60	9	1	-1.01388666974314
61	10	2	1.26160824461352
62	10	2	1.93883530675837
63	10	2	1.09863283331674
64	10	2	1.30507155579633
65	10	2	1.11885488299643
66	10	2	0.965579427464901
67	11	1	-1.53527941106256
68	11	1	-0.206478102255951
69	11	1	-1.22153093314313
70	11	1	-3.38641449681686
71	11	1	-0.44735005054635
72	11	1	1.04625024735104
73	11	1	-1.10337707856559
74	11	1	-0.639158600635225
75	12	2	1.38199087822115
76	12	2	-0.315769804033762
77	12	2	-0.389833381341467
78	12	2	0.200285277219887
79	12	2	1.72377663217174
80	12	2	0.331259503602477
81	12	2	-0.114060217531131
82	12	2	1.02824753760522
83	12	2	-0.626040269553169
84	12	2	1.43336354277773
85	13	1	-0.598869031304218
86	13	1	-0.377862717164628
87	13	1	-0.89587940212031
88	13	1	-0.147657437194187
89	14	2	0.952549925848034
90	14	2	2.09915539621433
91	14	2	0.131779482605537
92	14	2	1.80550675673402
93	14	2	0.146556108206887
94	14	2	1.08701302245999
95	15	1	-0.221498043688897
96	15	1	-1.4786193537881
97	15	1	-0.864225584504892
98	15	1	-0.888250985706817
99	15	1	-0.879575744059041
100	15	1	0.841052191134567
101	15	1	-0.51639827421299
102	15	1	-0.238569247169945
103	16	2	2.45047537760831
104	16	2	1.34164109876526
105	16	2	2.11200069609383
106	16	2	1.47701782534064
107	16	2	3.88648237334263
108	16	2	1.64525129570807
109	16	2	2.10156129349123
110	16	2	1.9783092146188
111	16	2	0.887785381910618
112	16	2	2.50382420204556
113	17	1	-0.350778924595669
114	17	1	-0.632888487231498
115	17	1	-1.52348333524952
116	17	1	-1.16721410314401
117	18	2	1.01241562952423
118	18	2	2.52717705292672
119	18	2	-0.785996544317931
120	18	2	1.68809445825637
121	18	2	1.19138702583779
122	18	2	2.31113369190471
123	19	1	-0.304077038548593
124	19	1	-0.684603688887499
125	19	1	-0.206349712551809
126	19	1	0.528372871953336
127	19	1	0.518163233383081
128	19	1	-0.372314270838562
129	19	1	-0.720959864549619
130	19	1	0.0981703705924148
131	20	1	-1.6452127887362
132	20	1	-0.190594715637578
133	20	1	-1.20667081007434
134	20	1	-0.753920011762453
135	20	1	-1.74433841302819
136	20	1	-0.593315470902844
137	20	1	-0.564240993068367
138	20	1	-1.90483519725231
139	20	1	-0.228040626135579
140	20	1	-0.757548607196362
141	21	2	0.983281074541336
142	21	2	0.160179781676189
143	21	2	1.58345850307584
144	21	2	0.454010128778705
145	22	2	0.979986439712849
146	22	2	-0.408086270152712
147	22	2	1.69452341161912
148	22	2	1.42104510332732
149	22	2	0.880111165706309
150	22	2	0.168031230320234
151	23	1	-0.496938962849658
152	23	1	-1.7105062607195
153	23	1	-1.20079174800132
154	23	1	-1.30284185355852
155	23	1	-0.25393104123813
156	23	1	-1.29583033342409
157	23	1	-2.04500687898305
158	23	1	-1.90944448142378
159	24	2	1.682945445373
160	24	2	0.0152232212733251
161	24	2	0.810215640686586
162	24	2	0.690096066769599
163	24	2	-0.286825748101464
164	24	2	2.33575624893241
165	24	2	0.427589592861288
166	24	2	2.89824818147459
167	24	2	1.65227209183395
168	24	2	1.12301147117574
169	25	1	-0.739696622906707
170	25	1	-2.00422001205817
171	25	1	-0.327417376122871
172	25	1	-1.03177836609954
173	26	1	-1.13736778897181
174	26	1	-2.52309429113104
175	26	1	-1.3268379744955
176	26	1	-1.30079004809404
177	26	1	-2.43347101639728
178	26	1	-1.56233265961951
179	27	1	-2.90869896376236
180	27	1	-3.78032627554682
181	27	1	-1.55318333196129
182	27	1	-1.04939239990688
183	27	1	-0.878092048149643
184	27	1	-3.17475870454653
185	27	1	-2.10979638965898
186	27	1	-1.10201264345223
187	28	1	-1.98377508717875
188	28	1	-2.02886081074833
189	28	1	-0.440986758775774
190	28	1	-1.93258383491156
191	28	1	-1.3581649494404
192	28	1	-1.23480267420399
193	28	1	-1.15412137515254
194	28	1	-2.00200389246654
195	28	1	-1.03768164126737
196	28	1	-1.98272818454604
197	29	2	-0.224224544486937
198	29	2	0.604067156310472
199	29	2	1.87789367051209
200	29	2	1.00415075109928
201	30	2	0.0976442132835528
202	30	2	1.47980262499823
203	30	2	-0.160655554985773
204	30	2	1.91579672878413
205	30	2	0.578026588060199
206	30	2	1.18012869888456
207	31	1	-2.79913025874836
208	31	1	-0.806660577309183
209	31	1	0.123901394069457
210	31	1	-3.48102033853336
211	31	1	-1.40824605081014
212	31	1	0.612853299541139
213	31	1	-1.58478319407236
214	31	1	-0.396645935962335
215	32	1	-1.24175674200457
216	32	1	-1.72443649865272
217	32	1	-0.744454142450788
218	32	1	-1.68792753967363
219	32	1	-1.3725717421257
220	32	1	-0.701511996510857
221	32	1	-0.769572231303366
222	32	1	-2.21984009999969
223	32	1	-0.353527809793028
224	32	1	-0.986334067112248
225	33	1	-0.051980459729255
226	33	1	-1.65859202029662
227	33	1	-2.43806729746011
228	33	1	0.25003564421655
229	34	2	2.31134574448173
230	34	2	1.72290617904187
231	34	2	0.470603767561215
232	34	2	1.38026129150717
233	34	2	0.261128610384506
234	34	2	0.617972574252466
235	35	2	2.28702984980772
236	35	2	1.20063631014766
237	35	2	2.18912951652078
238	35	2	0.815267852147442
239	35	2	0.972508388293957
240	35	2	3.05838109206706
241	35	2	1.12525099424716
242	35	2	1.65348193887458
243	36	2	1.0885940757057
244	36	2	0.321881949248503
245	36	2	-1.6720895952431
246	36	2	1.23632151051891
247	36	2	1.20767244956258
248	36	2	0.829483067262893
249	36	2	-1.12220498083354
250	36	2	-0.248252968731304
251	36	2	-0.257070356391914
252	36	2	1.34509951591106
253	37	2	-0.132112879814511
254	37	2	0.839158872529996
255	37	2	1.95394981256752
256	37	2	1.77032503910837
257	38	1	-4.51711172064465
258	38	1	-2.64564088009113
259	38	1	-1.6209804702305
260	38	1	-1.83790552578192
261	38	1	-1.37005108623053
262	38	1	-0.685384444662745
263	39	2	1.95482253159696
264	39	2	0.0666341547868239
265	39	2	0.926217920919284
266	39	2	1.96852185317697
267	39	2	1.73585212704987
268	39	2	0.955145868469549
269	39	2	1.43222880150417
270	39	2	1.99912521814533
271	40	2	3.48863411820739
272	40	2	3.95642985590974
273	40	2	2.33272989492954
274	40	2	3.71367088858194
275	40	2	2.33307425584042
276	40	2	3.27764762091068
277	40	2	4.18286840245196
278	40	2	2.76528173164625
279	40	2	3.24142681273248
280	40	2	4.02318501327904
281	41	2	-0.366720224728027
282	41	2	-1.46782940128582
283	41	2	-0.406303368435322
284	41	2	-0.107224736866845
285	42	1	-3.04663614123066
286	42	1	-2.83189412924808
287	42	1	-0.782316741426425
288	42	1	-1.0486417726577
289	42	1	-1.91352062746611
290	42	1	-2.40198582707916
291	43	1	0.427710802418208
292	43	1	-1.66588254257194
293	43	1	-1.46806096903025
294	43	1	-1.21918346844378
295	43	1	-1.56292080665271
296	43	1	0.100583399075676
297	43	1	0.607499724194415
298	43	1	-1.04364868731842
299	44	1	-1.49746261628057
300	44	1	-2.29715947130749
301	44	1	-1.46427093773871
302	44	1	-1.5084702668718
303	44	1	-1.40507558024109
304	44	1	-0.169512754930023
305	44	1	0.784338350698012
306	44	1	-1.24212110810924
307	44	1	-0.69073535377139
308	44	1	-0.756910483943899
309	45	1	-0.939048147629302
310	45	1	-1.36212917012674
311	45	1	-1.26432413499079
312	45	1	0.32737914786469
313	46	2	1.50820222128687
314	46	2	1.95243444750504
315	46	2	0.391200811134939
316	46	2	2.60844169451273
317	46	2	0.62909224452715
318	46	2	1.36547770310667
319	47	1	-0.418575534684551
320	47	1	-1.14733547258643
321	47	1	-1.19715325505271
322	47	1	-0.76271163681701
323	47	1	-1.08522655427383
324	47	1	-0.110354810623058
325	47	1	0.55253690428666
326	47	1	-1.2810816957197
327	48	2	0.299146925148567
328	48	2	-0.602536373649217
329	48	2	-0.273826011361929
330	48	2	-1.46724344615154
331	48	2	0.313742284340223
332	48	2	-1.36646554072138
333	48	2	-0.0263272404431244
334	48	2	0.37008080955526
335	48	2	-1.62168561346983
336	48	2	-0.341644561094905
337	49	2	0.0878753563243888
338	49	2	0.736550195345012
339	49	2	1.10054004017576
340	49	2	1.69746986742051
341	50	2	-1.14323108820674
342	50	2	-0.389412283547518
343	50	2	-1.36262894212933
344	50	2	-1.93377927204429
345	50	2	0.331532586764622
346	50	2	0.569703991648768
347	51	2	0.772478714285416
348	51	2	1.62743681584755
349	51	2	-0.39902784221576
350	51	2	-0.488080865290326
351	51	2	0.461576408417091
352	51	2	-0.657948968217158
353	51	2	-1.11845112512356
354	51	2	-0.671981521736746
355	52	2	2.64282387939146
356	52	2	3.30096807923384
357	52	2	2.67114392764044
358	52	2	1.39608459318034
359	52	2	2.18851317297392
360	52	2	0.776848244983433
361	52	2	1.60505189053069
362	52	2	0.829153606604109
363	52	2	2.84584423183059
364	52	2	1.66348959418622
365	53	2	-0.516357942963266
366	53	2	-0.393042880635079
367	53	2	-0.475694271164039
368	53	2	-0.628690966799314
369	54	1	-1.85577961175047
370	54	1	-0.842614765297427
371	54	1	-2.63488612004869
372	54	1	-2.21201600031493
373	54	1	-1.66705354282579
374	54	1	-1.33922052732818
375	55	2	0.531996706868957
376	55	2	0.787714608761587
377	55	2	1.03251069766415
378	55	2	0.0705666186686773
379	55	2	0.857427357679112
380	55	2	0.342611786215549
381	55	2	1.56226220700036
382	55	2	0.738485939305094
383	56	1	-0.843047793979761
384	56	1	-0.911887292231355
385	56	1	-0.405854771418671
386	56	1	-1.86015744195018
387	56	1	-1.45454023514353
388	56	1	-1.59321709094834
389	56	1	-1.12146072923573
390	56	1	-1.5792172772344
391	56	1	-0.706762708288482
392	56	1	-1.03492486328075
393	57	2	3.36968697010151
394	57	2	1.67058518874656
395	57	2	2.82450843752766
396	57	2	2.61551393613419
397	58	2	1.38457076223304
398	58	2	3.71313394855947
399	58	2	2.25130027700331
400	58	2	3.95457156595288
401	58	2	1.91668458082871
402	58	2	2.55587704815548
403	59	1	-1.25975031412718
404	59	1	-0.387000983776725
405	59	1	-2.35345373741232
406	59	1	-0.976194299657053
407	59	1	-0.832360121435769
408	59	1	-3.06578184192545
409	59	1	-1.27630680083347
410	59	1	-2.49634184408341
411	60	2	3.6587191984372
412	60	2	2.32955348279125
413	60	2	1.23325370187542
414	60	2	2.63505364422194
415	60	2	1.31895735527491
416	60	2	1.15431780106684
417	60	2	2.21096411552547
418	60	2	2.63032230219181
419	60	2	2.0401559847244
420	60	2	2.07755176607224
421	61	1	0.365812261266769
422	61	1	-2.47286404499061
423	61	1	-0.949624332333128
424	61	1	-1.61501564028806
425	62	2	-0.134829056161834
426	62	2	0.960931562101798
427	62	2	-0.591646988314674
428	62	2	0.177287090155597
429	62	2	-0.770271195579716
430	62	2	-0.796825892723555
431	63	1	-0.469884321854355
432	63	1	-0.569382724297437
433	63	1	-2.19128253672976
434	63	1	-0.00926642562188373
435	63	1	-1.32240765164794
436	63	1	-1.66421982925314
437	63	1	-1.0986967827006
438	63	1	-2.21303362692412
439	64	1	-0.573538005939507
440	64	1	-1.58763218337966
441	64	1	-0.450282300100137
442	64	1	-1.34011327564152
443	64	1	-2.1392513165063
444	64	1	-1.04966493870662
445	64	1	-0.578902365794559
446	64	1	-0.692486259674352
447	64	1	-1.36991821257792
448	64	1	-1.05343607286675
449	65	1	0.173573873832373
450	65	1	-1.41105372894235
451	65	1	-0.55822129598928
452	65	1	0.164517218573993
453	66	2	-0.151757521910176
454	66	2	-0.987988671679592
455	66	2	-0.191751564175522
456	66	2	-1.22437525643135
457	66	2	-0.136266466517022
458	66	2	1.21548021311935
459	67	1	-0.702668575237379
460	67	1	-1.31386267938293
461	67	1	-0.708065267368401
462	67	1	-1.11023661834566
463	67	1	-0.941147737199109
464	67	1	-2.59677804502056
465	67	1	-0.204336112436716
466	67	1	0.732818333501535
467	68	2	2.64576906983962
468	68	2	1.19394898853132
469	68	2	1.47921876415012
470	68	2	1.34508243334833
471	68	2	0.56020867287199
472	68	2	0.0558473800171533
473	68	2	2.15299378177876
474	68	2	0.479517346016648
475	68	2	0.44343983932395
476	68	2	2.4812533698019
477	69	1	-1.28148202769596
478	69	1	-1.25544766936549
479	69	1	-0.174424669966248
480	69	1	-2.26172578078951
481	70	1	-1.40862949498133
482	70	1	-2.17011554032433
483	70	1	-1.80900225001901
484	70	1	-1.75457856864139
485	70	1	-1.71655821784068
486	70	1	-1.16259689751575
487	71	1	-1.14915395433032
488	71	1	-1.63771503632232
489	71	1	-0.67569402435064
490	71	1	-0.0663553377321293
491	71	1	-2.23446389669247
492	71	1	-0.958391431650781
493	71	1	-1.22808338170147
494	71	1	-1.09806071602036
495	72	2	1.7724168652762
496	72	2	-0.759724263049293
497	72	2	0.626438617850349
498	72	2	1.35714837631165
499	72	2	0.495952136898313
500	72	2	0.62740999792527
501	72	2	0.00872591505798836
502	72	2	0.292729441114312
503	72	2	0.891121254988328
504	72	2	0.244478516450732
505	73	2	-1.18780764334127
506	73	2	0.547001024618037
507	73	2	0.498071858234065
508	73	2	-1.36472016503106
509	74	2	-0.398253750969576
510	74	2	1.01189828803532
511	74	2	1.25880544788659
512	74	2	0.0905438968626036
513	74	2	1.68311051823754
514	74	2	0.878933930345081
515	75	1	0.334053751470072
516	75	1	-1.17399469222074
517	75	1	-1.08308386796142
518	75	1	-0.200733472196026
519	75	1	-0.0434391381206947
520	75	1	-0.561695898198531
521	75	1	-0.767806200644872
522	75	1	-0.95614825068075
523	76	1	1.11931765314407
524	76	1	-1.06547502369716
525	76	1	-0.0255397879470232
526	76	1	-0.0355586393804408
527	76	1	-0.190882005531454
528	76	1	-0.412225236633547
529	76	1	0.302209111972299
530	76	1	0.328102372826053
531	76	1	-0.978068662549742
532	76	1	0.558614866890075
533	77	2	1.51308041056874
534	77	2	1.01443871528264
535	77	2	1.34583904286835
536	77	2	-0.128767871127829
537	78	2	2.18012004196897
538	78	2	1.34302013227139
539	78	2	1.55662565264235
540	78	2	1.7598243965749
541	78	2	0.933183441353254
542	78	2	0.623283931684191
543	79	2	-0.444623803182116
544	79	2	0.244190270527039
545	79	2	0.212672377061127
546	79	2	0.758279305753906
547	79	2	0.10721886521449
548	79	2	0.21180576703342
549	79	2	-0.130106795100596
550	79	2	-0.582046258491143
551	80	1	-0.473004803296717
552	80	1	0.542671247896063
553	80	1	0.482442121504237
554	80	1	-1.51476871369982
555	80	1	-0.630427655738227
556	80	1	-1.58721538822592
557	80	1	0.239963277221554
558	80	1	-0.289594261382435
559	80	1	-0.281885545886339
560	80	1	-1.60083269104617
561	81	2	1.13653378035898
562	81	2	2.00299131839255
563	81	2	0.852601651379479
564	81	2	1.42023899025146
565	82	2	-0.376676876515863
566	82	2	0.423881911953253
567	82	2	0.213379293498658
568	82	2	1.39762893846004
569	82	2	0.183802066266545
570	82	2	0.319654448586513
571	83	2	-2.38470310000933
572	83	2	-0.13586440707646
573	83	2	1.57964369165251
574	83	2	0.0105960987055922
575	83	2	-1.0260701031244
576	83	2	0.464491519031796
577	83	2	1.91177028859581
578	83	2	-1.19991502187731
579	84	1	-1.19494113234403
580	84	1	-0.0734086901978128
581	84	1	-0.3790775713148
582	84	1	0.963308767585821
583	84	1	-0.391530863367925
584	84	1	0.17936961269932
585	84	1	0.279272592972619
586	84	1	0.210505637556393
587	84	1	0.391781892934644
588	84	1	-0.427236705097967
589	85	2	-0.255880678447351
590	85	2	-0.50040729583106
591	85	2	0.127458920949122
592	85	2	0.648394923472553
593	86	1	-0.14003867205955
594	86	1	-0.361886763949411
595	86	1	-1.26328592406006
596	86	1	0.97326702869209
597	86	1	-0.334010660778168
598	86	1	-0.535828315467311
599	87	2	-0.998624004674177
600	87	2	1.34623386239708
601	87	2	-0.534101830060841
602	87	2	0.975236131872674
603	87	2	0.77081403661524
604	87	2	0.537961166124795
605	87	2	-0.0238861387809906
606	87	2	0.91851235706261
607	88	2	-1.37259226505605
608	88	2	0.246778851445649
609	88	2	0.259026641149978
610	88	2	-0.397819277561938
611	88	2	-1.30451493896607
612	88	2	-1.01064011881559
613	88	2	-0.607218654026494
614	88	2	0.897180648019873
615	88	2	0.788712058599435
616	88	2	-0.853377723434381
617	89	1	-0.516518764577666
618	89	1	-3.90412533765044
619	89	1	-2.31538635293956
620	89	1	-2.5127015279887
621	90	2	1.17294811538221
622	90	2	2.92909186491097
623	90	2	2.49213723173955
624	90	2	2.21071360410405
625	90	2	1.08807975828321
626	90	2	1.8928055985663
627	91	1	-1.28631399340361
628	91	1	-1.39434908019754
629	91	1	-1.38950593834464
630	91	1	-1.47939770594392
631	91	1	-1.44346306350976
632	91	1	-2.38640464738965
633	91	1	-0.775193795126453
634	91	1	-0.840703331907083
635	92	2	0.138962300731569
636	92	2	0.143399016088907
637	92	2	0.203285079292666
638	92	2	-0.346205833516099
639	92	2	0.682806966732275
640	92	2	0.512038689310404
641	92	2	-0.178859905784415
642	92	2	1.79504369466488
643	92	2	0.726199564070956
644	92	2	-0.586229520566334
645	93	2	1.90223043044784
646	93	2	-0.129962876427003
647	93	2	0.699433964405036
648	93	2	0.52318390083746
649	94	2	1.80595188593195
650	94	2	1.30250058158801
651	94	2	0.74402656945731
652	94	2	1.72706516133978
653	94	2	1.04122579052297
654	94	2	1.04037150897459
655	95	2	1.13515139278029
656	95	2	1.33058517197279
657	95	2	0.293779900429695
658	95	2	1.26683273129789
659	95	2	0.397428338208645
660	95	2	1.38758489966826
661	95	2	1.60405643335396
662	95	2	0.240085977020479
663	96	2	1.25609085127315
664	96	2	0.419403476840276
665	96	2	-1.05975109189914
666	96	2	-1.1422378509994
667	96	2	2.64996994333312
668	96	2	0.146558368969537
669	96	2	1.04913391994816
670	96	2	0.939453333736399
671	96	2	-0.530376110990961
672	96	2	0.156470429331615
673	97	1	-2.18372200560739
674	97	1	-1.3525641194585
675	97	1	-1.13650222075773
676	97	1	-3.07140071029515
677	98	2	1.42926630809949
678	98	2	0.885553267263396
679	98	2	1.70637215830587
680	98	2	1.24909706834667
681	98	2	0.714521988822543
682	98	2	1.81355372763578
683	99	1	-3.19819265117964
684	99	1	-0.681780231181318
685	99	1	-2.87047945455531
686	99	1	-1.07733518215186
687	99	1	-1.64904593136989
688	99	1	-0.672191077474418
689	99	1	-2.25760016374208
690	99	1	-0.831919190125741
691	100	2	2.43257027160836
692	100	2	1.42937794330521
693	100	2	1.91449893020757
694	100	2	2.63871845902355
695	100	2	4.03429930434064
696	100	2	2.26454328703734
697	100	2	2.27190888218883
698	100	2	3.270433141806
699	100	2	1.05978367641675
700	100	2	0.497915876559298
701	101	2	0.267879325584515
702	101	2	0.501086870441616
703	101	2	-1.30845605755403
704	101	2	-0.300331340849941
705	102	1	-0.12663491840135
706	102	1	0.105414439928725
707	102	1	1.43375178327466
708	102	1	1.18924780019437
709	102	1	0.666651152483181
710	102	1	0.522327174728745
711	103	2	1.72880499951562
712	103	2	-0.0845704726467134
713	103	2	2.04604198937263
714	103	2	0.640695373916412
715	103	2	2.47507016999887
716	103	2	1.74725988999163
717	103	2	1.88602924634244
718	103	2	1.54902540018224
719	104	1	-0.384784427179792
720	104	1	0.254212984163345
721	104	1	-1.05252972194476
722	104	1	-0.106807002166823
723	104	1	-0.236602567449037
724	104	1	-0.564907555735998
725	104	1	1.14463644415562
726	104	1	1.28979593203947
727	104	1	-0.988976520107554
728	104	1	-0.43601417682087
729	105	1	-0.561532150159329
730	105	1	-0.625623562230103
731	105	1	0.11227438385909
732	105	1	0.518816423531373
733	106	1	0.229811883823796
734	106	1	-0.626898381949998
735	106	1	-1.67129491163014
736	106	1	-1.41956435611776
737	106	1	-0.434005874540912
738	106	1	-0.342377093199986
739	107	1	-2.99927126483103
740	107	1	-3.47512138117622
741	107	1	-2.15420498045579
742	107	1	-2.65673888448726
743	107	1	-0.965835556100602
744	107	1	-0.711254945976806
745	107	1	-0.501597365178378
746	107	1	-3.61477536216788
747	108	1	-2.36538405561757
748	108	1	-0.461333239570558
749	108	1	0.191286244035306
750	108	1	-0.73723434742261
751	108	1	-1.10729627930411
752	108	1	-0.623813786624887
753	108	1	-1.67123088026672
754	108	1	-1.08330898822728
755	108	1	0.726484269959976
756	108	1	-1.79617957728211
757	109	2	0.711944610844056
758	109	2	1.8365362060366
759	109	2	1.69465974369503
760	109	2	2.5848853938885
761	110	2	1.71650088557357
762	110	2	0.319550658866291
763	110	2	-0.804885209252307
764	110	2	-0.531313437534558
765	110	2	2.5188151569571
766	110	2	0.736587536381996
767	111	1	1.34357499338732
768	111	1	-0.878290110639668
769	111	1	-0.37918583941927
770	111	1	0.171859726276143
771	111	1	-2.10604389400493
772	111	1	-1.40828565555765
773	111	1	0.763652200693994
774	111	1	-0.87474647243384
775	112	2	0.713945688808268
776	112	2	2.44544045558064
777	112	2	2.09120279019237
778	112	2	3.80561309650342
779	112	2	3.59272914903584
780	112	2	2.67592770449522
781	112	2	2.60824485702898
782	112	2	1.83932946369128
783	112	2	2.48744733938505
784	112	2	0.69495277642445
785	113	1	-0.624649296365871
786	113	1	-2.50699235498726
787	113	1	-2.92715489683211
788	113	1	-1.07303680139465
789	114	1	0.476043430200508
790	114	1	-1.26061654644043
791	114	1	-0.134687704087734
792	114	1	-0.694837563735205
793	114	1	-0.788974994112776
794	114	1	-1.68471113202114
795	115	2	-0.837415977503016
796	115	2	3.33576943485143
797	115	2	-0.896898268750077
798	115	2	-0.540155428371753
799	115	2	0.551017812131156
800	115	2	-0.177747541634357
801	115	2	1.40778473648322
802	115	2	0.826236986978144
803	116	2	1.5060744536145
804	116	2	1.79437880471129
805	116	2	1.34785729176988
806	116	2	2.75324055720367
807	116	2	0.587457696404052
808	116	2	1.60128247321818
809	116	2	0.828708510915088
810	116	2	2.0250126323138
811	116	2	-0.301094186873534
812	116	2	1.49043103714774
813	117	2	1.71484325056614
814	117	2	1.55766691410116
815	117	2	2.48436457415911
816	117	2	2.8658038851185
817	118	2	-0.958286898111858
818	118	2	0.232934880100544
819	118	2	1.23359632813093
820	118	2	0.0581759616951096
821	118	2	1.15359867457272
822	118	2	-0.582268142727998
823	119	2	-1.66862021078021
824	119	2	1.78477808826064
825	119	2	-0.497369128842546
826	119	2	-0.548180894320773
827	119	2	-0.16844086666713
828	119	2	1.02399444258339
829	119	2	-0.0308943089462596
830	119	2	0.131211241171852
831	120	2	0.970252921517683
832	120	2	2.15973271040723
833	120	2	1.26959581440975
834	120	2	2.25715103051725
835	120	2	0.510588226006888
836	120	2	0.868807117965826
837	120	2	2.50186088550914
838	120	2	3.209843464654
839	120	2	0.739894206037504
840	120	2	2.82617962389501
841	121	2	1.41292092437494
842	121	2	1.97934409905728
843	121	2	2.53222143795992
844	121	2	4.04277689081083
845	122	1	-1.41872891110958
846	122	1	-0.0287169116413515
847	122	1	-2.19364162712628
848	122	1	-1.04145927776949
849	122	1	-0.711319643646851
850	122	1	0.201372440937453
851	123	2	0.629915808007143
852	123	2	0.905326874479699
853	123	2	1.403667230073
854	123	2	2.02549773499883
855	123	2	1.60648940656702
856	123	2	0.513830940953049
857	123	2	-0.649402168731924
858	123	2	0.953071615120286
859	124	2	-0.096441106131822
860	124	2	0.95320174936799
861	124	2	0.753843077031804
862	124	2	2.20396118493862
863	124	2	1.68159834592796
864	124	2	1.89968923659241
865	124	2	2.46254360985787
866	124	2	2.06877888191278
867	124	2	-0.605944512174534
868	124	2	1.49757862189445
869	125	2	0.74518130417114
870	125	2	2.08964170396151
871	125	2	-0.035833265887502
872	125	2	0.627469689393464
873	126	2	1.76820296684494
874	126	2	1.22033972372971
875	126	2	1.78365394917183
876	126	2	0.948732575479849
877	126	2	0.599380680895848
878	126	2	0.36659357648454
879	127	1	-0.397019997940685
880	127	1	-1.09759889237933
881	127	1	-0.30045534758039
882	127	1	-0.383729033293955
883	127	1	0.961706770123617
884	127	1	0.036972940494111
885	127	1	1.61666575911478
886	127	1	0.0177748178893604
887	128	1	-0.460532678219282
888	128	1	-1.19747269930585
889	128	1	-1.62162813349736
890	128	1	1.19586950258611
891	128	1	1.46621880371191
892	128	1	0.132952491662934
893	128	1	-0.725849075035522
894	128	1	0.284197114922906
895	128	1	0.448500555076456
896	128	1	-0.56250266510836
897	129	1	-2.27161143786103
898	129	1	-1.08762666140827
899	129	1	-2.30343692393964
900	129	1	-2.31583059559666
901	130	1	-2.1526478275019
902	130	1	-0.592451918099314
903	130	1	-1.76991397736583
904	130	1	-1.90792746078484
905	130	1	-1.74524492211631
906	130	1	-1.15306284460984
907	131	2	0.700821421300129
908	131	2	0.386546169952421
909	131	2	0.150183548056891
910	131	2	0.346750816474109
911	131	2	0.749674790814423
912	131	2	-0.737614550189632
913	131	2	0.632261307164611
914	131	2	0.271524707890893
915	132	1	-1.64067833540183
916	132	1	-0.881272617638863
917	132	1	-0.0531365660383074
918	132	1	-2.21692813961616
919	132	1	-1.60962589419432
920	132	1	-2.08188620472231
921	132	1	-1.93059033073356
922	132	1	-1.50143976119778
923	132	1	-1.02378703262989
924	132	1	-1.44044089791644
925	133	1	-1.25797371073482
926	133	1	-0.644890737825706
927	133	1	-1.43796059505358
928	133	1	-2.05707936144833
929	134	2	3.38297408729952
930	134	2	1.95224579897215
931	134	2	0.80906294099996
932	134	2	2.89945052911627
933	134	2	3.45151875230803
934	134	2	3.32635881655009
935	135	1	-1.10728042347173
936	135	1	-1.66215725030384
937	135	1	-2.46568671661702
938	135	1	-1.3383855192307
939	135	1	-0.689297322030667
940	135	1	-1.29377912823161
941	135	1	-1.65672849242121
942	135	1	-0.99759297777417
943	136	1	0.176001589006253
944	136	1	0.204582424798354
945	136	1	-0.803448793736346
946	136	1	-0.720300250789275
947	136	1	-1.01961107005272
948	136	1	-1.86665895884402
949	136	1	-1.41960791680016
950	136	1	0.535226963447123
951	136	1	-0.379983280074511
952	136	1	-0.167398440551868
953	137	2	2.99124515443244
954	137	2	0.647914905979115
955	137	2	3.37995801615369
956	137	2	1.73093386674761
957	138	2	2.9402870861466
958	138	2	-1.74526172235131
959	138	2	0.343254295199978
960	138	2	0.810148814429947
961	138	2	-0.71381269231995
962	138	2	0.457690736399321
963	139	2	0.0211887575162112
964	139	2	0.883831355460811
965	139	2	-0.577553589884388
966	139	2	-0.530399257023338
967	139	2	-0.681482597236206
968	139	2	0.231740216664412
969	139	2	0.311775869588684
970	139	2	-0.679422420377143
971	140	1	-0.918376488601621
972	140	1	-1.22029319416677
973	140	1	-2.04351462818793
974	140	1	-2.68072524297731
975	140	1	-4.27468371674218
976	140	1	-3.39640959897694
977	140	1	-1.32026785272418
978	140	1	-3.75734752962577
979	140	1	-1.97559458596382
980	140	1	-1.47788969020507
981	141	2	3.13131837715006
982	141	2	0.955642174463909
983	141	2	1.3327534994699
984	141	2	1.94553042320051
985	142	1	-0.816217191363488
986	142	1	-0.35756299260295
987	142	1	-0.929092803190601
988	142	1	-0.19778724014578
989	142	1	0.0875002123130623
990	142	1	-0.503582970559237
991	143	2	0.80488042201542
992	143	2	-0.509302937383366
993	143	2	-0.063800097487763
994	143	2	2.93093765801566
995	143	2	2.49249724117154
996	143	2	-0.201788304081266
997	143	2	2.06920646528225
998	143	2	1.92914671898797
999	144	1	-1.91444380377673
1000	144	1	-2.15500599505696
1001	144	1	-0.712660121116104
1002	144	1	-3.25137393281248
1003	144	1	-0.489312893169016
1004	144	1	-1.91006778096132
1005	144	1	-0.264076910071425
1006	144	1	0.232360719854881
1007	144	1	-1.84206086091464
1008	144	1	-0.533741441559211
1009	145	2	-0.0651687174502469
1010	145	2	0.77402360694382
1011	145	2	0.17536486078871
1012	145	2	1.08123444067858
1013	146	1	-0.353139087512071
1014	146	1	-0.360438101819551
1015	146	1	0.0231399403365761
1016	146	1	0.674479273571484
1017	146	1	-1.58408235125655
1018	146	1	-0.756929505522781
1019	147	2	-0.0251431235711274
1020	147	2	-1.68321264921168
1021	147	2	-1.2988654867967
1022	147	2	0.689455851527469
1023	147	2	-2.01973259214724
1024	147	2	-1.46380059360755
1025	147	2	-1.04600209489817
1026	147	2	-1.21162723934429
1027	148	1	-0.99184998406809
1028	148	1	-0.519956050367644
1029	148	1	-0.500175119539609
1030	148	1	-3.45809841452689
1031	148	1	-1.2232549554758
1032	148	1	-1.46724068079489
1033	148	1	-2.061355507853
1034	148	1	-1.52710913896381
1035	148	1	-0.472533900055079
1036	148	1	-0.362061886638357
1037	149	1	-1.90334267494174
1038	149	1	-1.18955485629855
1039	149	1	-0.870643615319924
1040	149	1	-1.09448123993297
1041	150	2	1.08261269708215
1042	150	2	2.6081543633368
1043	150	2	-0.146001829338007
1044	150	2	3.03728063377236
1045	150	2	0.193582764533
1046	150	2	0.139883483598931
