id	g	group_class	y1
1	1	1	-1.13277964149064
2	1	1	0.13266110961287
3	1	1	0.142665550147523
4	1	1	0.073003641644013
5	2	2	-0.543056674991278
6	2	2	-0.527148728456438
7	2	2	0.79052678157697
8	2	2	1.79326497525574
9	2	2	0.752269097929843
10	2	2	-0.596424825513996
11	3	1	-1.63397465779879
12	3	1	-0.87309040313163
13	3	1	-1.44752979037933
14	3	1	-2.19413823864694
15	3	1	-1.46920201635501
16	3	1	-2.02569062413152
17	3	1	0.279651380692108
18	3	1	-1.0448919306908
19	4	2	-0.592679972709962
20	4	2	0.386716795231207
21	4	2	0.798314390875259
22	4	2	1.78907962138676
23	4	2	-0.938090167122473
24	4	2	-1.92816846226732
25	4	2	0.565176767966217
26	4	2	0.186602766208444
27	4	2	0.364378742459182
28	4	2	0.100476053737348
29	5	2	2.45002318912232
30	5	2	1.56019468189961
31	5	2	0.934606578801797
32	5	2	1.54377311771669
33	6	1	-0.478149124412289
34	6	1	-1.69904694236543
35	6	1	0.23450948064303
36	6	1	-2.38710607585703
37	6	1	-1.17023255794223
38	6	1	-0.138481041488947
39	7	1	0.475717176720792
40	7	1	0.540772440926185
41	7	1	-0.267206191326451
42	7	1	-1.80336172061629
43	7	1	-0.285059951996823
44	7	1	-0.397650286609662
45	7	1	0.471897635156272
46	7	1	0.271268440638507
47	8	2	-1.10400157128307
48	8	2	0.195492072330705
49	8	2	0.371817993010974
50	8	2	-0.169209187166815
51	8	2	2.35828777490759
52	8	2	0.22114076299624
53	8	2	1.67726504504842
54	8	2	-0.0802154131551678
55	8	2	-0.0733891047277156
56	8	2	0.844294638352173
57	9	2	0.580081219315263
58	9	2	0.809493111474637
59	9	2	0.694298735662571
60	9	2	1.95706204904944
61	10	2	0.608184657522768
62	10	2	2.31307627417247
63	10	2	2.20207976202699
64	10	2	2.79077613476096
65	10	2	2.22517835993199
66	10	2	0.545010866487627
67	11	1	-1.81004352949148
68	11	1	0.502466201157958
69	11	1	-0.210207563566731
70	11	1	0.897541832315741
71	11	1	0.545220292275955
72	11	1	-0.763840918008966
73	11	1	-0.957940860156629
74	11	1	0.521056909456334
75	12	1	-2.77084508240193
76	12	1	-2.03935320759424
77	12	1	-2.56949516220592
78	12	1	-3.32785030351867
79	12	1	-2.07082863916152
80	12	1	-3.78004658840704
81	12	1	-2.61362495954218
82	12	1	-1.74418535390317
83	12	1	-3.45186327807208
84	12	1	-3.28405905738779
85	13	1	-0.152014993252459
86	13	1	-0.0216582984141349
87	13	1	2.0100396048746
88	13	1	1.04807575622165
89	14	1	-0.646157195191929
90	14	1	-1.99590866106986
91	14	1	1.25846301306258
92	14	1	0.394500217180592
93	14	1	-0.512411237640742
94	14	1	-0.185381674905845
95	15	1	0.895317937816879
96	15	1	0.36819385046891
97	15	1	-1.39881861691897
98	15	1	-1.27479729817611
99	15	1	0.685845309283173
100	15	1	-0.548306432366604
101	15	1	-1.66641039298713
102	15	1	-0.194551790223505
103	16	1	-0.62085110180008
104	16	1	-0.235184253020261
105	16	1	-2.81657675530756
106	16	1	-0.2230472624164
107	16	1	-1.30892677683193
108	16	1	-0.859755478199829
109	16	1	-2.47475363865272
110	16	1	-0.9612138950175
111	16	1	-2.85871396220229
112	16	1	0.394930200859952
113	17	2	0.97667356041937
114	17	2	0.80706626649813
115	17	2	0.770246453383243
116	17	2	0.84852678911508
117	18	1	0.224845758016583
118	18	1	0.401286716922088
119	18	1	-0.227056296804502
120	18	1	-0.136122874391094
121	18	1	-1.2768094117649
122	18	1	0.177423773536111
123	19	1	-2.58135116157091
124	19	1	-1.20898742061003
125	19	1	-0.0010270687331233
126	19	1	-1.68054002780709
127	19	1	-1.52283700827313
128	19	1	-0.264427346898255
129	19	1	-2.35912102480766
130	19	1	-2.67724248598933
131	20	2	0.0865417905463061
132	20	2	0.942917482471238
133	20	2	-0.259394381470968
134	20	2	0.0501430841316767
135	20	2	0.0390525512551583
136	20	2	0.954699126556244
137	20	2	1.48562118619399
138	20	2	-0.406362627902268
139	20	2	1.43827837852297
140	20	2	0.355135117521834
141	21	2	0.858306227021169
142	21	2	0.65738442032576
143	21	2	2.15738161776613
144	21	2	1.61226600376454
145	22	2	0.0206928882380544
146	22	2	0.463344223757512
147	22	2	0.208566965936535
148	22	2	1.78070880364637
149	22	2	1.12232125072117
150	22	2	0.195376951771926
151	23	2	1.27047566405659
152	23	2	1.85039893114119
153	23	2	-0.065572074808552
154	23	2	-0.0427210404864795
155	23	2	0.0289452727764347
156	23	2	-0.563449714659648
157	23	2	0.0878171484799994
158	23	2	0.644140546965762
159	24	1	-2.20096325766778
160	24	1	-1.77692513709389
161	24	1	-1.88293838395495
162	24	1	-2.74161746118932
163	24	1	-1.21131403297194
164	24	1	-2.19476231693144
165	24	1	0.658254075956542
166	24	1	-1.49350757578763
167	24	1	-2.12138555652892
168	24	1	-1.74716000362698
169	25	2	2.0772092909345
170	25	2	0.63606346194348
171	25	2	2.9639149583171
172	25	2	2.31495047254241
173	26	1	-0.958083409016524
174	26	1	-1.95733366484989
175	26	1	-1.92143409456055
176	26	1	-1.69315220636375
177	26	1	-2.72418878841154
178	26	1	-1.49067715204582
179	27	2	-0.349561551904417
180	27	2	0.838794365691662
181	27	2	1.20871497595424
182	27	2	0.310366793279527
183	27	2	1.28438045932643
184	27	2	1.15835569702968
185	27	2	-0.433271122133704
186	27	2	-0.618212740790638
187	28	1	-1.33561253244713
188	28	1	-2.89173341539777
189	28	1	-0.0343465414379875
190	28	1	-1.57274648695303
191	28	1	-1.91540797243907
192	28	1	0.392457881949623
193	28	1	-1.17114200337452
194	28	1	-0.389164907567258
195	28	1	-0.320205236838726
196	28	1	-2.06922261017251
197	29	1	-0.797869726142293
198	29	1	-0.458869891295679
199	29	1	-1.42395897718765
200	29	1	-1.12331906000409
201	30	2	-0.354307739042849
202	30	2	1.36328380797034
203	30	2	1.72893407080263
204	30	2	-0.397558994499656
205	30	2	2.87595633034795
206	30	2	1.56747824908725
207	31	2	0.0481079582973321
208	31	2	0.411043781608543
209	31	2	-1.37342789067006
210	31	2	0.849833774921509
211	31	2	2.01668386720398
212	31	2	1.33551163495726
213	31	2	-0.189279996505452
214	31	2	0.23110760869276
215	32	1	-1.78261605923968
216	32	1	-1.20676586053015
217	32	1	-1.10725966832611
218	32	1	-2.20859393919622
219	32	1	-0.922824343924671
220	32	1	-1.69356699115952
221	32	1	-0.318376808130271
222	32	1	-0.805786064732806
223	32	1	-1.58342305260449
224	32	1	-1.85338186117095
225	33	2	-1.44228704699121
226	33	2	-0.72390403821749
227	33	2	-0.67677153561268
228	33	2	-0.436168048352493
229	34	2	-0.730753788183836
230	34	2	2.35799838868536
231	34	2	0.671548536868511
232	34	2	0.603372389851343
233	34	2	1.36630317596251
234	34	2	1.4912963637225
235	35	2	2.07296449489285
236	35	2	1.04839791383737
237	35	2	-0.0559845502546465
238	35	2	-0.266256881219835
239	35	2	0.353086912967356
240	35	2	0.59542125241205
241	35	2	0.00985038440599428
242	35	2	0.971960860341171
243	36	1	-1.73700496262228
244	36	1	-2.15303659042806
245	36	1	-1.0112781459165
246	36	1	-0.89883976824402
247	36	1	-0.00676312728324135
248	36	1	-0.644094248960591
249	36	1	-0.361021047716461
250	36	1	-1.41728977498132
251	36	1	-0.035141494395188
252	36	1	0.868846545744847
253	37	1	-0.630236542612257
254	37	1	-1.44576385365912
255	37	1	-0.766379219793215
256	37	1	-0.00233288416652022
257	38	2	1.11656566235681
258	38	2	0.778507546490969
259	38	2	0.636887634992141
260	38	2	0.947402762841928
261	38	2	-0.14095136005171
262	38	2	0.103813783833147
263	39	1	-1.5271514230143
264	39	1	-0.616202430522713
265	39	1	-0.258184856829932
266	39	1	-1.58394513461602
267	39	1	-0.889763455999833
268	39	1	0.391943468962859
269	39	1	-0.920120972176469
270	39	1	0.125754191916092
271	40	1	0.218517889476416
272	40	1	0.503147437416268
273	40	1	-1.40539660376451
274	40	1	-0.664662431014177
275	40	1	-1.70607674807572
276	40	1	-0.829022860633799
277	40	1	0.43215014338934
278	40	1	1.04170896056655
279	40	1	0.423956684404994
280	40	1	-0.412879545372836
281	41	1	0.890860715684869
282	41	1	-0.640071528790204
283	41	1	0.35300693377457
284	41	1	-0.727846653506694
285	42	2	1.09311671879742
286	42	2	-0.412812116402586
287	42	2	0.769495832168627
288	42	2	0.199601798034087
289	42	2	0.257896064745576
290	42	2	1.67146723633478
291	43	1	-1.09160679009284
292	43	1	-0.631021250120346
293	43	1	-0.177506682113266
294	43	1	-1.29623756253813
295	43	1	0.232623369821317
296	43	1	-1.79008255104986
297	43	1	-1.43157080342693
298	43	1	-0.876950633097731
299	44	1	-0.664920819060219
300	44	1	0.343263621785348
301	44	1	-1.83122176763618
302	44	1	-2.17035514669167
303	44	1	-0.996683521172304
304	44	1	-1.9301805542272
305	44	1	-1.57760036009393
306	44	1	-0.643950371728862
307	44	1	0.101590251780642
308	44	1	-0.501873369686726
309	45	1	-1.642574368765
310	45	1	-1.37233631928052
311	45	1	-1.74289498407312
312	45	1	-1.76048245984237
313	46	2	0.126981352233429
314	46	2	-0.243667868690304
315	46	2	0.328157149622837
316	46	2	-0.655626161465371
317	46	2	-1.30572610148164
318	46	2	1.64890516967058
319	47	2	2.3462937062465
320	47	2	2.2891605388199
321	47	2	1.26755245806
322	47	2	2.83895984366832
323	47	2	1.20008521989953
324	47	2	1.71486967795972
325	47	2	1.87364024023759
326	47	2	2.67998027398107
327	48	1	-1.83924770705153
328	48	1	-0.672625063989146
329	48	1	-1.46081908340763
330	48	1	-2.49906987648901
331	48	1	-0.531066993906344
332	48	1	-0.760710386191013
333	48	1	-1.3393965449179
334	48	1	-1.77577617459029
335	48	1	-1.12375474203416
336	48	1	-1.36477573409137
337	49	1	-1.28780732706808
338	49	1	-0.759889470601309
339	49	1	-0.872256031677767
340	49	1	-0.60407647649816
341	50	2	0.928296143778868
342	50	2	1.95072850702793
343	50	2	2.43948126198365
344	50	2	0.460215782364045
345	50	2	0.0788194213245864
346	50	2	0.334490656924316
347	51	2	1.25284311760614
348	51	2	1.77692818465326
349	51	2	1.80670001983791
350	51	2	0.498753539984012
351	51	2	2.05606667851284
352	51	2	1.14124593389319
353	51	2	2.22640462668316
354	51	2	1.2133872754673
355	52	1	-1.27815073539085
356	52	1	-0.128121941643256
357	52	1	0.293985173548571
358	52	1	-1.6527415216569
359	52	1	-1.0753602468077
360	52	1	-1.1554368283487
361	52	1	0.371615639335725
362	52	1	-1.8862915727994
363	52	1	-0.347604739354851
364	52	1	-2.12704584679581
365	53	1	-1.08510932116777
366	53	1	-1.87172578372162
367	53	1	-2.14527463815195
368	53	1	-1.6343370895951
369	54	1	-1.95130515692977
370	54	1	-2.55195657989731
371	54	1	-3.6232142983833
372	54	1	-1.44350806283847
373	54	1	-1.52322748322773
374	54	1	-1.144818266094
375	55	2	0.810945371409296
376	55	2	0.664760173543694
377	55	2	0.69808383244499
378	55	2	0.626447571016447
379	55	2	1.04362509404095
380	55	2	0.763174157813679
381	55	2	-0.125657996359819
382	55	2	0.861422450530067
383	56	1	1.57097747044394
384	56	1	0.357713457998334
385	56	1	-1.19995940247559
386	56	1	0.0390245932085721
387	56	1	-1.59505934746608
388	56	1	-0.374205741827883
389	56	1	-1.29568063138841
390	56	1	-2.59745632674235
391	56	1	-0.990758044353461
392	56	1	-0.441840180210031
393	57	1	-1.68172626710328
394	57	1	0.127467817307087
395	57	1	-3.52844602074787
396	57	1	-0.687339639100811
397	58	2	0.0906093092442493
398	58	2	0.0607548717572239
399	58	2	-0.503292476282807
400	58	2	0.979371367746796
401	58	2	0.593064050200098
402	58	2	-0.881113252275889
403	59	2	2.58319480702651
404	59	2	2.63912209733018
405	59	2	2.18378227841622
406	59	2	0.197483505844333
407	59	2	1.23232726666765
408	59	2	1.55017076783971
409	59	2	1.17642463205441
410	59	2	-0.203629404484319
411	60	2	1.12295556927779
412	60	2	1.72901145678635
413	60	2	2.16942092540155
414	60	2	0.31723433878504
415	60	2	-0.5083364024094
416	60	2	0.42033484569982
417	60	2	-0.818704675241052
418	60	2	1.15648157497425
419	60	2	-0.547805679018909
420	60	2	0.543144677658288
421	61	2	2.19597722673533
422	61	2	0.744195763664108
423	61	2	1.06846581086193
424	61	2	1.46206794127359
425	62	1	0.117908567759828
426	62	1	0.538545190614007
427	62	1	-1.5332641546132
428	62	1	-0.972276319675759
429	62	1	-0.801353275914584
430	62	1	-0.0704548178918305
431	63	2	0.54070903650968
432	63	2	0.925480198704111
433	63	2	1.08759848362928
434	63	2	1.77555966734354
435	63	2	1.33118657217688
436	63	2	0.53450024200466
437	63	2	-0.114635061996779
438	63	2	1.05161109628666
439	64	2	0.833951261881435
440	64	2	2.08463454951987
441	64	2	1.67848004832028
442	64	2	0.508390120963157
443	64	2	1.72045493902237
444	64	2	0.0553526601568658
445	64	2	2.65148241975077
446	64	2	-0.900698998964282
447	64	2	0.199581693208595
448	64	2	1.72845953781775
449	65	2	1.9473345176157
450	65	2	0.872969988334624
451	65	2	0.767876027491106
452	65	2	-1.06764677476773
453	66	2	0.0841344755131119
454	66	2	0.577010659338732
455	66	2	1.21979431738472
456	66	2	0.123349698570691
457	66	2	1.28560468607615
458	66	2	-0.153405208922564
459	67	1	0.647077709758058
460	67	1	-0.929832587193048
461	67	1	-0.862076674727535
462	67	1	-1.66818221459206
463	67	1	-2.31833969914552
464	67	1	-1.48089086392964
465	67	1	0.656277313204797
466	67	1	-0.332117271162432
467	68	2	1.32239993201631
468	68	2	2.2775325817603
469	68	2	1.78551901993018
470	68	2	1.75088876186393
471	68	2	1.59429566635311
472	68	2	1.87948037362271
473	68	2	0.840064045876408
474	68	2	1.91405578539158
475	68	2	0.888195098236557
476	68	2	2.16632242998007
477	69	1	-1.03567448527269
478	69	1	0.507590634903955
479	69	1	0.653565306184068
480	69	1	1.04808580088571
481	70	1	-0.975627182719273
482	70	1	-1.39492825138089
483	70	1	-0.110988062179415
484	70	1	0.283986049379516
485	70	1	0.285702733002974
486	70	1	-0.119167805558136
487	71	2	-0.606021032137052
488	71	2	0.65485606483849
489	71	2	-0.313910320505103
490	71	2	1.41149497811761
491	71	2	-0.0957030873110374
492	71	2	1.43802237675422
493	71	2	0.821908830230904
494	71	2	-0.201000480619127
495	72	1	0.352383434790825
496	72	1	-0.0425278858055632
497	72	1	1.16643219717928
498	72	1	0.422967046685835
499	72	1	0.170542465178635
500	72	1	1.48125684018159
501	72	1	2.06463681378888
502	72	1	0.3106831237151
503	72	1	0.970160493881249
504	72	1	0.0384869157517167
505	73	2	-1.18221050163072
506	73	2	-0.556900286732413
507	73	2	1.63782304941429
508	73	2	-0.385031496423711
509	74	1	-1.91035234173593
510	74	1	-1.12742618622743
511	74	1	-0.665704058728093
512	74	1	-1.47936401547004
513	74	1	-1.72192418438836
514	74	1	-0.744872626231428
515	75	2	0.693414442406046
516	75	2	1.33789048819008
517	75	2	0.986632734822795
518	75	2	1.77828800044586
519	75	2	1.45477715743378
520	75	2	0.290144378520459
521	75	2	1.65506632228091
522	75	2	1.8184239179027
523	76	2	1.50261470851445
524	76	2	1.01827916734459
525	76	2	1.13195816306499
526	76	2	2.4248192587914
527	76	2	1.10699778089362
528	76	2	2.06828285592296
529	76	2	0.199801468398648
530	76	2	1.09847578149249
531	76	2	0.0516002137757708
532	76	2	1.20286426009102
533	77	1	-1.02216621623213
534	77	1	-1.08883014734325
535	77	1	-4.75370217557298
536	77	1	-1.9217235292505
537	78	1	0.0927764554901757
538	78	1	0.302260092791526
539	78	1	0.758766798066999
540	78	1	0.569511867338305
541	78	1	1.03100159942987
542	78	1	2.8653465741775
543	79	2	1.72934482290024
544	79	2	0.745081112096176
545	79	2	1.1321095835625
546	79	2	1.0631080825931
547	79	2	1.03273215123648
548	79	2	0.759695066864099
549	79	2	1.18254536666775
550	79	2	0.235534904055542
551	80	1	-1.17479977839259
552	80	1	-0.398838669668701
553	80	1	-0.581496522188043
554	80	1	-1.33432070218246
555	80	1	-2.87753474072944
556	80	1	-2.11887646818808
557	80	1	-1.36172562980164
558	80	1	-1.94453670864037
559	80	1	-1.99898923661675
560	80	1	-1.68006816651794
561	81	1	-1.71158649613957
562	81	1	-2.03033469978369
563	81	1	-2.69804936044245
564	81	1	-2.18822218956352
565	82	1	-0.91335528535096
566	82	1	-2.12768848886415
567	82	1	-1.09549346493975
568	82	1	0.240561667505036
569	82	1	-0.334813651322546
570	82	1	-1.88082444528587
571	83	1	-1.57120350480308
572	83	1	-1.21324145729526
573	83	1	-3.02144303778404
574	83	1	-3.07094313187263
575	83	1	-2.97302460889314
576	83	1	-0.582038982379274
577	83	1	-0.968843201823276
578	83	1	-0.0970022802568387
579	84	1	0.710597447846259
580	84	1	0.797183872247402
581	84	1	0.16953156977333
582	84	1	-0.0175462201669137
583	84	1	-0.193705023799516
584	84	1	-0.579858641206217
585	84	1	-0.375883032948937
586	84	1	0.857926645555698
587	84	1	0.463943233899096
588	84	1	0.812456067373264
589	85	1	-2.42337942881571
590	85	1	-1.13221251921421
591	85	1	0.00320559896603811
592	85	1	-0.075488900828601
593	86	2	2.64039632694651
594	86	2	1.97857062984848
595	86	2	0.618829425984948
596	86	2	3.34987164124185
597	86	2	1.54521071235461
598	86	2	1.20064777796664
599	87	2	2.97319098478909
600	87	2	2.16562665600235
601	87	2	0.872846696621612
602	87	2	1.34364930835941
603	87	2	3.57046221831265
604	87	2	2.12400865163032
605	87	2	2.58980951793539
606	87	2	3.21646066357061
607	88	2	0.866863721038843
608	88	2	1.80769543752682
609	88	2	1.78623754568503
610	88	2	1.82820814969124
611	88	2	1.77009356936431
612	88	2	2.47141150090697
613	88	2	2.33277414104817
614	88	2	2.79921814527518
615	88	2	3.54264908122342
616	88	2	1.20627887393578
617	89	1	-0.508118722858678
618	89	1	-0.718444817233101
619	89	1	-1.00920450989111
620	89	1	-0.170133727486319
621	90	2	1.02586955035127
622	90	2	1.60637984001452
623	90	2	1.08897422533278
624	90	2	2.16171433715662
625	90	2	0.86442548811154
626	90	2	-0.00700729769151742
627	91	2	0.0544973779053014
628	91	2	0.0687872620176935
629	91	2	-1.28416299286354
630	91	2	-0.888959046848536
631	91	2	-1.32153399620173
632	91	2	0.656760528534057
633	91	2	-0.604092227267462
634	91	2	-1.08438206240842
635	92	1	-1.38638889509576
636	92	1	-3.40152567772993
637	92	1	1.0629555490725
638	92	1	-0.87337748851384
639	92	1	-1.50615608346305
640	92	1	-1.4417669782767
641	92	1	-1.31417142830901
642	92	1	-2.15164361780579
643	92	1	-0.228000952340396
644	92	1	-1.17019548997789
645	93	1	0.183736435920694
646	93	1	1.78327627411863
647	93	1	-0.687719397667454
648	93	1	1.04034503481263
649	94	2	-0.497584839328165
650	94	2	0.56594420041094
651	94	2	1.20599532804116
652	94	2	0.110747676794942
653	94	2	0.875323122337046
654	94	2	1.39185965679424
655	95	1	1.58758353566865
656	95	1	-1.21716593137308
657	95	1	-1.9424581035004
658	95	1	0.524330130914879
659	95	1	-1.70103665656402
660	95	1	-1.38434778011411
661	95	1	-0.499537497946548
662	95	1	-1.20158898585951
663	96	1	0.596237166825175
664	96	1	-1.10611442119516
665	96	1	0.558703190491653
666	96	1	-1.06027360187398
667	96	1	-0.374932404238709
668	96	1	-0.268261116750289
669	96	1	-0.0335727562575832
670	96	1	-0.687382624413596
671	96	1	-0.72696774956785
672	96	1	0.374772870929913
673	97	1	-0.344454756816378
674	97	1	-0.370281082209395
675	97	1	-0.613352800747374
676	97	1	-1.34872348194966
677	98	1	-2.87868711915365
678	98	1	-1.00964445574614
679	98	1	-3.4367006531898
680	98	1	-2.63660649219049
681	98	1	-1.05664488373256
682	98	1	-2.66523322079797
683	99	1	-0.0483426518647175
684	99	1	0.563030613489236
685	99	1	-0.0100989096775558
686	99	1	0.367281164439527
687	99	1	0.650428045955503
688	99	1	0.870194766467672
689	99	1	-0.442076338596364
690	99	1	0.0920264354322723
691	100	2	2.69550842544812
692	100	2	3.89579113819443
693	100	2	0.99359976585655
694	100	2	3.62975571590166
695	100	2	1.74785596630052
696	100	2	2.1975430511461
697	100	2	2.13277936216382
698	100	2	1.72475025078304
699	100	2	1.94475705959281
700	100	2	0.486773935701446
701	101	2	0.823063429611213
702	101	2	2.18772088246264
703	101	2	1.04786712640759
704	101	2	2.13619442404916
705	102	1	0.783432728978805
706	102	1	0.351041915291798
707	102	1	-0.514245508973591
708	102	1	-0.595294568501763
709	102	1	0.646733947184879
710	102	1	0.660272524709442
711	103	2	0.263010067560142
712	103	2	0.105367269821057
713	103	2	-0.365695204906047
714	103	2	-0.305142606789832
715	103	2	-0.22565143709739
716	103	2	0.661129349830695
717	103	2	0.223192361987116
718	103	2	1.05987431522304
719	104	2	1.83567847098927
720	104	2	1.08543686666273
721	104	2	2.17142659360604
722	104	2	2.61809350140764
723	104	2	2.74822809778178
724	104	2	2.15551863680996
725	104	2	1.43883289481302
726	104	2	1.55637850558482
727	104	2	2.67649937064082
728	104	2	2.30353424641233
729	105	2	0.0161533497573252
730	105	2	1.10636144083894
731	105	2	-0.214589753815692
732	105	2	1.18194663526183
733	106	1	-1.02247489729441
734	106	1	-0.17573813269044
735	106	1	-1.61867159089995
736	106	1	-0.586573275488813
737	106	1	0.189514736939035
738	106	1	-1.00097503204819
739	107	2	0.391455464169317
740	107	2	-0.105438755592744
741	107	2	1.2139640252665
742	107	2	1.79610960413957
743	107	2	2.21030761368841
744	107	2	1.79709268842851
745	107	2	0.376729177108613
746	107	2	1.3893236526988
747	108	1	-1.0377686451893
748	108	1	-0.341813045784109
749	108	1	-1.32197518030152
750	108	1	-0.498920894164214
751	108	1	-1.91778920115584
752	108	1	-0.383515385923776
753	108	1	0.932634337086069
754	108	1	-0.938607708855387
755	108	1	-0.871998526930416
756	108	1	0.384186626424144
757	109	1	0.187876205392481
758	109	1	0.300238984134406
759	109	1	1.16504443647696
760	109	1	0.215732931024227
761	110	2	1.02183168694156
762	110	2	0.874036064361367
763	110	2	-0.120852907430644
764	110	2	0.274318586776836
765	110	2	1.19595848095121
766	110	2	0.63751109701888
767	111	2	2.35549904031481
768	111	2	1.19722600846723
769	111	2	1.82358376442175
770	111	2	2.6163146271475
771	111	2	0.931421939174121
772	111	2	2.42040395131754
773	111	2	0.662199947334312
774	111	2	2.16311319764361
775	112	2	-0.456330932731303
776	112	2	0.227329926535195
777	112	2	-0.511806883853066
778	112	2	0.315098795793723
779	112	2	-0.373293059652146
780	112	2	-0.377251415557965
781	112	2	0.293352189028522
782	112	2	0.367088695590933
783	112	2	0.687375746902081
784	112	2	-0.000535189642507844
785	113	1	-1.82103816876165
786	113	1	-0.331849877937148
787	113	1	-1.30651658284165
788	113	1	-1.94131332439298
789	114	2	1.16602492242996
790	114	2	0.875546046335865
791	114	2	1.06691696373215
792	114	2	0.58191593863815
793	114	2	-0.390607890190827
794	114	2	0.139767993622758
795	115	2	1.34130461061209
796	115	2	-0.236802479541703
797	115	2	2.17759527878295
798	115	2	-0.7586903198632
799	115	2	1.115075791403
800	115	2	1.17546180537934
801	115	2	-0.786680917149104
802	115	2	0.593777782654432
803	116	1	-0.836480351711838
804	116	1	-2.72266895950304
805	116	1	-0.202373998984034
806	116	1	-0.777236361405754
807	116	1	-1.42712540597778
808	116	1	-1.35232877009967
809	116	1	-2.138334111879
810	116	1	-1.82157446042442
811	116	1	-2.80991914281934
812	116	1	0.255202293046478
813	117	2	2.47150924588399
814	117	2	0.443847712289296
815	117	2	0.841813296729066
816	117	2	2.57036597443413
817	118	2	2.30627671385734
818	118	2	2.30528596900552
819	118	2	1.44756613773882
820	118	2	1.68242561408018
821	118	2	1.33004586969791
822	118	2	1.86811750717055
823	119	1	0.719795146111655
824	119	1	0.62773411090069
825	119	1	0.401499758316392
826	119	1	-0.056261378139553
827	119	1	-1.82429460531421
828	119	1	-1.28358137702285
829	119	1	-1.11341666386999
830	119	1	-1.97427900349031
831	120	1	0.148882234710788
832	120	1	-1.86416693960638
833	120	1	-0.410001084371979
834	120	1	-0.567109535647943
835	120	1	1.28473349536797
836	120	1	-0.791707447492935
837	120	1	0.754857720907402
838	120	1	-1.14612652144268
839	120	1	1.02793668318076
840	120	1	-1.44092953851385
841	121	2	1.60275339395937
842	121	2	0.942855006270395
843	121	2	0.606475952450442
844	121	2	-0.784124831841598
845	122	2	0.543591333427852
846	122	2	0.536760886319855
847	122	2	-0.155859972162252
848	122	2	0.351529995846231
849	122	2	2.03465504884303
850	122	2	3.24783574167015
851	123	2	0.583578554312328
852	123	2	-0.34237148784189
853	123	2	-0.454558677326507
854	123	2	-0.648860234100868
855	123	2	0.0106363952123263
856	123	2	-0.430127855498492
857	123	2	0.528429341647322
858	123	2	0.937118223431724
859	124	1	-1.43579261359146
860	124	1	-0.125306061607783
861	124	1	-1.59264153153927
862	124	1	-1.39034047746789
863	124	1	-0.635735515320055
864	124	1	-0.882201851859403
865	124	1	-1.47600770080787
866	124	1	-0.640753988117805
867	124	1	-2.49875844299987
868	124	1	-1.74220179341798
869	125	1	-0.11073092536077
870	125	1	-0.423821334320809
871	125	1	0.660825023115051
872	125	1	-0.318897611556476
873	126	2	0.449106383313207
874	126	2	0.168467686896257
875	126	2	1.29926913350604
876	126	2	1.32286571683916
877	126	2	0.392338485837511
878	126	2	-0.583677420428504
879	127	2	-0.440449295651465
880	127	2	3.71248616084557
881	127	2	0.384610449365133
882	127	2	0.666419155221917
883	127	2	1.74693570461738
884	127	2	3.21840521497825
885	127	2	2.33382175132311
886	127	2	-0.16910062619879
887	128	2	0.22113992743553
888	128	2	1.46532841748566
889	128	2	1.06153225042222
890	128	2	1.4928652755001
891	128	2	-0.249232794927796
892	128	2	0.23508147922087
893	128	2	1.29733991942156
894	128	2	0.711064054777886
895	128	2	0.19065187233194
896	128	2	2.42275006054523
897	129	2	-1.17802124478266
898	129	2	-0.127863896123945
899	129	2	0.0147838237362509
900	129	2	1.21310540351267
901	130	2	1.40164466385539
902	130	2	0.0899304239939242
903	130	2	0.881122505895501
904	130	2	-0.765578973857078
905	130	2	1.80284481138774
906	130	2	-0.599511834830254
907	131	2	0.857764678889454
908	131	2	0.184184173880649
909	131	2	2.00410017949342
910	131	2	1.48630211244394
911	131	2	1.88490110645411
912	131	2	0.482967591779186
913	131	2	0.943559136108676
914	131	2	1.81881884250104
915	132	2	0.810919961123507
916	132	2	-0.582374318892716
917	132	2	1.31020505166198
918	132	2	0.854070971688413
919	132	2	1.33865397088793
920	132	2	1.39674502366775
921	132	2	0.798802088400717
922	132	2	3.26431860497567
923	132	2	0.0697727498422841
924	132	2	0.117539011571509
925	133	2	1.67378117026431
926	133	2	1.99242623034701
927	133	2	1.75614308172719
928	133	2	3.09827162288156
929	134	2	1.32155944479542
930	134	2	-0.550107914321512
931	134	2	0.505285145477641
932	134	2	-0.408343971542112
933	134	2	0.0535901715568233
934	134	2	-1.35419891571311
935	135	2	-0.442027178153797
936	135	2	1.0019675970742
937	135	2	0.495014895108988
938	135	2	-1.47932448900788
939	135	2	1.49257997072721
940	135	2	-0.0505880205500408
941	135	2	0.510718622495304
942	135	2	-0.165557400861897
943	136	2	1.11703469126736
944	136	2	0.995933197659005
945	136	2	0.188377530016322
946	136	2	1.26444179287481
947	136	2	2.21477214344946
948	136	2	0.419658195296776
949	136	2	3.2357124546778
950	136	2	2.13544559907017
951	136	2	0.576252031570635
952	136	2	2.53728153576872
953	137	2	0.158778739065421
954	137	2	0.679967367286417
955	137	2	-0.781945521474148
956	137	2	1.94712233063073
957	138	1	-1.89583832791748
958	138	1	-0.921333276504696
959	138	1	-2.07426787026156
960	138	1	-1.84770397778794
961	138	1	-1.23412296630213
962	138	1	-0.748963505712412
963	139	2	0.103025801635981
964	139	2	1.34195230487601
965	139	2	-1.38068799543301
966	139	2	2.0142070849882
967	139	2	2.17532715237489
968	139	2	1.27087508557521
969	139	2	2.85636197073159
970	139	2	1.50318815562064
971	140	2	2.40338328370659
972	140	2	2.12265690548609
973	140	2	1.28102078583632
974	140	2	2.43184256401687
975	140	2	0.960943476810961
976	140	2	2.15721156222
977	140	2	1.09224404395717
978	140	2	1.4177359737496
979	140	2	1.70882740419708
980	140	2	2.62011865417371
981	141	2	0.302757279666145
982	141	2	-0.87477864423819
983	141	2	1.87421127585201
984	141	2	0.935822287055695
985	142	1	-1.20193151525188
986	142	1	-1.81606851204417
987	142	1	-0.638679079052325
988	142	1	-1.31537024150465
989	142	1	-0.973530902006979
990	142	1	0.206733021262944
991	143	2	1.71087903965672
992	143	2	0.796684034516619
993	143	2	2.18196276731521
994	143	2	2.95933310275012
995	143	2	0.774282670404721
996	143	2	1.51092753177484
997	143	2	1.56274874748531
998	143	2	0.586371061861638
999	144	1	-1.46042772534429
1000	144	1	-2.79755862316991
1001	144	1	-2.89269250549195
1002	144	1	-2.37144921159292
1003	144	1	-1.59227338614316
1004	144	1	-1.18133803748899
1005	144	1	-3.54221504329697
1006	144	1	-2.54638225691136
1007	144	1	-4.27635546892757
1008	144	1	0.217731562438373
1009	145	1	-1.99636737176121
1010	145	1	-0.761826790231226
1011	145	1	1.49481761702506
1012	145	1	-0.132235850396176
1013	146	2	0.977958999655605
1014	146	2	0.400850018682243
1015	146	2	0.584338746755681
1016	146	2	2.18745659619355
1017	146	2	1.2880464156873
1018	146	2	1.2903973490776
1019	147	2	-0.443113579178031
1020	147	2	-1.80882047490665
1021	147	2	-0.454230415969123
1022	147	2	-0.0674521094745989
1023	147	2	0.164849397730795
1024	147	2	0.483935836856168
1025	147	2	-0.775716361465682
1026	147	2	-1.17893260791703
1027	148	1	-0.30794282172555
1028	148	1	-2.12757757752337
1029	148	1	-0.341022092294782
1030	148	1	-0.436388262780046
1031	148	1	-0.139534477994378
1032	148	1	1.73634698099209
1033	148	1	-0.67027339179436
1034	148	1	-0.996897383351927
1035	148	1	-0.34174974857854
1036	148	1	1.07943366586146
1037	149	2	1.21232010961767
1038	149	2	0.65561354461994
1039	149	2	0.304513036374746
1040	149	2	0.0218552623124024
1041	150	1	-1.56354342368892
1042	150	1	-1.86533240793864
1043	150	1	-1.19001972644525
1044	150	1	-1.53340200059866
1045	150	1	-2.51197638850222
1046	150	1	-1.55350178027096
