id	g	group_class	y1
1	1	2	1.10182050561556
2	1	2	1.15885306417674
3	1	2	-1.49013634721132
4	1	2	-0.0920778934125054
5	2	2	3.76801595530635
6	2	2	2.77742768226873
7	2	2	4.05752431018093
8	2	2	-0.347293257006458
9	2	2	2.5097895823162
10	2	2	0.915831338303108
11	3	1	-0.270747098479218
12	3	1	-0.354026981706829
13	3	1	0.0365963480258295
14	3	1	-0.829625713814542
15	3	1	0.469329156427726
16	3	1	-1.21653280758532
17	3	1	-0.687796872997548
18	3	1	-0.979945483767879
19	4	2	2.09009131889877
20	4	2	-2.48714986618397
21	4	2	-1.43651078881641
22	4	2	0.945713594493016
23	4	2	0.912195436939087
24	4	2	-0.868619004030988
25	4	2	-2.50124104208367
26	4	2	0.76116789865936
27	4	2	1.68270911557776
28	4	2	-0.33417127959023
29	5	1	-0.344540070593721
30	5	1	1.45276104905095
31	5	1	0.359624283938723
32	5	1	1.04140045249351
33	6	2	0.481095258500554
34	6	2	0.707649280374049
35	6	2	1.88899146068401
36	6	2	3.58870109038572
37	6	2	1.2332283012353
38	6	2	1.42259524572778
39	7	2	-0.0197768170836354
40	7	2	1.25216712763386
41	7	2	1.99300692241927
42	7	2	2.28281235952112
43	7	2	0.72816161987269
44	7	2	-0.0749851420067291
45	7	2	2.59704245388962
46	7	2	2.13177716237263
47	8	2	-0.340195351932932
48	8	2	2.28043768747195
49	8	2	-0.705121591618111
50	8	2	-0.658050879032679
51	8	2	-2.10285848460238
52	8	2	1.99259078524061
53	8	2	-0.540945044405513
54	8	2	1.99326194031453
55	8	2	2.38305109259108
56	8	2	-0.636581249379936
57	9	2	2.43252025262271
58	9	2	-0.531516063761937
59	9	2	0.77068294209845
60	9	2	0.658032315113625
61	10	1	0.0572834945749825
62	10	1	1.16359900998388
63	10	1	2.1382287742796
64	10	1	1.81527655826409
65	10	1	1.46304088280512
66	10	1	0.264504620646042
67	11	1	0.768113426899259
68	11	1	1.41084615728596
69	11	1	0.951455013219225
70	11	1	1.50858344439606
71	11	1	1.2372984277733
72	11	1	0.512524945951196
73	11	1	0.996105063983271
74	11	1	0.892013997880426
75	12	1	-0.674518192915743
76	12	1	0.587407806374149
77	12	1	0.132396745906647
78	12	1	0.327402378976793
79	12	1	0.446391277304327
80	12	1	0.55886510640246
81	12	1	0.484759298929795
82	12	1	-0.817227551603756
83	12	1	0.191430712100284
84	12	1	-0.45036152157698
85	13	2	0.890948710906799
86	13	2	0.121598902988268
87	13	2	3.45680792312892
88	13	2	1.09383528178981
89	14	2	0.652912436929469
90	14	2	3.03532945825655
91	14	2	1.57433395693599
92	14	2	0.0410537174934738
93	14	2	0.745978187569202
94	14	2	0.0684002281778338
95	15	1	-1.29776459742158
96	15	1	-1.15965910792175
97	15	1	-0.936412209650689
98	15	1	-1.54117681895438
99	15	1	-1.46531446336082
100	15	1	-0.165003932310504
101	15	1	-0.0478645732766392
102	15	1	-0.666633660679929
103	16	2	-0.356961595405392
104	16	2	0.744349709893572
105	16	2	-2.3926053384962
106	16	2	-0.145762175523843
107	16	2	-1.46280346475558
108	16	2	-2.03259346177529
109	16	2	0.41856072987128
110	16	2	-0.765983487457406
111	16	2	-0.293366846107844
112	16	2	-2.0292672381556
113	17	2	-0.33471687537597
114	17	2	0.728442519533856
115	17	2	1.27258823289844
116	17	2	1.03382208618574
117	18	2	-3.04487344095305
118	18	2	-0.993795588971807
119	18	2	3.86040957674242
120	18	2	1.86673857323495
121	18	2	-0.746511845277252
122	18	2	-0.695982041082234
123	19	2	1.4183065292075
124	19	2	-1.36652252397277
125	19	2	-1.06903832684873
126	19	2	0.231828171798025
127	19	2	-1.9505463976628
128	19	2	0.316186537268826
129	19	2	2.02040349176161
130	19	2	1.10428531861342
131	20	1	0.721989960839185
132	20	1	1.09685148446368
133	20	1	1.12405010520247
134	20	1	1.33120058432392
135	20	1	1.35876468217876
136	20	1	0.713848245729896
137	20	1	1.12656019020802
138	20	1	1.40504137479673
139	20	1	0.554881389964469
140	20	1	2.25122909988278
141	21	1	-0.0480412207661767
142	21	1	-0.0250018225255381
143	21	1	-0.411118772631676
144	21	1	-0.505666458841383
145	22	1	0.328469971580816
146	22	1	0.66347521628731
147	22	1	0.734531061116574
148	22	1	0.715426389038213
149	22	1	-0.652614705224005
150	22	1	-0.273485993155459
151	23	1	1.57096910448828
152	23	1	0.236272686128759
153	23	1	-0.0419881070705516
154	23	1	0.91706957436042
155	23	1	1.39816578804165
156	23	1	0.15584809447441
157	23	1	0.884734431800718
158	23	1	1.0505989829032
159	24	1	1.10986619540482
160	24	1	0.422833155453234
161	24	1	0.488246498433794
162	24	1	0.126815706445393
163	24	1	0.347067857617956
164	24	1	0.724853131749866
165	24	1	0.815560243223501
166	24	1	0.225240441068594
167	24	1	0.0852734448637178
168	24	1	1.0389868436522
169	25	1	1.34961441537691
170	25	1	2.40539105223171
171	25	1	0.568192736371407
172	25	1	0.599808656511641
173	26	2	2.2330823209467
174	26	2	1.21828546858906
175	26	2	1.02304635995939
176	26	2	-1.85060381998577
177	26	2	0.425629439716716
178	26	2	1.05315090004292
179	27	2	1.73127323843205
180	27	2	2.63177613193778
181	27	2	1.41606192035931
182	27	2	0.580041515430988
183	27	2	3.93423957877729
184	27	2	-0.169165199387015
185	27	2	-1.32853944295853
186	27	2	0.872317011838494
187	28	2	-1.15123487111604
188	28	2	0.0311188165095112
189	28	2	0.448641965045988
190	28	2	2.23734254642193
191	28	2	-1.27092112474735
192	28	2	-0.852236518728764
193	28	2	-0.115971514621329
194	28	2	-0.121513365951889
195	28	2	3.73642339084383
196	28	2	-2.28558451513351
197	29	1	-0.0926659172416129
198	29	1	-1.18691975149726
199	29	1	-0.693405949496941
200	29	1	0.2479724162475
201	30	1	0.797250030575533
202	30	1	1.32625957079467
203	30	1	0.608458398655072
204	30	1	0.703908068845774
205	30	1	0.760839853404659
206	30	1	0.843911723342094
207	31	2	1.18001332114261
208	31	2	-0.268203604821788
209	31	2	-3.23012413900826
210	31	2	-2.11085846020909
211	31	2	-1.4245883896169
212	31	2	0.0884131324684145
213	31	2	-2.70576192713485
214	31	2	0.46404379141608
215	32	1	0.253079787259794
216	32	1	1.88317347732517
217	32	1	0.181826209608801
218	32	1	1.96319462553027
219	32	1	0.865734610909109
220	32	1	0.180450314329719
221	32	1	0.143854612154559
222	32	1	0.598205752757758
223	32	1	0.916317139936818
224	32	1	1.24541815531415
225	33	2	-0.970356115256719
226	33	2	-1.13743384605086
227	33	2	-0.982208203928723
228	33	2	-0.710231939373474
229	34	2	1.90913869752036
230	34	2	1.79389174458669
231	34	2	-0.291874158437298
232	34	2	-0.289165025340676
233	34	2	1.35140269459315
234	34	2	1.65371609996707
235	35	2	-0.254438074911335
236	35	2	2.58408575811837
237	35	2	1.83656013434115
238	35	2	2.02790094959341
239	35	2	0.966510759238826
240	35	2	-0.0702245645954149
241	35	2	1.43219506137058
242	35	2	-0.75059205112967
243	36	2	-0.0724484474541472
244	36	2	-0.598822228025135
245	36	2	2.10941455036687
246	36	2	0.903102161868135
247	36	2	2.41178656203033
248	36	2	1.2517311745291
249	36	2	2.02528384265642
250	36	2	0.473279674691001
251	36	2	-0.880616673250599
252	36	2	1.55459975799274
253	37	1	1.03062155503493
254	37	1	1.85244380200529
255	37	1	1.45422335448305
256	37	1	1.92489518172356
257	38	2	1.91421199171985
258	38	2	1.07196161613325
259	38	2	1.24398178581035
260	38	2	0.583736606251233
261	38	2	-0.439597383727195
262	38	2	-0.526351033023846
263	39	2	-0.604334986823763
264	39	2	1.22639067302646
265	39	2	-0.187050173913033
266	39	2	-1.40733393694381
267	39	2	2.95769027909267
268	39	2	2.72578046104775
269	39	2	0.49507040246067
270	39	2	-1.28611689502112
271	40	1	1.37995122168724
272	40	1	2.70377435488221
273	40	1	2.42744232823437
274	40	1	1.17783514616159
275	40	1	1.75271995640998
276	40	1	1.18813179514283
277	40	1	1.22021695226521
278	40	1	1.5428986554843
279	40	1	0.84458904030113
280	40	1	2.23098074255496
281	41	2	-1.75754547419326
282	41	2	0.436116343654472
283	41	2	-1.35284996150435
284	41	2	2.23816177314399
285	42	2	0.550098149790409
286	42	2	-0.310680320289281
287	42	2	3.51406241656922
288	42	2	2.30976891000876
289	42	2	1.01355917902672
290	42	2	0.688496917607879
291	43	2	1.40864976611282
292	43	2	0.52630050863301
293	43	2	1.09657279884498
294	43	2	1.84372815431347
295	43	2	2.37119811384709
296	43	2	1.83708492159399
297	43	2	3.00973017469834
298	43	2	-2.20127427057319
299	44	2	1.02487759488253
300	44	2	-1.79885269595222
301	44	2	2.92614108618469
302	44	2	1.56453979978307
303	44	2	1.25592288230687
304	44	2	-1.00278334505497
305	44	2	-1.13782932676256
306	44	2	0.717806850678056
307	44	2	0.890781637692073
308	44	2	-0.600596703458029
309	45	2	1.51260833509076
310	45	2	0.0518633997890459
311	45	2	-2.2234912218527
312	45	2	1.43510666752612
313	46	1	1.62193489525071
314	46	1	0.658913536973639
315	46	1	2.05162430469133
316	46	1	1.19588969543233
317	46	1	1.39997048956848
318	46	1	0.394130454219147
319	47	2	-0.653776194171356
320	47	2	2.47286205782233
321	47	2	1.30245101269215
322	47	2	0.895043032040019
323	47	2	-0.188377489665838
324	47	2	-0.832257318586812
325	47	2	2.16338954204425
326	47	2	-0.0911078290236221
327	48	1	0.00688065351941219
328	48	1	1.05480497115486
329	48	1	-0.454229990476374
330	48	1	0.216337192238589
331	48	1	-0.8684600809038
332	48	1	0.904652404211075
333	48	1	-0.0899464753865831
334	48	1	0.625623401785783
335	48	1	0.230092782844349
336	48	1	-0.594149326783621
337	49	1	-0.168449406669213
338	49	1	1.09545549600336
339	49	1	-0.301645982367914
340	49	1	0.551171161851945
341	50	1	1.15911849696297
342	50	1	2.34336264291079
343	50	1	0.876608060371942
344	50	1	0.559254280523283
345	50	1	2.50069426061345
346	50	1	0.385653401095481
347	51	1	2.07360359697
348	51	1	1.06063294105698
349	51	1	0.956411702156581
350	51	1	1.86916845159384
351	51	1	0.296435154340799
352	51	1	0.7942252450797
353	51	1	0.658598541184162
354	51	1	1.98108136908848
355	52	2	3.48249201411738
356	52	2	-0.0317535261651432
357	52	2	0.649084646375031
358	52	2	0.482731198635149
359	52	2	1.93279088716356
360	52	2	1.04089527838322
361	52	2	1.49927848314145
362	52	2	3.34871891459391
363	52	2	3.08763533561651
364	52	2	4.32235693415846
365	53	2	0.401415722088052
366	53	2	-1.00560915098595
367	53	2	-2.32794101855479
368	53	2	-2.42331624653561
369	54	1	-0.652775624776532
370	54	1	-0.915780307211042
371	54	1	0.360616859099239
372	54	1	-0.147911443753624
373	54	1	0.287185784154535
374	54	1	-0.262058161432749
375	55	2	-0.231880121902824
376	55	2	-0.308186981084792
377	55	2	3.99629502952293
378	55	2	1.44419169884582
379	55	2	0.67986061556711
380	55	2	1.16222232526485
381	55	2	0.649988082506896
382	55	2	1.70142876658181
383	56	2	-2.4204344109293
384	56	2	-0.80689355876129
385	56	2	0.403744811858595
386	56	2	1.93626634329577
387	56	2	-0.714845469670218
388	56	2	-0.896265177497719
389	56	2	-0.697937016549745
390	56	2	-0.648043674516304
391	56	2	0.791976672427534
392	56	2	-0.570847956541852
393	57	2	0.330817299226074
394	57	2	1.51522950683883
395	57	2	1.78678369182873
396	57	2	0.0312555093239333
397	58	2	2.77715671278466
398	58	2	2.1825683996117
399	58	2	2.7029282318944
400	58	2	0.703101965651566
401	58	2	-1.73943021298713
402	58	2	-3.14629408555289
403	59	1	1.80281356237096
404	59	1	0.150916868461492
405	59	1	0.684739330149916
406	59	1	0.393091215038953
407	59	1	0.890907515465999
408	59	1	0.264026256694139
409	59	1	1.29646126711963
410	59	1	1.27900176299906
411	60	1	0.241485860109099
412	60	1	-0.0527380199876383
413	60	1	-0.253511014834193
414	60	1	-0.248804187357073
415	60	1	0.949770293103536
416	60	1	0.242260500320074
417	60	1	1.12967238917216
418	60	1	0.19278088497639
419	60	1	1.57347150492359
420	60	1	0.219032994931239
421	61	2	1.4262595403321
422	61	2	0.130410458917881
423	61	2	1.49581596311402
424	61	2	2.0140616194918
425	62	2	2.16891413174022
426	62	2	1.67205890228415
427	62	2	2.21259866406768
428	62	2	3.31017421426698
429	62	2	-0.275769196608442
430	62	2	0.702826282502327
431	63	1	0.927126272024906
432	63	1	0.167546641791333
433	63	1	-0.288840280845748
434	63	1	1.22114583767977
435	63	1	-0.162100466294705
436	63	1	0.391688173181312
437	63	1	1.19356383272616
438	63	1	0.530661713581291
439	64	2	1.542641075967
440	64	2	-0.158979882963052
441	64	2	1.19144925821136
442	64	2	-0.552714545231784
443	64	2	-0.652987815609816
444	64	2	0.281731863436214
445	64	2	3.46632403191372
446	64	2	3.05671895307091
447	64	2	3.6603649540393
448	64	2	-0.371022890957558
449	65	1	0.710068931997801
450	65	1	0.297796713558562
451	65	1	0.214925486715661
452	65	1	-0.323639289526362
453	66	1	-0.739206280949993
454	66	1	-0.401111778088876
455	66	1	1.20160610209655
456	66	1	0.173003982922373
457	66	1	-0.0804447009337444
458	66	1	0.712279837357417
459	67	2	-1.24790037569771
460	67	2	-2.74799736466672
461	67	2	-0.717850519273083
462	67	2	-2.29064128463642
463	67	2	-1.84845364436178
464	67	2	0.424555656856286
465	67	2	0.266545290569584
466	67	2	-1.49726095943095
467	68	2	2.98443664552708
468	68	2	1.67160721905235
469	68	2	0.917694707003773
470	68	2	0.905360819545699
471	68	2	0.940006915833265
472	68	2	-0.171850842166939
473	68	2	0.693871747235133
474	68	2	1.2606396573963
475	68	2	1.92936292856648
476	68	2	0.523587816346639
477	69	1	0.790836537339437
478	69	1	0.468193104052848
479	69	1	1.8267113902173
480	69	1	0.59518157680773
481	70	1	-0.6367784365557
482	70	1	-0.386919052784394
483	70	1	0.120728812812562
484	70	1	0.196732998387558
485	70	1	0.922892428407943
486	70	1	0.102104617375779
487	71	2	0.0755925940148665
488	71	2	1.39425931022414
489	71	2	1.14972845681676
490	71	2	3.75548844354596
491	71	2	-1.66314142764488
492	71	2	3.81870310544537
493	71	2	1.751304769539
494	71	2	-1.08195083573329
495	72	1	0.39681440799461
496	72	1	0.645047887975689
497	72	1	0.496686365666351
498	72	1	1.72587190654451
499	72	1	0.0112106950498792
500	72	1	0.48836602989352
501	72	1	-0.17623947615002
502	72	1	0.414682471976573
503	72	1	0.788402710799511
504	72	1	0.077579386721775
505	73	1	0.415436787306031
506	73	1	-0.0237702893039326
507	73	1	-0.776932354392928
508	73	1	-0.264240729040734
509	74	1	1.44170312963151
510	74	1	1.10079896938602
511	74	1	3.28725086594507
512	74	1	2.27591401886557
513	74	1	1.29445613429779
514	74	1	-0.0500051410659668
515	75	2	-1.35565922273491
516	75	2	1.45131816340002
517	75	2	1.11526804054284
518	75	2	0.166753799154141
519	75	2	1.39178014248524
520	75	2	1.78636968715221
521	75	2	-1.90938930585524
522	75	2	-0.338961265958326
523	76	1	0.33818778358458
524	76	1	1.53220584043138
525	76	1	-0.584971352905852
526	76	1	1.58712533354655
527	76	1	0.638452137385355
528	76	1	-0.115000516922413
529	76	1	-0.218315647286668
530	76	1	0.700385221037155
531	76	1	0.133739103966179
532	76	1	-0.0561277546535731
533	77	1	0.343123296013895
534	77	1	0.273049188017852
535	77	1	0.637822603952266
536	77	1	0.21438063021768
537	78	2	-0.180721708928556
538	78	2	2.11366592019173
539	78	2	1.14823161531483
540	78	2	2.05453295347611
541	78	2	1.66627372946218
542	78	2	-0.193929472758312
543	79	2	3.63547993646535
544	79	2	-0.699207177595814
545	79	2	-1.03415452560082
546	79	2	-0.295497253948861
547	79	2	-0.689563250635419
548	79	2	0.0501210503265297
549	79	2	0.920041128597516
550	79	2	0.833423657474994
551	80	2	-1.0103553985318
552	80	2	-1.37119006069324
553	80	2	-1.65138937344519
554	80	2	0.991180017294544
555	80	2	0.14340541987501
556	80	2	2.03932474925941
557	80	2	-0.402308123849337
558	80	2	0.848669957426169
559	80	2	-1.15104771657329
560	80	2	1.67820200288496
561	81	1	0.119329414687951
562	81	1	-0.463723512410134
563	81	1	0.18421859893977
564	81	1	-0.717580679856121
565	82	1	1.6799837712455
566	82	1	-0.879892347329126
567	82	1	0.608167073343406
568	82	1	0.375689649046534
569	82	1	1.63763271834675
570	82	1	0.384502822746608
571	83	1	0.780007717447388
572	83	1	2.00401025256641
573	83	1	1.00200049052712
574	83	1	1.36651802139289
575	83	1	1.64365079281416
576	83	1	-0.188111027404382
577	83	1	2.19432964862149
578	83	1	0.698533130729545
579	84	1	0.466738150308976
580	84	1	-0.126696448374519
581	84	1	0.263470643408861
582	84	1	-0.325016507538975
583	84	1	0.19745812431272
584	84	1	0.0706631287909201
585	84	1	-0.0747579886608626
586	84	1	-0.949264467922065
587	84	1	0.747904360574452
588	84	1	-0.777892038214513
589	85	1	-0.105664908502688
590	85	1	0.234507467571058
591	85	1	-0.819550372484596
592	85	1	-1.36754964705136
593	86	2	2.7302217222095
594	86	2	-0.136018472238581
595	86	2	1.13925662680127
596	86	2	-0.805879681272924
597	86	2	0.159940240558863
598	86	2	0.94524077285132
599	87	1	-0.925736260376282
600	87	1	0.266289395473322
601	87	1	-0.370089786871351
602	87	1	-0.0449931430207027
603	87	1	-0.340069855177016
604	87	1	-1.43892747445508
605	87	1	-0.826915784430385
606	87	1	-0.43008314199497
607	88	1	0.668429821189484
608	88	1	1.22380780367907
609	88	1	1.27140833496154
610	88	1	-0.207498524803627
611	88	1	-0.108158089478816
612	88	1	1.06551821612709
613	88	1	0.627032881492307
614	88	1	0.852658491608564
615	88	1	-0.214006940785959
616	88	1	1.49113647318028
617	89	1	0.142078802239604
618	89	1	0.00533874805913634
619	89	1	-0.0608876191907164
620	89	1	0.0874997154085266
621	90	2	0.800367570066335
622	90	2	1.40584392739947
623	90	2	-0.310569074867424
624	90	2	1.36428356921767
625	90	2	2.23367508038778
626	90	2	0.777063914683628
627	91	1	1.60907705571766
628	91	1	-0.00211824712560982
629	91	1	0.523781837608413
630	91	1	1.69548809905964
631	91	1	0.454803824463015
632	91	1	0.681875104647517
633	91	1	1.69202341412409
634	91	1	1.13235088989703
635	92	1	1.02866629032495
636	92	1	1.13837309159845
637	92	1	-0.556217957133819
638	92	1	1.6066428659229
639	92	1	3.18925886347867
640	92	1	0.410407998230411
641	92	1	0.577578858836804
642	92	1	0.962090787700241
643	92	1	0.900326528438586
644	92	1	1.44624366732506
645	93	1	0.699320562880574
646	93	1	0.576216465209065
647	93	1	0.374217360503814
648	93	1	2.13324263780842
649	94	1	0.861228206971371
650	94	1	1.24819202315815
651	94	1	1.01064364840138
652	94	1	1.11711582774529
653	94	1	1.07250131259435
654	94	1	1.30134727198002
655	95	2	-0.23890641372118
656	95	2	3.06464388660768
657	95	2	-0.0348295420675383
658	95	2	0.338121087506469
659	95	2	-0.0463784136252535
660	95	2	-0.71419187969785
661	95	2	-0.0775816470005287
662	95	2	1.8215091346856
663	96	2	0.473801717500473
664	96	2	0.801802947926902
665	96	2	-0.748835643330049
666	96	2	0.652842302340265
667	96	2	2.91654320945166
668	96	2	0.687956992911943
669	96	2	-0.179251818404323
670	96	2	-0.767160033116228
671	96	2	1.5033296815159
672	96	2	0.463516511727072
673	97	2	1.12079517791307
674	97	2	-1.44726862589716
675	97	2	1.11909219479339
676	97	2	-0.276068969134072
677	98	2	1.00065983140716
678	98	2	0.734866877082287
679	98	2	0.211303471520495
680	98	2	2.47208844517876
681	98	2	-1.34178374599181
682	98	2	0.515848335935836
683	99	2	0.303747885754047
684	99	2	2.40174726245065
685	99	2	1.6775277355075
686	99	2	-0.981480083086141
687	99	2	2.04475707119768
688	99	2	1.61537327121767
689	99	2	0.333107598607219
690	99	2	2.18148818680252
691	100	2	0.579862259576861
692	100	2	2.2762036402537
693	100	2	0.543716137428045
694	100	2	2.19779411908796
695	100	2	2.04677064301052
696	100	2	1.24521057317849
697	100	2	1.28428350769028
698	100	2	1.10402657674005
699	100	2	1.46110152901555
700	100	2	5.91536704717757
701	101	2	0.788010578407679
702	101	2	1.28113451846835
703	101	2	-0.863002086939421
704	101	2	0.840512508774498
705	102	1	1.37551618275952
706	102	1	1.00425292746267
707	102	1	2.04091352240375
708	102	1	1.54434404236445
709	102	1	1.38945255455724
710	102	1	1.32533867492901
711	103	1	1.03074274311415
712	103	1	1.30070804454247
713	103	1	0.461698094526461
714	103	1	0.424826731780663
715	103	1	0.968573008807827
716	103	1	0.0641375935117768
717	103	1	0.0691954622761543
718	103	1	-0.147977355006376
719	104	1	0.232322737783074
720	104	1	0.274965980873939
721	104	1	0.447828765290729
722	104	1	0.993345758796351
723	104	1	0.28751465856656
724	104	1	0.337979242978498
725	104	1	1.11760133981401
726	104	1	0.14853959408954
727	104	1	0.486936185817987
728	104	1	-0.121484962582277
729	105	1	-0.0101219620613825
730	105	1	-0.0337940699002792
731	105	1	1.19877950592327
732	105	1	0.256832246245651
733	106	2	-0.52297810807426
734	106	2	-0.172429541043078
735	106	2	1.97798386597837
736	106	2	0.036484721498221
737	106	2	2.37734422862543
738	106	2	0.011420504131159
739	107	2	1.23664944279531
740	107	2	-1.5963090031986
741	107	2	1.08499953421634
742	107	2	1.26203573175022
743	107	2	1.33969572983007
744	107	2	2.24677985790363
745	107	2	1.47243139348086
746	107	2	1.69358778537795
747	108	2	-0.574220247085923
748	108	2	-0.282328902204141
749	108	2	-0.157559663854188
750	108	2	-0.121722573872066
751	108	2	0.956196676265575
752	108	2	-2.26507043980426
753	108	2	-1.11416549842424
754	108	2	-2.60272675121643
755	108	2	-0.275762078550105
756	108	2	-3.20206821091873
757	109	1	-0.057423461695065
758	109	1	-0.144573514639018
759	109	1	0.551579649444944
760	109	1	0.569562667711327
761	110	2	2.2799530397377
762	110	2	-2.06356062895429
763	110	2	1.6198629403578
764	110	2	-0.104089553927645
765	110	2	1.35800584933819
766	110	2	1.13767143450805
767	111	1	0.192213734639485
768	111	1	-0.211440058889667
769	111	1	0.711780131244388
770	111	1	0.295499271448213
771	111	1	0.775427581319132
772	111	1	0.0834941619183392
773	111	1	0.85956121571336
774	111	1	-1.01172969945621
775	112	2	-0.529974597986815
776	112	2	3.21686371372507
777	112	2	-0.815541240964376
778	112	2	0.988017208755634
779	112	2	0.297210410093781
780	112	2	1.94960414867635
781	112	2	2.08332422553919
782	112	2	1.24744420937173
783	112	2	1.25119852035908
784	112	2	4.69179916382675
785	113	1	0.982938987614943
786	113	1	0.221717386647939
787	113	1	0.742361786222616
788	113	1	-0.145763381893649
789	114	1	0.982392296446675
790	114	1	0.116928007855997
791	114	1	0.547566426558727
792	114	1	0.565542248230216
793	114	1	0.395092061450557
794	114	1	-0.227658055526733
795	115	1	-0.0347591118402904
796	115	1	-1.28420918472823
797	115	1	0.365446010561122
798	115	1	-1.12619708109023
799	115	1	0.303420421350433
800	115	1	-1.71036537895965
801	115	1	-0.0457966512195061
802	115	1	-0.712254480800584
803	116	2	-0.359849437404655
804	116	2	2.01411618400361
805	116	2	0.575698544729185
806	116	2	-0.620727559884109
807	116	2	1.373867031462
808	116	2	0.230243034191591
809	116	2	-0.833884545458757
810	116	2	0.896584876759426
811	116	2	-1.30550994439994
812	116	2	0.753288682910648
813	117	1	-0.627690359325639
814	117	1	-0.732947775384037
815	117	1	-0.933032778213244
816	117	1	-1.85535459036518
817	118	1	0.812498480891516
818	118	1	0.121453003741905
819	118	1	0.981416001714088
820	118	1	-0.136583225010542
821	118	1	-0.544282623853984
822	118	1	0.149422242395674
823	119	2	1.66343283145988
824	119	2	1.58976934974543
825	119	2	1.40536709854824
826	119	2	-0.0323352969899915
827	119	2	3.7629742514623
828	119	2	0.395025307690395
829	119	2	-0.952019529583247
830	119	2	0.738712937012932
831	120	2	1.92126540763921
832	120	2	0.666893256642287
833	120	2	2.32279465697665
834	120	2	0.885528600160318
835	120	2	-0.274306056388907
836	120	2	0.273457880226472
837	120	2	3.90639158149637
838	120	2	3.78960816826655
839	120	2	0.0811426574298288
840	120	2	2.00194523818168
841	121	1	0.701891061021454
842	121	1	0.395516363790848
843	121	1	1.34399549925775
844	121	1	0.405492632511278
845	122	1	0.208614512662032
846	122	1	0.462619727151528
847	122	1	-0.846075061725541
848	122	1	-1.41399026677785
849	122	1	-0.428514737690701
850	122	1	0.463211523062503
851	123	2	-0.791807398888611
852	123	2	-0.654810424595233
853	123	2	0.336728686082745
854	123	2	1.10686954411842
855	123	2	2.97223933138446
856	123	2	2.11947592157043
857	123	2	-0.974844729338765
858	123	2	-0.3394818996586
859	124	2	1.39105009338262
860	124	2	0.976371063502417
861	124	2	-0.11184150580877
862	124	2	1.0855113671561
863	124	2	1.31763197266144
864	124	2	3.3247531539253
865	124	2	0.0156095144943781
866	124	2	0.406157901332692
867	124	2	2.5287414624655
868	124	2	2.13036268200189
869	125	2	4.05216135920843
870	125	2	0.950673328506215
871	125	2	3.39267678150578
872	125	2	1.26162947386913
873	126	2	-1.76647402938007
874	126	2	-2.29031264925422
875	126	2	2.87170495890125
876	126	2	-2.10012105348379
877	126	2	-0.20831572869097
878	126	2	0.509460257903184
879	127	1	1.80461928809557
880	127	1	2.77879578743328
881	127	1	0.813443324359983
882	127	1	1.59277072561906
883	127	1	1.1746386509595
884	127	1	1.36605046334815
885	127	1	1.65367056200124
886	127	1	1.10981725571056
887	128	1	-0.329073758142007
888	128	1	1.17100371840973
889	128	1	0.114632645510208
890	128	1	0.659149541945368
891	128	1	-0.0461217115799676
892	128	1	0.81355306539475
893	128	1	1.27187227575215
894	128	1	-0.803405449298632
895	128	1	0.914613784363505
896	128	1	1.55437832616883
897	129	2	1.77667873572132
898	129	2	-1.28962514094761
899	129	2	-0.757220028628302
900	129	2	-1.57347426139871
901	130	2	-1.83876488896236
902	130	2	-0.0281715114796284
903	130	2	0.0661562043173577
904	130	2	1.64417750836091
905	130	2	-1.91982245258797
906	130	2	-2.31241067755203
907	131	2	0.16709178050762
908	131	2	0.660980686406061
909	131	2	-0.372180177445227
910	131	2	-0.188458720963183
911	131	2	-0.65359252151645
912	131	2	-0.439708644151051
913	131	2	-0.570499240557055
914	131	2	1.33197293279494
915	132	1	0.552826521676153
916	132	1	-0.189944392291499
917	132	1	0.274630292891632
918	132	1	0.220549601235891
919	132	1	-0.182434850418616
920	132	1	-1.75525010783165
921	132	1	-0.638785443263615
922	132	1	-0.819558118076897
923	132	1	0.319321573343484
924	132	1	-0.487202817219414
925	133	1	1.42603433938407
926	133	1	1.79483944793943
927	133	1	0.800601680466136
928	133	1	1.01483625187753
929	134	1	-0.869283812026977
930	134	1	0.150115544463061
931	134	1	-0.133215441436016
932	134	1	0.208102814845255
933	134	1	0.0461029102113455
934	134	1	1.41356931225899
935	135	1	0.267223692214837
936	135	1	1.61525942886875
937	135	1	1.74561124391173
938	135	1	-0.0551130320596727
939	135	1	1.06355374339453
940	135	1	0.403138323264143
941	135	1	0.0157342370091533
942	135	1	1.0483962182817
943	136	2	0.618720737681644
944	136	2	0.60967173515589
945	136	2	0.328918710215062
946	136	2	4.15500177248877
947	136	2	-1.04162207675348
948	136	2	1.81727864771779
949	136	2	0.477366751870722
950	136	2	0.0666709241464974
951	136	2	2.77123249760549
952	136	2	1.11224415762342
953	137	2	2.89168272498815
954	137	2	1.37936337514565
955	137	2	2.47598389988355
956	137	2	-1.56064008095253
957	138	2	-2.05821731046879
958	138	2	1.05117491789744
959	138	2	0.172840357509871
960	138	2	0.00322044750788525
961	138	2	0.486360542305456
962	138	2	2.3226932638424
963	139	2	0.134135833651742
964	139	2	-0.710480559159604
965	139	2	-0.358443481218397
966	139	2	-0.118715034999804
967	139	2	-0.169011899657883
968	139	2	-0.641991442020525
969	139	2	-0.832441326435791
970	139	2	-1.69002399029637
971	140	1	0.680235987105421
972	140	1	-0.281946991957559
973	140	1	0.497854207180132
974	140	1	-0.720071602428146
975	140	1	-0.860522694962155
976	140	1	0.643135739147761
977	140	1	1.0530295830301
978	140	1	-0.757563383080711
979	140	1	0.0592106274107427
980	140	1	-0.279378311710837
981	141	2	1.75406870562129
982	141	2	0.379515547656018
983	141	2	-1.83668268261947
984	141	2	2.07383183972074
985	142	1	2.26553185871877
986	142	1	1.22063660013358
987	142	1	1.76801259453604
988	142	1	0.713163881895428
989	142	1	0.344641517129042
990	142	1	1.53800384810559
991	143	2	-0.778165440266537
992	143	2	-2.71617247603174
993	143	2	-0.802404049114552
994	143	2	-2.21724153433773
995	143	2	0.053383471341886
996	143	2	-1.84296119241284
997	143	2	-1.36125378138013
998	143	2	-1.73817873102071
999	144	1	-0.513021236500145
1000	144	1	0.536406311502092
1001	144	1	0.878553940162917
1002	144	1	-0.732671024480915
1003	144	1	0.533587903892239
1004	144	1	-0.150475986881216
1005	144	1	0.76874038943066
1006	144	1	1.47935027421164
1007	144	1	-0.328293199946398
1008	144	1	-0.00965799595630285
1009	145	2	1.54879692796143
1010	145	2	2.35641119331282
1011	145	2	0.596581451829526
1012	145	2	2.21958183385397
1013	146	1	1.61554205570302
1014	146	1	0.204518978171658
1015	146	1	1.02278644668736
1016	146	1	1.03238809602057
1017	146	1	0.341010553273251
1018	146	1	0.822181119722919
1019	147	1	0.0284040127002083
1020	147	1	0.215175279755831
1021	147	1	-1.49310118475822
1022	147	1	0.0213637610198024
1023	147	1	0.150814050072837
1024	147	1	0.283844544233276
1025	147	1	0.331062213533822
1026	147	1	-1.07294075181153
1027	148	2	3.5213405281347
1028	148	2	2.1017454677803
1029	148	2	1.06981591292088
1030	148	2	-0.117256032884393
1031	148	2	0.448545849087941
1032	148	2	1.99635194247833
1033	148	2	1.98834183152776
1034	148	2	0.479931178656004
1035	148	2	1.35062876251979
1036	148	2	-1.8290428707077
1037	149	2	0.732845019843182
1038	149	2	2.95128137692935
1039	149	2	1.04607926808211
1040	149	2	-1.07419729184337
1041	150	2	-2.09919426037768
1042	150	2	1.60974163266336
1043	150	2	0.602771041665414
1044	150	2	1.06987736301806
1045	150	2	2.28785967197408
1046	150	2	0.537986177047588
