id	g	group_class	y1
1	1	1	-1.48795636249668
2	1	1	-1.21215824770703
3	1	1	0.215570242138655
4	1	1	-0.752579081909576
5	2	1	0.498140103623503
6	2	1	-0.074580091179331
7	2	1	0.0439135805179732
8	2	1	-2.66032232136511
9	2	1	-1.4689444093161
10	2	1	-0.418603845130672
11	3	2	-0.130359379209535
12	3	2	1.35319922403255
13	3	2	1.89002329682606
14	3	2	-1.54627388257235
15	3	2	-0.420683556232511
16	3	2	0.068118374471978
17	3	2	0.644804391793267
18	3	2	0.357211646220503
19	4	2	0.275122136211224
20	4	2	4.66571225376417
21	4	2	1.71756243352044
22	4	2	2.09555904725859
23	4	2	0.294582011892875
24	4	2	2.71692015965657
25	4	2	3.46478737713151
26	4	2	0.998245309901049
27	4	2	3.12716945721781
28	4	2	2.65078442193413
29	5	2	0.869930984497169
30	5	2	1.56477416839953
31	5	2	3.7638266628069
32	5	2	2.23772873479389
33	6	2	1.0963642500979
34	6	2	1.7519095153033
35	6	2	-0.38546459752865
36	6	2	2.43761560408523
37	6	2	3.39549560911843
38	6	2	2.12094157988551
39	7	2	-1.39238144574854
40	7	2	1.91179390797611
41	7	2	-0.32566197682046
42	7	2	1.27670770338808
43	7	2	0.417804061594612
44	7	2	1.9815877458412
45	7	2	0.859299434871636
46	7	2	-0.321611919701306
47	8	1	-0.443919586635033
48	8	1	-1.47583409134928
49	8	1	0.142810027919339
50	8	1	-0.122267928670054
51	8	1	-0.394874005729614
52	8	1	1.19287461706946
53	8	1	0.0802386431809418
54	8	1	0.222447233318115
55	8	1	0.727884471290579
56	8	1	-0.210133954256083
57	9	2	-0.901039877167908
58	9	2	-1.23122365875272
59	9	2	-0.0586609739272858
60	9	2	-0.504606094534171
61	10	2	1.35503270563708
62	10	2	1.95954637815316
63	10	2	1.01724871972721
64	10	2	3.04501577363433
65	10	2	1.97514986935433
66	10	2	3.85163359755295
67	11	1	-0.647931006717797
68	11	1	-1.73140926335779
69	11	1	-1.21376327145418
70	11	1	-1.61892722637982
71	11	1	0.124657828077097
72	11	1	-0.024909716842151
73	11	1	-1.63993396920266
74	11	1	-2.16826459720386
75	12	2	1.13635446080831
76	12	2	1.00388768825188
77	12	2	-1.77867137548174
78	12	2	0.554167208828034
79	12	2	0.944946211916588
80	12	2	1.24089174664557
81	12	2	0.971153016322828
82	12	2	0.295589244914864
83	12	2	-0.265206266724577
84	12	2	-0.241618606450693
85	13	2	1.8375579476416
86	13	2	0.450362537564635
87	13	2	-1.57564788368911
88	13	2	2.53411745980439
89	14	1	0.0583939085458813
90	14	1	-0.513145473613967
91	14	1	-1.48313910048331
92	14	1	-0.859921861550856
93	14	1	-1.2684043844261
94	14	1	-0.80733624576213
95	15	2	2.22341714504695
96	15	2	0.922418475918633
97	15	2	0.753754985822107
98	15	2	1.21280005634335
99	15	2	-0.272056283136791
100	15	2	1.26018971701851
101	15	2	2.88792526675344
102	15	2	-0.717964959755317
103	16	1	-3.23596723774582
104	16	1	-2.3978225441995
105	16	1	-0.871279418687981
106	16	1	-2.0556253857867
107	16	1	-1.3492895131722
108	16	1	-1.81588056443106
109	16	1	-1.60962854037669
110	16	1	-1.67520689981796
111	16	1	-1.60315253157296
112	16	1	-0.494983461610884
113	17	1	-1.37057932884841
114	17	1	-1.64380331244205
115	17	1	-1.3085635708316
116	17	1	-1.20840069905291
117	18	1	-2.16878863405684
118	18	1	-2.13208181362973
119	18	1	-2.1612716628362
120	18	1	-1.37167075357589
121	18	1	-1.50556114318328
122	18	1	-1.88937320761994
123	19	2	0.523813708849181
124	19	2	3.40182437729333
125	19	2	3.23694420613598
126	19	2	3.87805048094954
127	19	2	2.25638668756052
128	19	2	2.5486771837132
129	19	2	2.31450463362072
130	19	2	1.92256369192812
131	20	1	-2.37407673591871
132	20	1	-0.814733086144168
133	20	1	-0.544732737482406
134	20	1	-2.34743994165277
135	20	1	0.118144253854626
136	20	1	-2.27747413093159
137	20	1	-1.39105535219561
138	20	1	-2.09322730681737
139	20	1	-1.29640454371295
140	20	1	-2.07991062452498
141	21	2	1.04583992018748
142	21	2	2.39017507294699
143	21	2	0.845560652658899
144	21	2	1.59150886789704
145	22	1	-0.906408859453668
146	22	1	-1.50379909432313
147	22	1	-1.95109308420412
148	22	1	-0.918223928429866
149	22	1	-2.33798355164078
150	22	1	-1.34443503620444
151	23	2	0.85793263548433
152	23	2	0.514463109765693
153	23	2	0.604285522735988
154	23	2	0.178995975506784
155	23	2	-2.37054424412268
156	23	2	-0.32279319415171
157	23	2	0.612043562285464
158	23	2	0.850663683347146
159	24	2	2.9186710856141
160	24	2	0.272866323694724
161	24	2	3.84728354746465
162	24	2	2.71854170724623
163	24	2	-0.896242679562341
164	24	2	0.471905612294843
165	24	2	0.279981778535317
166	24	2	-2.40538906977365
167	24	2	-0.209057176681672
168	24	2	-0.811627801246533
169	25	2	0.921162700061888
170	25	2	-0.166058099362218
171	25	2	1.81259754760899
172	25	2	1.80048982390866
173	26	2	-0.52206276716914
174	26	2	4.94692680706234
175	26	2	0.966509399255896
176	26	2	1.1678261488468
177	26	2	1.27361120975118
178	26	2	0.736025560075681
179	27	1	-0.777008436215979
180	27	1	-0.290587508569794
181	27	1	1.0117790482812
182	27	1	-0.310132198543146
183	27	1	-0.998284031915746
184	27	1	0.264433011048478
185	27	1	0.631520159754958
186	27	1	0.0475835429874499
187	28	1	-0.36389336113244
188	28	1	-1.69509573679527
189	28	1	-0.212849981953076
190	28	1	-0.631175067495448
191	28	1	-0.508186552698629
192	28	1	-0.164074545629406
193	28	1	0.400408477900708
194	28	1	0.378192524921947
195	28	1	-1.34698458513284
196	28	1	-1.3280831052169
197	29	1	-1.7321358119836
198	29	1	-1.58545250562752
199	29	1	-0.45164368433616
200	29	1	-1.80171561300111
201	30	1	-0.263092711175134
202	30	1	-0.80224959208904
203	30	1	-0.299401707531798
204	30	1	0.135686555336578
205	30	1	-0.615566547068939
206	30	1	-0.2292135059935
207	31	2	2.11286337885843
208	31	2	3.31409362549507
209	31	2	2.27156873964164
210	31	2	2.97827832310805
211	31	2	2.80464299413906
212	31	2	1.20135343704955
213	31	2	2.61432149543081
214	31	2	3.96797712079226
215	32	2	0.733530325189271
216	32	2	3.65114682341863
217	32	2	3.44249047044899
218	32	2	1.4276074147409
219	32	2	2.03692870936996
220	32	2	1.26160334583299
221	32	2	3.13327935398773
222	32	2	4.64861204777549
223	32	2	1.9419957382879
224	32	2	0.538052350360629
225	33	2	1.00525675732301
226	33	2	3.7291295336718
227	33	2	2.10358429549308
228	33	2	1.60585042754872
229	34	2	2.90126874545078
230	34	2	2.94347374048097
231	34	2	1.12537056447385
232	34	2	3.30103456122234
233	34	2	2.88931976642071
234	34	2	0.808889369524502
235	35	1	-1.93098697104808
236	35	1	-1.14959299949459
237	35	1	-0.363264839828285
238	35	1	-1.64677455114942
239	35	1	-1.10154159016706
240	35	1	-0.674184562794726
241	35	1	-1.43671689842555
242	35	1	-1.87984241407974
243	36	2	-2.91343601836159
244	36	2	1.92409305127341
245	36	2	-1.88585524759136
246	36	2	-1.13602962539626
247	36	2	-1.43389030622403
248	36	2	-1.59855204341762
249	36	2	-0.331049410829659
250	36	2	-0.895412394941914
251	36	2	1.58493714620844
252	36	2	-1.5614056797934
253	37	1	-1.41023797281847
254	37	1	-2.2053258417559
255	37	1	-0.400379927428292
256	37	1	-2.08945355773567
257	38	2	1.01156475033587
258	38	2	3.14989421726081
259	38	2	0.304848263671017
260	38	2	1.56382544606681
261	38	2	-1.09569147994557
262	38	2	1.87992500335566
263	39	2	-0.193060770704074
264	39	2	1.655461090028
265	39	2	0.890301547779313
266	39	2	0.940354619511061
267	39	2	0.822265364939984
268	39	2	1.46365618365861
269	39	2	0.728032213516384
270	39	2	1.30742422178922
271	40	1	-1.0497225950293
272	40	1	-1.75919785657658
273	40	1	-1.95670182135386
274	40	1	-1.93829839430886
275	40	1	-1.0104891481218
276	40	1	-2.04794420115337
277	40	1	-1.48340718866376
278	40	1	-2.09843606986561
279	40	1	-2.71841119636212
280	40	1	-1.47067942472644
281	41	1	-0.915589341648316
282	41	1	-1.16834150692929
283	41	1	-1.4161972310903
284	41	1	-1.94370129725701
285	42	2	0.923210813451083
286	42	2	1.57022203288624
287	42	2	4.32598710325419
288	42	2	1.14928364314599
289	42	2	0.869434098028658
290	42	2	2.30075990991737
291	43	2	1.44107127732352
292	43	2	-1.84973310649176
293	43	2	2.27031612902944
294	43	2	0.796129405058377
295	43	2	0.980821955616841
296	43	2	1.86312907568864
297	43	2	-0.563532682353038
298	43	2	-0.441023005557557
299	44	2	4.98292642553153
300	44	2	2.85504967002239
301	44	2	2.50271201643315
302	44	2	0.175169086098963
303	44	2	1.01918391074773
304	44	2	2.34743356365457
305	44	2	4.77211855657225
306	44	2	5.29724033052072
307	44	2	1.8609740797266
308	44	2	3.13972402984319
309	45	2	0.544448623517761
310	45	2	2.70398868825248
311	45	2	1.75241268314621
312	45	2	-1.11349339331956
313	46	1	-1.28280415498709
314	46	1	-2.43286150147488
315	46	1	-0.988144496109091
316	46	1	-2.10607462125691
317	46	1	-1.19546192607619
318	46	1	-0.621658309668421
319	47	1	-0.0370223929370205
320	47	1	-1.53469054004761
321	47	1	0.106664962555301
322	47	1	0.697981997282744
323	47	1	0.158495908727712
324	47	1	-1.25923649457057
325	47	1	-0.923608534491615
326	47	1	-1.48751389131484
327	48	2	-0.440759198536153
328	48	2	3.16904643583093
329	48	2	0.522550321950996
330	48	2	1.44142990503394
331	48	2	-0.0543784882658916
332	48	2	-0.659242344888569
333	48	2	0.603283362606912
334	48	2	-3.22045405569417
335	48	2	-0.460251776613982
336	48	2	-1.42287962189912
337	49	2	-0.0195345759578778
338	49	2	0.441559119677665
339	49	2	2.47173820263216
340	49	2	2.80427585937527
341	50	1	-3.15728749781582
342	50	1	-2.94187303972601
343	50	1	-2.94587692780611
344	50	1	-2.93501777359967
345	50	1	-2.44504050708383
346	50	1	-0.774446674384193
347	51	2	1.46548217144606
348	51	2	0.48489100000352
349	51	2	1.57744351091834
350	51	2	1.74538362212969
351	51	2	2.91326527016198
352	51	2	0.698114086170605
353	51	2	0.514905748571929
354	51	2	0.649510950661911
355	52	1	-1.0021097856131
356	52	1	-1.02947683685905
357	52	1	-1.6803047901732
358	52	1	-0.740765191137522
359	52	1	-0.459064589090097
360	52	1	-0.87861676406872
361	52	1	-1.14352332707971
362	52	1	-0.130482698685169
363	52	1	-0.671926697801713
364	52	1	-0.343364462933697
365	53	2	-1.04774509478074
366	53	2	0.109024765950779
367	53	2	-0.640430634965759
368	53	2	-0.607257104045572
369	54	2	2.10323509232459
370	54	2	1.96597764811731
371	54	2	1.09527585698372
372	54	2	0.950691471098598
373	54	2	1.30639169047485
374	54	2	2.85128787819282
375	55	2	1.42933966474909
376	55	2	3.41303555259748
377	55	2	2.74986872579206
378	55	2	1.94423467114934
379	55	2	3.42498617213219
380	55	2	2.29468222831067
381	55	2	2.42131922874605
382	55	2	5.49681170840928
383	56	2	2.86062143027573
384	56	2	-0.58008605041008
385	56	2	0.11223204488642
386	56	2	1.4868291007062
387	56	2	2.16910700628536
388	56	2	2.48645580017609
389	56	2	1.86396375121123
390	56	2	2.32511689923915
391	56	2	1.48756517299931
392	56	2	1.54916856257693
393	57	1	-1.8994693404914
394	57	1	-2.67470753316051
395	57	1	-2.18147834498962
396	57	1	-1.86338619355758
397	58	1	-0.238205820930277
398	58	1	-1.38447148173041
399	58	1	-1.33182820232043
400	58	1	-0.977122412797343
401	58	1	-1.1191628717372
402	58	1	-1.06529058027402
403	59	2	0.102362177786484
404	59	2	0.996047847016522
405	59	2	-0.535873457957327
406	59	2	-0.621947370651373
407	59	2	1.76811571292071
408	59	2	1.90100046413634
409	59	2	2.74958993868227
410	59	2	1.03567501339237
411	60	1	-1.7142181211472
412	60	1	-0.158221955209173
413	60	1	-1.94148290424674
414	60	1	0.609195425333841
415	60	1	-1.23780362534908
416	60	1	-0.419636331203999
417	60	1	-1.27416153085868
418	60	1	-2.28500852152288
419	60	1	-1.06458985381105
420	60	1	-1.87562826485436
421	61	1	-1.34758959309882
422	61	1	-1.83766941641554
423	61	1	0.669834500615532
424	61	1	-1.43087777356304
425	62	2	0.598517707501127
426	62	2	-1.43228852457521
427	62	2	0.561742122503907
428	62	2	1.82952195621033
429	62	2	-0.685834292924059
430	62	2	0.126224212292003
431	63	1	-0.558196744019913
432	63	1	-1.7357979680644
433	63	1	-0.35079837570012
434	63	1	-0.875390545217455
435	63	1	-0.0565881774528748
436	63	1	-1.2847544402748
437	63	1	0.21824589133901
438	63	1	-1.15411294647817
439	64	1	-1.86600242154204
440	64	1	-0.875677032830668
441	64	1	-1.11772566463342
442	64	1	-1.50377717114878
443	64	1	-1.51059816054734
444	64	1	0.546841769802655
445	64	1	-1.53052211007213
446	64	1	-1.57384299917734
447	64	1	-0.588798219503195
448	64	1	-1.27199665149955
449	65	1	-0.777884424758584
450	65	1	0.812410519786312
451	65	1	-0.742530016787983
452	65	1	-1.98739311836178
453	66	2	2.73412938223397
454	66	2	1.55805343116563
455	66	2	1.99294339793486
456	66	2	1.56104810824955
457	66	2	1.61913606783268
458	66	2	0.739862715988359
459	67	1	0.595681589224578
460	67	1	-1.04812842968797
461	67	1	-1.94741493363098
462	67	1	-1.45847651299247
463	67	1	0.261304801299767
464	67	1	0.0726023118936326
465	67	1	-1.0558674051169
466	67	1	-0.756871952351117
467	68	1	-0.924195087289286
468	68	1	-2.45132925433967
469	68	1	-2.20551183506891
470	68	1	-0.942613713728279
471	68	1	-1.27273469138227
472	68	1	-0.823281130685302
473	68	1	-1.38259375452595
474	68	1	-1.2259453163875
475	68	1	-1.78201287015018
476	68	1	-2.37632302136043
477	69	1	-1.24641318158848
478	69	1	-1.22085821502497
479	69	1	-1.75619217746152
480	69	1	-1.40912057182918
481	70	1	0.584230418847419
482	70	1	-1.60893310644297
483	70	1	-0.512896880174444
484	70	1	-1.0785647642366
485	70	1	-1.56470180015915
486	70	1	-1.04257250270352
487	71	1	-1.26937727731165
488	71	1	0.886993410634856
489	71	1	-0.32954855004162
490	71	1	0.42145348129512
491	71	1	-1.70862486111858
492	71	1	-1.23360993990783
493	71	1	-0.770132512499954
494	71	1	-1.85617357067795
495	72	1	-2.00990142129213
496	72	1	-0.781240365261427
497	72	1	0.92667467389412
498	72	1	-2.28466993024532
499	72	1	-1.11745863510733
500	72	1	-2.38688581828023
501	72	1	0.127079682667617
502	72	1	-1.3825053389365
503	72	1	-0.121749719358649
504	72	1	-1.93882516015911
505	73	1	-0.194475595128956
506	73	1	0.241040678416795
507	73	1	-0.813238864765354
508	73	1	-0.0409103482269952
509	74	1	-0.106214821342014
510	74	1	-0.0811006277913556
511	74	1	-1.62038098573449
512	74	1	-0.29756250997513
513	74	1	-0.49852181479878
514	74	1	-0.398440773268848
515	75	2	-0.817109536008617
516	75	2	1.72355633482354
517	75	2	0.281880064184355
518	75	2	0.211781849948321
519	75	2	2.13178203567486
520	75	2	0.445943021088795
521	75	2	2.2512192620716
522	75	2	2.02410704621086
523	76	1	0.26454387467984
524	76	1	-1.17640217575067
525	76	1	-0.796650826683405
526	76	1	-0.810808980643213
527	76	1	0.882808825790115
528	76	1	-0.277447993731409
529	76	1	-0.467253147795382
530	76	1	0.457077214718126
531	76	1	-0.505862017531398
532	76	1	0.718039520141364
533	77	2	1.76469817415539
534	77	2	3.96260905381982
535	77	2	1.23895720072965
536	77	2	1.51597861485943
537	78	2	0.730251762541716
538	78	2	0.568979751927315
539	78	2	2.58278234724197
540	78	2	0.181233734735362
541	78	2	0.337853915599064
542	78	2	3.53370711846594
543	79	2	-0.134221567664852
544	79	2	0.397567813405753
545	79	2	1.25150510417902
546	79	2	2.12909405030685
547	79	2	-0.160528409212579
548	79	2	0.380420676232651
549	79	2	0.901490883752632
550	79	2	0.958946971952731
551	80	1	-1.61729429916107
552	80	1	-0.459357836553107
553	80	1	-0.930379494230469
554	80	1	-0.680688513033827
555	80	1	-2.06166021200445
556	80	1	-1.94356696988733
557	80	1	-0.398627060375432
558	80	1	-0.975241674019541
559	80	1	-1.15260709042688
560	80	1	-1.40070450404338
561	81	1	-0.182077958286661
562	81	1	-0.957463869300356
563	81	1	-0.541231082733622
564	81	1	0.364043467627392
565	82	1	-1.36443001683985
566	82	1	-0.602133349545629
567	82	1	-2.5725917128357
568	82	1	0.0694184202587178
569	82	1	-2.8219402858097
570	82	1	-1.86291241814494
571	83	2	0.10018359263992
572	83	2	2.16239966897876
573	83	2	-0.809947496160218
574	83	2	0.516521734512466
575	83	2	0.688458492330139
576	83	2	0.481941043648913
577	83	2	-1.29571316740125
578	83	2	1.11985352049935
579	84	2	0.284425653982558
580	84	2	1.15910779892633
581	84	2	0.585437948051479
582	84	2	1.48240924834186
583	84	2	1.07624821090224
584	84	2	-0.678432438842611
585	84	2	1.44299155745888
586	84	2	0.50359403742108
587	84	2	0.926584454670287
588	84	2	2.32947181904734
589	85	1	-0.265695327020541
590	85	1	-0.583332736311793
591	85	1	-1.25814979228522
592	85	1	-0.750370352469556
593	86	2	1.52477748892267
594	86	2	1.43319766266194
595	86	2	1.32948004170132
596	86	2	-0.359429103695984
597	86	2	-1.83379690192353
598	86	2	-0.477957708752232
599	87	2	-0.548145081252205
600	87	2	1.6237166353747
601	87	2	0.65499204936674
602	87	2	1.2514945664066
603	87	2	2.00589887385188
604	87	2	1.19023272212052
605	87	2	2.08619468755256
606	87	2	3.19179417379918
607	88	2	-0.0667728772098888
608	88	2	0.351219059375951
609	88	2	-0.234166928676071
610	88	2	-0.575084835688451
611	88	2	0.569362087691083
612	88	2	1.81788247324384
613	88	2	-0.70984007249023
614	88	2	-0.292438407500734
615	88	2	2.2671044564538
616	88	2	1.31036581772662
617	89	1	-1.95288885891728
618	89	1	-2.62285562648353
619	89	1	-1.42584530108028
620	89	1	-1.41486538859548
621	90	1	0.201337577483589
622	90	1	-0.932394741205712
623	90	1	-0.221640468097223
624	90	1	-1.16136066839842
625	90	1	-0.197405454657868
626	90	1	-0.887748515775016
627	91	2	3.13227878093635
628	91	2	0.342160732648525
629	91	2	2.23564578514671
630	91	2	2.75759986498633
631	91	2	0.823347183250733
632	91	2	2.40105996589411
633	91	2	2.06794075155932
634	91	2	-0.0678876081021984
635	92	1	-0.790430592276111
636	92	1	-0.920444926219575
637	92	1	-0.926689201402356
638	92	1	-1.85370671870664
639	92	1	-0.924834791065971
640	92	1	-1.00431892306654
641	92	1	-0.134413553264781
642	92	1	-1.21491238877178
643	92	1	-0.840888059484555
644	92	1	-0.998151841067062
645	93	2	-0.193400155982602
646	93	2	-0.519514959811251
647	93	2	2.55072816646591
648	93	2	-0.496517620762208
649	94	2	0.400535794439612
650	94	2	1.22213081581104
651	94	2	-1.07350861942668
652	94	2	0.431943604710048
653	94	2	1.31262781991892
654	94	2	1.22195780231988
655	95	2	1.03671891123857
656	95	2	0.842381110331056
657	95	2	-1.14093055276546
658	95	2	1.07088459868138
659	95	2	1.83460414122639
660	95	2	2.85171157406571
661	95	2	2.64480550902529
662	95	2	0.538177381868276
663	96	1	-0.362200035865022
664	96	1	-3.43725387240086
665	96	1	-2.16634365294933
666	96	1	-1.61054963845348
667	96	1	-1.81669805581415
668	96	1	-0.58364471829051
669	96	1	-1.88850635449087
670	96	1	-0.927133255728228
671	96	1	-0.990908918828808
672	96	1	-1.54647181531546
673	97	1	-1.24621175553597
674	97	1	-1.08542857359066
675	97	1	-0.692665698172322
676	97	1	-1.16395405549815
677	98	2	0.806289999531002
678	98	2	1.59425700999921
679	98	2	0.413728877469639
680	98	2	0.878879174243181
681	98	2	0.26208418371799
682	98	2	0.714083828367921
683	99	1	-1.24960910301819
684	99	1	-1.93644165467213
685	99	1	-1.03185227273234
686	99	1	-1.60073228850217
687	99	1	-1.50774558770012
688	99	1	-0.942198150008127
689	99	1	-1.16886233624672
690	99	1	0.038774437777404
691	100	1	-1.70813990975028
692	100	1	-0.887779326362384
693	100	1	-1.23513795000945
694	100	1	-0.721807015552098
695	100	1	-0.693955500039795
696	100	1	-0.626576457117292
697	100	1	-1.01008210481834
698	100	1	-2.59339094008166
699	100	1	-2.24180844425005
700	100	1	-0.217798794742756
701	101	1	-1.07725994551083
702	101	1	-1.6576213396946
703	101	1	0.323772213730761
704	101	1	0.326105984338223
705	102	2	1.23015582950592
706	102	2	3.84106824699972
707	102	2	2.55356060005608
708	102	2	1.86630594606645
709	102	2	3.3640506823206
710	102	2	1.97896181473246
711	103	1	-2.18478829929026
712	103	1	-1.4319550196401
713	103	1	-2.55424173016801
714	103	1	-2.05383250412462
715	103	1	-1.40765706976881
716	103	1	-0.72603067191625
717	103	1	-0.588995623013561
718	103	1	-2.1284742061661
719	104	2	1.94242992112151
720	104	2	0.23657335719023
721	104	2	0.06117397938378
722	104	2	0.626260031174596
723	104	2	0.540688849778872
724	104	2	-1.61725511845305
725	104	2	-0.233261625106479
726	104	2	0.282201827417276
727	104	2	0.785547187307626
728	104	2	-0.326634371166631
729	105	2	1.1466949888345
730	105	2	0.0597587050278684
731	105	2	2.09609553112642
732	105	2	0.169299555336651
733	106	1	0.488716193397654
734	106	1	-0.688937219294112
735	106	1	0.0269634725230859
736	106	1	-1.01124748398538
737	106	1	0.954264970188881
738	106	1	-0.466841317329643
739	107	2	2.15827432263005
740	107	2	2.55971669550854
741	107	2	1.2040378773029
742	107	2	2.26555938674249
743	107	2	2.02687597935284
744	107	2	1.28317857174779
745	107	2	2.29142020831734
746	107	2	3.07126388058056
747	108	2	0.98877494216317
748	108	2	0.418664481300449
749	108	2	0.352079552214169
750	108	2	1.79641090852087
751	108	2	2.30353076128113
752	108	2	1.9085362437072
753	108	2	1.17584381929048
754	108	2	0.475484927155396
755	108	2	2.34196912771218
756	108	2	-0.730230459793101
757	109	1	-1.73776868863644
758	109	1	-0.00605725673283031
759	109	1	-0.532791283477234
760	109	1	-1.02845151472193
761	110	1	-1.65276954992472
762	110	1	-2.19805640827046
763	110	1	0.988196218444977
764	110	1	-0.916930569487958
765	110	1	0.0172458752621648
766	110	1	-1.0570897859804
767	111	2	0.135004739623715
768	111	2	0.170951357151192
769	111	2	1.41432468802644
770	111	2	0.468208314552131
771	111	2	-0.110282508059313
772	111	2	1.58996809138319
773	111	2	2.07841781981065
774	111	2	1.87896217370032
775	112	1	-1.98399296740465
776	112	1	-2.53440828065066
777	112	1	-2.0245407342751
778	112	1	-1.07331090231161
779	112	1	-2.51535349464192
780	112	1	0.0149829648465238
781	112	1	-1.86062788093153
782	112	1	-1.54748682602237
783	112	1	-1.72096943107053
784	112	1	-2.21485753772889
785	113	2	0.331296679149315
786	113	2	-1.33589040360158
787	113	2	0.372098791676872
788	113	2	1.85075269310937
789	114	2	2.09684821963869
790	114	2	3.81781972719076
791	114	2	3.93534664532345
792	114	2	2.29362210619795
793	114	2	5.30329552248059
794	114	2	1.38647536243615
795	115	1	0.0763306981464728
796	115	1	-0.381126257847872
797	115	1	-1.09326722425763
798	115	1	-0.478131800165558
799	115	1	-0.810369804952019
800	115	1	-0.715710825299664
801	115	1	0.23346704461816
802	115	1	-0.296116651313198
803	116	2	1.26910444364681
804	116	2	1.78119420099055
805	116	2	-0.983645000123437
806	116	2	3.13898931499449
807	116	2	1.31224387904609
808	116	2	1.46028009147799
809	116	2	0.735804840152662
810	116	2	-0.135502012632029
811	116	2	2.85132130924059
812	116	2	1.11392449129087
813	117	1	-1.62529331633813
814	117	1	-1.25757630915466
815	117	1	-1.85004865823437
816	117	1	-1.38505073889281
817	118	1	-1.02935130646559
818	118	1	0.409317197367065
819	118	1	-0.635618788540762
820	118	1	0.743692878089263
821	118	1	-1.37040882907094
822	118	1	-1.2253542955632
823	119	1	-2.00421947563337
824	119	1	-0.844982526315165
825	119	1	-1.67920498106533
826	119	1	-0.842433506478183
827	119	1	-1.4063142377935
828	119	1	-0.897277536299324
829	119	1	-1.11203285512801
830	119	1	0.552069104174096
831	120	1	0.17823183429709
832	120	1	-1.11327580088236
833	120	1	0.264109438579544
834	120	1	-0.157223262072814
835	120	1	0.171192559896888
836	120	1	-0.268291636417808
837	120	1	0.439559924958241
838	120	1	1.0676722554823
839	120	1	0.544617519489226
840	120	1	0.538366174712021
841	121	2	4.07214682491053
842	121	2	0.805211325519912
843	121	2	1.1157469878968
844	121	2	2.07323739314302
845	122	1	-0.0906322776760556
846	122	1	-1.09440483655792
847	122	1	-0.919287416141621
848	122	1	-0.354223416499605
849	122	1	0.057808035167917
850	122	1	-1.25390576356286
851	123	2	3.27922739570347
852	123	2	2.86664633484187
853	123	2	0.470822792595741
854	123	2	3.17490691646135
855	123	2	1.42400896876566
856	123	2	0.328196174593672
857	123	2	3.28602290322516
858	123	2	1.4412604461063
859	124	1	-1.62140050340579
860	124	1	-0.687959315845538
861	124	1	-0.190097432979471
862	124	1	-1.21015542657781
863	124	1	-0.60321925722063
864	124	1	-0.797306595157026
865	124	1	0.980134893170828
866	124	1	-0.217101235470664
867	124	1	0.289516933316595
868	124	1	-0.529871317960489
869	125	2	1.81810053529497
870	125	2	1.58489840365677
871	125	2	2.20373709444821
872	125	2	-0.000612669933790944
873	126	1	-2.34763633605772
874	126	1	-2.97232223629472
875	126	1	-2.68136953657534
876	126	1	0.102191168058169
877	126	1	-3.10193387155525
878	126	1	-1.0646972079991
879	127	1	-1.36383146703296
880	127	1	-0.985461625259748
881	127	1	-1.96409071672516
882	127	1	-1.82116797815454
883	127	1	-2.2016570986176
884	127	1	-0.531684937167776
885	127	1	-1.46746038304942
886	127	1	-2.07594878035546
887	128	1	-1.41299421433129
888	128	1	-1.38591678903723
889	128	1	-0.833235720447835
890	128	1	-1.10116189366796
891	128	1	-1.70424048286394
892	128	1	-1.37858063085343
893	128	1	-1.9258805266033
894	128	1	-2.17508210444922
895	128	1	-1.4265605482509
896	128	1	-2.00580906233568
897	129	1	-1.37433332653344
898	129	1	-0.776738058164089
899	129	1	-0.465371883367268
900	129	1	-0.0102149925254034
901	130	1	-0.195555152488202
902	130	1	0.277434025405784
903	130	1	0.878964385534463
904	130	1	0.235999230949645
905	130	1	-0.950998550122631
906	130	1	-1.46629817811701
907	131	1	-2.83958177179566
908	131	1	-1.48445074313028
909	131	1	-0.875226297246977
910	131	1	-1.01836684484131
911	131	1	-0.869921912866891
912	131	1	-1.19034731879167
913	131	1	-1.51522689608613
914	131	1	-1.08125609809143
915	132	2	-0.181765524663095
916	132	2	0.256509595708858
917	132	2	0.247062866963598
918	132	2	0.948890767798343
919	132	2	1.55151478491043
920	132	2	1.53232662682099
921	132	2	2.49853382404412
922	132	2	-0.118214594967638
923	132	2	-0.377653227851725
924	132	2	0.555350848690976
925	133	1	-1.28462965844881
926	133	1	-1.37430173888184
927	133	1	-1.08616212348738
928	133	1	-1.00398852476194
929	134	2	2.46053961817246
930	134	2	0.941501866921131
931	134	2	4.00644309168206
932	134	2	1.94849153025825
933	134	2	1.97034175329238
934	134	2	0.527478772579159
935	135	1	-1.69781436813042
936	135	1	0.0571732037267169
937	135	1	-1.4059886907691
938	135	1	-1.70338029993992
939	135	1	-0.285344027344861
940	135	1	-0.826622428592371
941	135	1	-1.74103704600999
942	135	1	-1.96667537160793
943	136	2	-0.162317659223832
944	136	2	-2.1077130240474
945	136	2	-0.866095596203623
946	136	2	-0.947526639661606
947	136	2	1.48099803581488
948	136	2	-1.54043999112914
949	136	2	-0.0476897793678199
950	136	2	0.53409869438543
951	136	2	-1.73394911796507
952	136	2	-1.11313394464018
953	137	2	1.81000784812666
954	137	2	1.51872089686315
955	137	2	1.87757230048616
956	137	2	1.14067174157057
957	138	1	-1.47472033365561
958	138	1	0.110398216887339
959	138	1	-1.25614319862066
960	138	1	-0.0670290700437006
961	138	1	-1.68911529931285
962	138	1	-0.610373431513659
963	139	1	-0.689824155411648
964	139	1	-1.05738323350478
965	139	1	-2.52620974639227
966	139	1	-0.589267012071074
967	139	1	-1.66956237444731
968	139	1	-0.767360146104208
969	139	1	-1.42815445730651
970	139	1	-0.726919931783684
971	140	1	-1.97200673911764
972	140	1	-1.78877454522231
973	140	1	-1.90686147354176
974	140	1	-1.89882317029071
975	140	1	-1.60567835024202
976	140	1	-1.47221299974316
977	140	1	-2.44729328130464
978	140	1	-2.14469499471615
979	140	1	-2.02310099461157
980	140	1	-0.492703473462089
981	141	2	1.55015647349807
982	141	2	-0.126806154986052
983	141	2	1.10283696571331
984	141	2	1.31727020301709
985	142	1	-1.77383638433323
986	142	1	-0.318815404810722
987	142	1	1.24327713856027
988	142	1	-0.668381989637671
989	142	1	-0.212449210426194
990	142	1	-0.80073901994314
991	143	2	-0.8933009519516
992	143	2	0.878119974843803
993	143	2	1.32582943590545
994	143	2	0.0682676987548564
995	143	2	3.25402398302164
996	143	2	-1.51032905907485
997	143	2	0.690645928130708
998	143	2	0.794657055441097
999	144	2	2.59571925676448
1000	144	2	-0.271559817097741
1001	144	2	-0.778970777395792
1002	144	2	0.438248560313323
1003	144	2	0.9263715563024
1004	144	2	0.978440332400975
1005	144	2	2.02202936856747
1006	144	2	-0.346732919172699
1007	144	2	-0.570002347102804
1008	144	2	2.65971493680542
1009	145	1	-2.55782318750844
1010	145	1	-0.497414638608783
1011	145	1	-0.727031846449481
1012	145	1	-0.994530784067551
1013	146	1	-1.95561772259412
1014	146	1	-1.21303684295475
1015	146	1	-0.564971914953933
1016	146	1	-2.07690287582009
1017	146	1	-1.43233210318649
1018	146	1	0.87400472424146
1019	147	1	-1.60448022370861
1020	147	1	-0.703642564890498
1021	147	1	-0.932332927981154
1022	147	1	-0.48476623093761
1023	147	1	-0.172886164929906
1024	147	1	-1.13740904070423
1025	147	1	-0.302112240374872
1026	147	1	-0.523855504749932
1027	148	1	-1.94347559243687
1028	148	1	-2.40571098477797
1029	148	1	-2.38155093147834
1030	148	1	-1.59753646399043
1031	148	1	-2.78733927258113
1032	148	1	-2.03295433201942
1033	148	1	-1.47678704337515
1034	148	1	-2.81717659282563
1035	148	1	-2.46588138398473
1036	148	1	-2.51095158188306
1037	149	1	-1.02508242248466
1038	149	1	-0.60502627492354
1039	149	1	-1.6899019354713
1040	149	1	-1.69325052571316
1041	150	2	-0.265264351398463
1042	150	2	1.43699169781157
1043	150	2	2.66133572827235
1044	150	2	0.487568926318309
1045	150	2	2.94625196073319
1046	150	2	3.29946953835629
