id	g	group_class	y1
1	1	1	-0.833214159025092
2	1	1	-2.63800270034378
3	1	1	-1.63949078900939
4	1	1	-1.24281755203899
5	2	2	1.75601930584256
6	2	2	-0.832588525361537
7	2	2	-1.32142494709622
8	2	2	-0.12248631999203
9	2	2	0.419320954996484
10	2	2	-0.232553070749535
11	3	2	1.34278513146613
12	3	2	-0.621853211572083
13	3	2	-0.396527255849809
14	3	2	-0.0326318956490023
15	3	2	0.464390450898297
16	3	2	1.25308470757138
17	3	2	0.660248408650796
18	3	2	0.93001564124825
19	4	2	2.99187544447931
20	4	2	2.84387269508713
21	4	2	1.87431403488947
22	4	2	0.240883328090375
23	4	2	1.81778475116719
24	4	2	2.48160177131799
25	4	2	1.14960860008293
26	4	2	2.36700874344729
27	4	2	1.12220468307067
28	4	2	2.27491458835683
29	5	1	-1.81584674292022
30	5	1	-0.740114946756858
31	5	1	-0.263695855209458
32	5	1	-2.95708319314109
33	6	1	-0.0723535172220705
34	6	1	-1.56358875587333
35	6	1	-0.426946624016829
36	6	1	-0.554699307409338
37	6	1	-0.424498891407688
38	6	1	-0.143081962546964
39	7	2	1.60798801073271
40	7	2	2.22254155335256
41	7	2	2.83958878121862
42	7	2	2.01839075806128
43	7	2	-0.455591739387708
44	7	2	1.02993523021458
45	7	2	1.01627462436731
46	7	2	0.63920921996668
47	8	2	1.74330319631967
48	8	2	3.02170294405042
49	8	2	1.69528883257698
50	8	2	-0.0824442376294627
51	8	2	2.92460378468987
52	8	2	2.42859207224874
53	8	2	2.46843457563844
54	8	2	-0.00188501920155004
55	8	2	2.55347424071138
56	8	2	1.96653932736519
57	9	2	2.94394290922673
58	9	2	-0.530382657506453
59	9	2	-0.934271202478322
60	9	2	1.20701982559237
61	10	2	2.02756306588107
62	10	2	2.38538624018718
63	10	2	0.623319290927949
64	10	2	0.853747752376796
65	10	2	1.32894506726419
66	10	2	1.49119688597244
67	11	1	0.0716970764506139
68	11	1	-1.0969041333537
69	11	1	-1.04505149076507
70	11	1	-1.27736817823434
71	11	1	-0.0944207098750021
72	11	1	0.116772147898124
73	11	1	-0.259201526969383
74	11	1	-1.15501836032635
75	12	2	0.764787797463909
76	12	2	-0.702311668387556
77	12	2	0.318202004041821
78	12	2	1.02012595286331
79	12	2	1.2043989144805
80	12	2	2.04190886782814
81	12	2	2.89248696987393
82	12	2	-0.401019576909207
83	12	2	0.838318942614727
84	12	2	-0.69061154706622
85	13	2	0.729283451770318
86	13	2	1.30868775304778
87	13	2	-0.493868429816896
88	13	2	-0.255625192188692
89	14	2	2.98069160574591
90	14	2	3.04705572209461
91	14	2	1.82895031535062
92	14	2	0.860719189773541
93	14	2	2.56598336382298
94	14	2	2.25408668133952
95	15	1	-1.06178610001404
96	15	1	-1.31711435795871
97	15	1	-0.727661451878053
98	15	1	0.320803266816509
99	15	1	-0.710994663765765
100	15	1	0.224156822679461
101	15	1	-1.15584925527069
102	15	1	-1.2519657195613
103	16	2	0.874616928469915
104	16	2	-0.599630473016293
105	16	2	0.019736260141333
106	16	2	-1.17177419326495
107	16	2	-1.74968889811698
108	16	2	0.213925277887692
109	16	2	1.5400174156117
110	16	2	1.16241454766521
111	16	2	-0.748546824983617
112	16	2	-0.520806769430125
113	17	2	1.11789097737282
114	17	2	1.4935901155485
115	17	2	2.42051638022337
116	17	2	-0.0381631508226662
117	18	1	-1.11387299627042
118	18	1	-0.417185530835488
119	18	1	-1.29197984972515
120	18	1	-0.304703088791143
121	18	1	-0.98548804931779
122	18	1	-0.797243011542434
123	19	2	2.05649101054594
124	19	2	2.37346682359383
125	19	2	1.21532819033748
126	19	2	0.747006841956557
127	19	2	1.24572576582304
128	19	2	1.90350857982444
129	19	2	0.800843779469178
130	19	2	-0.495249276941258
131	20	1	-0.455322064276186
132	20	1	-1.06418882368397
133	20	1	-1.22928206774619
134	20	1	-1.14232650280381
135	20	1	0.428617431671032
136	20	1	-0.57799041417743
137	20	1	-1.32722819738352
138	20	1	-1.58962088583128
139	20	1	-1.60086055498243
140	20	1	0.148439371377884
141	21	2	3.0977391688822
142	21	2	3.05806020550726
143	21	2	-0.673998901126823
144	21	2	1.83821472366282
145	22	1	-2.31837284806359
146	22	1	-0.414812111770372
147	22	1	-1.1269317917524
148	22	1	-0.152226559964012
149	22	1	-0.792651844931359
150	22	1	-2.27701973945471
151	23	1	-0.705188149582676
152	23	1	-0.925543149851646
153	23	1	-2.55422167008113
154	23	1	-0.372000086582321
155	23	1	-1.00628373637296
156	23	1	-1.10499718161414
157	23	1	-2.42453934217375
158	23	1	-1.15148976827109
159	24	1	-2.78164752830583
160	24	1	-1.53486840862694
161	24	1	-1.2894706474521
162	24	1	-1.77099996802357
163	24	1	0.548997483012599
164	24	1	-2.07102979027343
165	24	1	-0.427231138890753
166	24	1	-1.1514975633623
167	24	1	-2.14096026416312
168	24	1	-2.23424711451672
169	25	2	1.01483024421878
170	25	2	2.26381731113516
171	25	2	-0.0571692825438147
172	25	2	1.65541111281781
173	26	1	-0.756734977709129
174	26	1	-1.37035696249674
175	26	1	-1.10511724630967
176	26	1	-0.0992750161473593
177	26	1	0.578065680333936
178	26	1	-1.92728546689956
179	27	1	0.217978624247552
180	27	1	-0.158172953900941
181	27	1	0.174080833893399
182	27	1	0.61337086116646
183	27	1	0.848455173367191
184	27	1	0.960240219700384
185	27	1	-0.363163543021908
186	27	1	-0.583885928651834
187	28	1	-2.70687281701351
188	28	1	-0.954389604062807
189	28	1	-2.27925638721517
190	28	1	-3.12059391503865
191	28	1	-2.6515556943227
192	28	1	-2.78452386673187
193	28	1	-3.32430396141622
194	28	1	-2.19322344931697
195	28	1	-2.10556570343491
196	28	1	-2.32542042147035
197	29	2	-0.0875994972299261
198	29	2	-1.76878690043797
199	29	2	-1.46096846044693
200	29	2	-0.554537013002554
201	30	1	0.382815427712147
202	30	1	-0.312005867287383
203	30	1	-0.862106538780866
204	30	1	-1.58543524579986
205	30	1	-0.40840464700496
206	30	1	-1.85834575210396
207	31	1	0.495176629277648
208	31	1	-1.21185823596145
209	31	1	0.408394358150195
210	31	1	-0.467538542934632
211	31	1	0.0845619501128161
212	31	1	-0.756546210563623
213	31	1	-1.44603700726495
214	31	1	-0.210672588314687
215	32	2	2.60108264567873
216	32	2	-1.09687894527113
217	32	2	1.29127545904305
218	32	2	2.06606934645751
219	32	2	-1.38268892570415
220	32	2	1.77793220558474
221	32	2	0.409754459985374
222	32	2	1.67391494089306
223	32	2	2.13805717656892
224	32	2	0.190765058508857
225	33	2	2.05139465162493
226	33	2	-1.05964740740393
227	33	2	0.589844008306468
228	33	2	2.97001269966314
229	34	2	2.61523595759708
230	34	2	1.20212439049617
231	34	2	3.09173699660823
232	34	2	3.47354191027661
233	34	2	2.64563282755642
234	34	2	1.70582154227874
235	35	2	-0.18104300322584
236	35	2	1.09639102992729
237	35	2	1.15207044471874
238	35	2	2.42769646840882
239	35	2	0.409898654207528
240	35	2	2.45974564982879
241	35	2	-0.720500728326206
242	35	2	1.59102483490379
243	36	1	-2.93907030729931
244	36	1	-1.83071159765942
245	36	1	-1.88998123959528
246	36	1	-2.83110120097689
247	36	1	-2.8915090330084
248	36	1	-1.85909571420364
249	36	1	-2.71751204037262
250	36	1	-1.4937408620954
251	36	1	-1.84298051441153
252	36	1	-2.56184389341351
253	37	2	-0.764652978091018
254	37	2	2.05907729439434
255	37	2	-0.326123473836157
256	37	2	-0.327378147163038
257	38	2	-0.464801863975834
258	38	2	1.46076246288307
259	38	2	4.52369987609621
260	38	2	1.83814212411571
261	38	2	2.11030126593787
262	38	2	2.03891169248655
263	39	1	-2.13942659729103
264	39	1	-0.971863180569426
265	39	1	-2.48758855995492
266	39	1	-2.09128962550533
267	39	1	-2.18486516340906
268	39	1	-1.83305757713821
269	39	1	-2.66254015417799
270	39	1	-1.84576633246847
271	40	1	-1.03252049292199
272	40	1	-0.956977498766741
273	40	1	-0.831317114745066
274	40	1	-1.48410205114053
275	40	1	-2.73725637422138
276	40	1	-1.65319681506511
277	40	1	-2.45252161650031
278	40	1	-2.02246455766629
279	40	1	-0.99746414967393
280	40	1	-2.30133177662518
281	41	1	-2.97430163101837
282	41	1	-1.41966433270573
283	41	1	-1.90485703334273
284	41	1	-2.16410097901522
285	42	1	0.69622611736961
286	42	1	1.35783043309353
287	42	1	-1.30941679083097
288	42	1	-0.574726308077297
289	42	1	0.894174394653701
290	42	1	0.412262071284221
291	43	1	-1.12340486568448
292	43	1	-0.85255688632253
293	43	1	-2.50193705903898
294	43	1	-1.83396955945356
295	43	1	-1.3370710170105
296	43	1	-1.00538102283149
297	43	1	-2.13840351396507
298	43	1	-0.64753954297772
299	44	1	-0.962832831194028
300	44	1	-2.6618794707846
301	44	1	-1.40757075581272
302	44	1	-2.53309601830745
303	44	1	-1.45552854299451
304	44	1	-1.20886127770923
305	44	1	-2.482711145116
306	44	1	-1.13206736874925
307	44	1	-2.19395827197419
308	44	1	-1.68684042377406
309	45	2	-0.139418509833564
310	45	2	-0.0251343582778666
311	45	2	-0.67393865625969
312	45	2	1.9933408145224
313	46	1	-1.44647276058868
314	46	1	-1.12623226320415
315	46	1	-0.714685308138427
316	46	1	-1.57577137641721
317	46	1	-1.32703868001817
318	46	1	-0.575084872463633
319	47	1	-0.582834524520131
320	47	1	0.397665084586003
321	47	1	-1.1685761263207
322	47	1	-1.44933054241604
323	47	1	0.212552374452762
324	47	1	-1.29235810834396
325	47	1	-0.462294475148016
326	47	1	-2.89855467432234
327	48	2	-2.05548474888796
328	48	2	0.940256810311799
329	48	2	-1.34610681592223
330	48	2	0.690527591650215
331	48	2	-0.17688019914205
332	48	2	1.28459930679337
333	48	2	-0.463203205166657
334	48	2	0.0829396563047993
335	48	2	-1.175083184714
336	48	2	-0.701351180421715
337	49	2	2.03113453259157
338	49	2	0.273680342371012
339	49	2	1.98364925159597
340	49	2	-0.312250307209385
341	50	1	-0.589148698991386
342	50	1	0.581880911786952
343	50	1	0.00477337967698588
344	50	1	-0.31435908640314
345	50	1	0.341650818533451
346	50	1	-1.72052281875596
347	51	2	1.89158618654918
348	51	2	2.60298071640275
349	51	2	2.62648011924942
350	51	2	3.36016694519418
351	51	2	1.78618527676151
352	51	2	2.34230907771447
353	51	2	3.2687312632616
354	51	2	0.410539902634066
355	52	1	-0.806165389858891
356	52	1	-0.775205825815247
357	52	1	0.203745553267323
358	52	1	-0.449017914503664
359	52	1	-1.21961066499139
360	52	1	-1.86354526452649
361	52	1	-0.342979401143489
362	52	1	-0.439679661322706
363	52	1	-0.888380489309954
364	52	1	-0.762649540031936
365	53	1	0.436321461959537
366	53	1	1.94125370651368
367	53	1	-0.113224994688056
368	53	1	1.75957170370673
369	54	2	0.180608577527428
370	54	2	0.934047966129631
371	54	2	-1.32887801640475
372	54	2	0.688022352936999
373	54	2	0.284869536608318
374	54	2	-0.526536643186091
375	55	2	0.468730720136225
376	55	2	-0.0388945105991983
377	55	2	0.443595545270833
378	55	2	1.64203547584142
379	55	2	-1.30429640659154
380	55	2	-0.317664014222519
381	55	2	-0.54002860747867
382	55	2	1.23847702411198
383	56	2	-0.817307329356864
384	56	2	3.17968053241322
385	56	2	-0.0117215602904043
386	56	2	0.586683397821384
387	56	2	2.08605356191193
388	56	2	0.719367798430729
389	56	2	3.90134674330743
390	56	2	-0.780565636396444
391	56	2	0.253095514458864
392	56	2	1.14991688215005
393	57	2	-0.147057234255151
394	57	2	1.91501867891794
395	57	2	2.05441671452204
396	57	2	2.25314304512168
397	58	2	0.326708889893787
398	58	2	-0.84226764572651
399	58	2	1.03642929984264
400	58	2	-1.07667589508818
401	58	2	0.788209087304135
402	58	2	-1.93944845537271
403	59	2	-1.01627251346726
404	59	2	2.58772647025255
405	59	2	-0.0739500001990181
406	59	2	0.401109672588971
407	59	2	2.77657391034902
408	59	2	1.49567494244111
409	59	2	2.24700429042124
410	59	2	2.2642661103411
411	60	2	-0.157077412575148
412	60	2	2.41145487465854
413	60	2	1.99682024862767
414	60	2	0.476588765651371
415	60	2	-0.866408608758436
416	60	2	0.0212614284198016
417	60	2	-0.292490659045098
418	60	2	-1.31903676503915
419	60	2	1.25780661116648
420	60	2	0.603547460642263
421	61	2	0.256292107076434
422	61	2	2.76033605846935
423	61	2	-0.830694568447305
424	61	2	2.24551100853946
425	62	2	-1.42922820998179
426	62	2	1.97856645524085
427	62	2	0.995807263825798
428	62	2	0.11973928399796
429	62	2	0.634591881198078
430	62	2	1.69851899308205
431	63	1	-1.7416573139789
432	63	1	-0.0818211216354698
433	63	1	-2.30322108592122
434	63	1	-1.32787048656414
435	63	1	-0.837613864673872
436	63	1	-1.85753757635008
437	63	1	-0.51999394912701
438	63	1	-1.77173512366024
439	64	1	-0.923794521615892
440	64	1	-1.74309626058315
441	64	1	-1.36244800026374
442	64	1	-2.04877614229016
443	64	1	-1.61272345964894
444	64	1	-1.31920640747269
445	64	1	-1.12808646545446
446	64	1	-2.33905257430761
447	64	1	-1.89388017987265
448	64	1	-1.00078546125291
449	65	2	-0.877260470868102
450	65	2	-0.271698391959545
451	65	2	0.811919649671519
452	65	2	1.98967220580431
453	66	2	1.68839430470523
454	66	2	-0.98607402097057
455	66	2	2.31473111779476
456	66	2	-0.189352437939114
457	66	2	2.44274957570006
458	66	2	0.329336642250873
459	67	2	1.89056684725507
460	67	2	1.18696981379708
461	67	2	3.07239230818619
462	67	2	1.10308127447107
463	67	2	-0.227291139363002
464	67	2	0.329918585004911
465	67	2	1.83839186490924
466	67	2	2.98866950731435
467	68	1	-0.600656567253677
468	68	1	-0.463822445010849
469	68	1	0.526132408075013
470	68	1	-1.48521322432248
471	68	1	0.318066414260358
472	68	1	0.193415134480036
473	68	1	-1.64732491579936
474	68	1	0.830826703753563
475	68	1	-0.170343179060375
476	68	1	-0.992936609858577
477	69	2	0.711315647483652
478	69	2	0.704564090600967
479	69	2	0.122432845204437
480	69	2	1.84502733602097
481	70	1	-0.563784405008398
482	70	1	-0.472557849656817
483	70	1	0.59399109701654
484	70	1	-0.955891912392329
485	70	1	-1.25908299926282
486	70	1	-0.268579437225681
487	71	1	-1.5729912168855
488	71	1	-1.02543867289334
489	71	1	-0.713286657457509
490	71	1	-0.273971777629375
491	71	1	-0.0775937003575045
492	71	1	-1.58513728242778
493	71	1	-1.39812246323548
494	71	1	-1.35921065895419
495	72	1	0.844506233258938
496	72	1	-0.463666878290442
497	72	1	0.672340736529208
498	72	1	0.591247054333739
499	72	1	-0.317391675648096
500	72	1	0.35990205604134
501	72	1	0.35299631072795
502	72	1	-0.194941127906438
503	72	1	-0.415376239504993
504	72	1	-0.248953911452263
505	73	1	-3.27112544782545
506	73	1	-2.81122807339777
507	73	1	-1.2917464276643
508	73	1	-1.97852891042407
509	74	2	1.14964583663495
510	74	2	2.70186025338778
511	74	2	0.651850979273919
512	74	2	2.14045458172081
513	74	2	2.71088169051949
514	74	2	1.15624105753362
515	75	2	-1.18918470345241
516	75	2	1.86734532164512
517	75	2	0.360610568226203
518	75	2	0.235184915130507
519	75	2	-1.25197555275145
520	75	2	1.37871730088542
521	75	2	2.06927417199856
522	75	2	0.74900132673066
523	76	1	-1.79545697587187
524	76	1	-2.51735769733544
525	76	1	-0.724294373363318
526	76	1	-2.57860947415526
527	76	1	-1.85236418393958
528	76	1	-1.39967099064212
529	76	1	-1.76744025905986
530	76	1	-1.52841971118837
531	76	1	-1.82549069316107
532	76	1	-2.02785525899558
533	77	2	2.3223618863864
534	77	2	0.475838560931675
535	77	2	1.6771372927842
536	77	2	0.908669590471836
537	78	2	2.68399630065251
538	78	2	2.2413990158741
539	78	2	1.62211238089889
540	78	2	-0.120981434244842
541	78	2	2.41151072190545
542	78	2	1.15010616938503
543	79	2	1.4898313405278
544	79	2	0.851436163388713
545	79	2	1.14290841557902
546	79	2	2.05361130755326
547	79	2	-0.170938444581758
548	79	2	0.881282054548956
549	79	2	0.801128518999481
550	79	2	1.14694458969615
551	80	2	-0.430739193039943
552	80	2	0.535181518258979
553	80	2	1.35261063704696
554	80	2	0.0922505332229429
555	80	2	1.46055445611067
556	80	2	-1.02388883048841
557	80	2	1.9720913285727
558	80	2	-0.47650727164568
559	80	2	0.259979045389173
560	80	2	1.17208398234887
561	81	1	-0.63340494945248
562	81	1	-2.03691814784701
563	81	1	0.206630390068414
564	81	1	-1.06440563543355
565	82	1	-0.792430475900946
566	82	1	-1.33636105429234
567	82	1	1.02482221632357
568	82	1	-0.0975312649399089
569	82	1	0.400556843909195
570	82	1	-0.434646843996121
571	83	1	-2.7548451962402
572	83	1	-1.92736295785839
573	83	1	-1.56044848763449
574	83	1	-2.75626466409197
575	83	1	-1.63184356679753
576	83	1	-1.51070507185632
577	83	1	-2.12550281924361
578	83	1	-2.86941335654599
579	84	1	-0.536235532739732
580	84	1	-0.243221827663157
581	84	1	-1.63700517358685
582	84	1	0.40795120999912
583	84	1	-0.678837920148788
584	84	1	0.888746278683179
585	84	1	-0.0304225683776099
586	84	1	0.223276620104374
587	84	1	-0.835377010443359
588	84	1	-1.33206904182319
589	85	1	-0.988593507066243
590	85	1	-1.24859078050833
591	85	1	-0.239198173965123
592	85	1	-0.365343304688305
593	86	2	1.89614548390366
594	86	2	1.79234643409938
595	86	2	0.502027374233277
596	86	2	2.74267567442839
597	86	2	0.185301589344726
598	86	2	2.60836822387234
599	87	2	0.00010555548223623
600	87	2	0.0183340584813059
601	87	2	-1.88019893537035
602	87	2	2.17612230820674
603	87	2	1.00210438520379
604	87	2	1.04564489613592
605	87	2	-0.315752161996548
606	87	2	-1.5163256465174
607	88	1	-0.116767735126946
608	88	1	1.24295398687295
609	88	1	-0.973227077795582
610	88	1	0.174279724698983
611	88	1	-1.88510858630031
612	88	1	-1.52477802848006
613	88	1	-0.361359297975838
614	88	1	-1.37502682469904
615	88	1	-0.638113079606921
616	88	1	-0.702359780881162
617	89	1	-0.922812423361702
618	89	1	-2.28008187346865
619	89	1	-1.97754667798048
620	89	1	-1.28877669105346
621	90	1	-0.86767478982909
622	90	1	-0.0736244617064556
623	90	1	-0.887108238498513
624	90	1	0.802862178015085
625	90	1	-1.05458591739379
626	90	1	-0.660280564000851
627	91	2	2.04001729330738
628	91	2	2.05171364292233
629	91	2	1.37842492957577
630	91	2	0.425533936364954
631	91	2	1.70112844602912
632	91	2	1.31005617642864
633	91	2	0.78334510092277
634	91	2	-1.0313633610428
635	92	2	3.793204357548
636	92	2	0.320325207333789
637	92	2	3.0325788634675
638	92	2	1.36416732277878
639	92	2	0.463780205825245
640	92	2	1.37019768882326
641	92	2	0.830445006680698
642	92	2	1.09687998487285
643	92	2	3.02210943623656
644	92	2	2.3624277100893
645	93	1	-0.443355639640036
646	93	1	0.504665989416511
647	93	1	0.531131360823601
648	93	1	-0.139797633038214
649	94	2	0.113008774408688
650	94	2	3.08327199809285
651	94	2	-0.729808755558721
652	94	2	0.170783397709429
653	94	2	0.0140483843838675
654	94	2	0.737438277464524
655	95	2	2.38301136338548
656	95	2	1.62723435305628
657	95	2	1.07555807533085
658	95	2	0.340911555822822
659	95	2	-0.760508728859817
660	95	2	1.98455700954891
661	95	2	1.4542556148604
662	95	2	2.41335503332091
663	96	2	0.575635012953051
664	96	2	2.91138721116704
665	96	2	0.230632360225567
666	96	2	1.47291295389926
667	96	2	1.65080895196046
668	96	2	2.72849537705187
669	96	2	0.00741372441295729
670	96	2	2.30859495706005
671	96	2	0.483115455407535
672	96	2	1.70031177021012
673	97	1	-0.911140498256547
674	97	1	-0.767373480336446
675	97	1	0.126363545880176
676	97	1	-1.29580806440512
677	98	2	0.235636395191369
678	98	2	2.69420139987689
679	98	2	0.771461104706304
680	98	2	-0.500424239145112
681	98	2	0.821520992994949
682	98	2	2.30995826609699
683	99	1	0.0660226934356704
684	99	1	-0.540064540724349
685	99	1	0.662540105737054
686	99	1	-1.66958820850202
687	99	1	-1.20029325360524
688	99	1	-0.650451017990204
689	99	1	-0.535512513665831
690	99	1	-0.32822697899945
691	100	1	-0.851381081944997
692	100	1	-0.296743465248237
693	100	1	0.00351182339167477
694	100	1	0.609425662272832
695	100	1	-0.46862890921319
696	100	1	-0.657438829763834
697	100	1	-0.425604692632293
698	100	1	-0.402111687034083
699	100	1	0.535600568733286
700	100	1	-1.33815678148858
701	101	1	-1.28339411734026
702	101	1	-2.48377558251121
703	101	1	-2.56716678561117
704	101	1	-1.06079508922388
705	102	2	1.50903528617776
706	102	2	-0.174431049366147
707	102	2	2.37526580147611
708	102	2	2.93452571852475
709	102	2	-0.216595110216953
710	102	2	-2.70139004949338
711	103	1	-2.12179561903461
712	103	1	-2.54012608276489
713	103	1	-1.75408908234997
714	103	1	-2.88278322388343
715	103	1	-1.66660791454658
716	103	1	-0.575123267195509
717	103	1	-1.79981088168422
718	103	1	-0.682242098615097
719	104	2	1.22787727275308
720	104	2	0.931359363047577
721	104	2	0.285614526180204
722	104	2	1.19352487211888
723	104	2	2.55188588987597
724	104	2	0.7232230730269
725	104	2	1.81304821465324
726	104	2	2.10095239731428
727	104	2	0.179992327943608
728	104	2	1.27166246678328
729	105	1	-1.71871619982868
730	105	1	-1.33989518493932
731	105	1	-1.47111098454704
732	105	1	-1.17557557657279
733	106	2	1.83492001713524
734	106	2	0.546858113673292
735	106	2	0.00882193148430388
736	106	2	-0.473593459586893
737	106	2	-0.000337926398164434
738	106	2	-0.934479168935163
739	107	1	-1.21334062479146
740	107	1	0.723216354285255
741	107	1	-1.29609631133254
742	107	1	-1.39895781025419
743	107	1	-0.773270510851868
744	107	1	-1.27332049136914
745	107	1	-1.5293877801013
746	107	1	-1.16245777243893
747	108	2	1.65556896052578
748	108	2	0.877946504659561
749	108	2	0.802219422163886
750	108	2	0.818499086793141
751	108	2	-1.12794021489894
752	108	2	2.21551696891846
753	108	2	2.22112545685184
754	108	2	2.95017772692585
755	108	2	1.36605499898047
756	108	2	2.10430300309701
757	109	2	1.60542779374703
758	109	2	0.959914942844648
759	109	2	-1.02506242013285
760	109	2	2.17455001690673
761	110	2	1.74032709261816
762	110	2	0.558319431353346
763	110	2	1.50657883026248
764	110	2	1.32783460381613
765	110	2	1.37476662652185
766	110	2	-0.857441688199551
767	111	1	0.183315288094674
768	111	1	-0.774506897888875
769	111	1	-1.38870567916872
770	111	1	-0.828231370006967
771	111	1	0.0287502728617783
772	111	1	-2.28687855293182
773	111	1	-0.578459903049301
774	111	1	-1.2646243972847
775	112	2	2.51371385359877
776	112	2	2.68565947333504
777	112	2	3.33308009101247
778	112	2	1.00853849303439
779	112	2	1.45359934397573
780	112	2	2.88324341531549
781	112	2	2.54135641742069
782	112	2	0.0935171016033818
783	112	2	0.701901198160741
784	112	2	3.42461101946922
785	113	1	-1.9245595285675
786	113	1	-2.05596792168839
787	113	1	-1.66825783182208
788	113	1	-0.403601857671461
789	114	2	0.868944140953766
790	114	2	0.36918475567466
791	114	2	0.0223044435359943
792	114	2	1.55794577055052
793	114	2	-1.21494468274339
794	114	2	1.32628195814387
795	115	1	-1.77250586966337
796	115	1	-1.51377182588747
797	115	1	-1.44113966236043
798	115	1	-0.518722825363638
799	115	1	-1.59716016316458
800	115	1	-1.0252267631592
801	115	1	-1.2990581329495
802	115	1	-0.171814304624847
803	116	2	1.78135930323859
804	116	2	1.40258599792967
805	116	2	1.92041554664592
806	116	2	1.62061315508961
807	116	2	3.8630858908401
808	116	2	0.561920776886323
809	116	2	2.26402550925921
810	116	2	0.653904714612395
811	116	2	2.94918193363316
812	116	2	2.6701267778384
813	117	1	-1.6272533770659
814	117	1	-2.42444979527429
815	117	1	-2.03411742882608
816	117	1	0.0529418525007821
817	118	2	1.19809837592868
818	118	2	-0.106509543957862
819	118	2	2.35001920480976
820	118	2	1.70131868477383
821	118	2	0.565383580367822
822	118	2	-2.11893903223768
823	119	2	0.00905110361816963
824	119	2	-0.335021082315473
825	119	2	-0.757617837278311
826	119	2	-0.291883446422086
827	119	2	0.7213931913333
828	119	2	-0.951815996967968
829	119	2	-0.142767673383869
830	119	2	-0.109034034526268
831	120	1	-0.745472840004473
832	120	1	-0.223499036686616
833	120	1	1.5128261907008
834	120	1	-0.510404161023858
835	120	1	-0.275459277718347
836	120	1	0.457801571772935
837	120	1	1.37079125897414
838	120	1	-1.5230823806863
839	120	1	-0.485054711259405
840	120	1	0.493995452250325
841	121	1	-1.10364533423203
842	121	1	-0.973771252390279
843	121	1	-1.40558830039257
844	121	1	-2.44023381504378
845	122	2	-2.62675094782272
846	122	2	-0.807730591163653
847	122	2	0.642697050817264
848	122	2	2.10293809333212
849	122	2	0.592536135964711
850	122	2	1.62612268327828
851	123	2	2.05716558103387
852	123	2	-0.203454248833459
853	123	2	4.33970071075145
854	123	2	-0.27152163320907
855	123	2	2.55465112688004
856	123	2	4.6025113545774
857	123	2	1.90305305689444
858	123	2	0.885594657732522
859	124	2	1.5289744408518
860	124	2	0.158989563336134
861	124	2	0.709181828683466
862	124	2	0.954329880721637
863	124	2	-1.09323714943862
864	124	2	0.478853872095012
865	124	2	1.57178801914821
866	124	2	2.16833711272606
867	124	2	3.24896231689765
868	124	2	0.787549237553936
869	125	2	0.800258211953081
870	125	2	2.45341885068009
871	125	2	3.76770410541472
872	125	2	-0.0501438570028125
873	126	1	-1.73532294837782
874	126	1	-1.08817502753377
875	126	1	-2.00744194882158
876	126	1	0.350334383454447
877	126	1	-1.53306281511042
878	126	1	-0.655728508050801
879	127	1	-1.86978691153564
880	127	1	-1.67010523177132
881	127	1	-2.88931198613823
882	127	1	-2.11108474564976
883	127	1	-2.53338447328677
884	127	1	-3.27474243091651
885	127	1	-1.79776334143875
886	127	1	-1.53250403840076
887	128	1	-2.18432714754045
888	128	1	-0.748336794232523
889	128	1	-2.16119865300077
890	128	1	-1.1337892630123
891	128	1	-1.35105180285655
892	128	1	-1.18352903606846
893	128	1	-0.529619444329682
894	128	1	-1.7308543815702
895	128	1	-1.52750808609705
896	128	1	-1.68177601986816
897	129	2	3.1656991716825
898	129	2	2.68981578046777
899	129	2	2.27261730913329
900	129	2	1.9684789856043
901	130	1	-1.41845290238238
902	130	1	-2.46140862000167
903	130	1	-3.63780728616467
904	130	1	-2.93766498722712
905	130	1	-2.59481106457955
906	130	1	-1.17677268228677
907	131	1	0.304031751054831
908	131	1	-1.11670821122749
909	131	1	-0.549050667813011
910	131	1	-0.6858698713923
911	131	1	0.811905647443148
912	131	1	-0.510601107550461
913	131	1	-1.22200933157373
914	131	1	-0.205213477489602
915	132	1	-1.25310860799945
916	132	1	-0.26600559955209
917	132	1	-1.38059797028301
918	132	1	-0.627404334440516
919	132	1	0.426798630633192
920	132	1	-1.82454762267635
921	132	1	-0.47658597877194
922	132	1	-2.15256012575641
923	132	1	-0.934589174402696
924	132	1	0.401860865443203
925	133	2	1.07681140736727
926	133	2	2.67447694050885
927	133	2	1.35326563277928
928	133	2	1.72508744403361
929	134	1	-2.30743109243799
930	134	1	-1.40163281719339
931	134	1	-2.53554143121228
932	134	1	-2.47147339400083
933	134	1	0.265501105796595
934	134	1	-0.907388892623955
935	135	1	-1.49128312537375
936	135	1	-1.88333618648572
937	135	1	-0.644362927527992
938	135	1	-1.23161439930571
939	135	1	-1.63362497255446
940	135	1	-1.12767641293977
941	135	1	-0.886058025618461
942	135	1	-1.90447556741186
943	136	1	0.795928461659733
944	136	1	-0.808565246126049
945	136	1	0.335779919723618
946	136	1	1.24629265904032
947	136	1	0.021540311366612
948	136	1	-0.232462781665475
949	136	1	1.29791285416631
950	136	1	1.28422260196592
951	136	1	0.0564738762102936
952	136	1	1.27147667190811
953	137	1	-2.26492586290589
954	137	1	-1.25295446709881
955	137	1	-1.28707836326277
956	137	1	-1.08912974527069
957	138	1	-0.184914800288954
958	138	1	-1.35707345439145
959	138	1	-0.81772687238134
960	138	1	-0.887344780842731
961	138	1	-0.729787773889962
962	138	1	-0.385300882619598
963	139	1	-1.24197153745447
964	139	1	-2.7922125554012
965	139	1	0.509597136938536
966	139	1	-1.3810258487617
967	139	1	-2.36547059674031
968	139	1	-2.47378120954789
969	139	1	-0.154525108117444
970	139	1	-1.04925335891335
971	140	2	3.23311720956949
972	140	2	4.05803057000709
973	140	2	-0.126183025478447
974	140	2	2.17007091118923
975	140	2	3.0693662491457
976	140	2	1.96103956224209
977	140	2	3.68859120918172
978	140	2	1.09262130016415
979	140	2	1.37466457359253
980	140	2	2.76174667911602
981	141	2	0.799280671931752
982	141	2	2.92078884116621
983	141	2	2.77743572948362
984	141	2	3.00893795045662
985	142	1	-1.13178171140686
986	142	1	-0.399293640625225
987	142	1	-0.908158697419802
988	142	1	0.176978613155097
989	142	1	-0.828956901593344
990	142	1	-0.609796435775972
991	143	1	1.11078401717415
992	143	1	-0.342113853642596
993	143	1	0.264835520714894
994	143	1	-0.697278410340469
995	143	1	-0.914225381369023
996	143	1	-0.26000445540246
997	143	1	-0.571917924781925
998	143	1	-0.626706982039302
999	144	1	-0.969233902581924
1000	144	1	-3.32460046380151
1001	144	1	-1.16866763140598
1002	144	1	-2.05494153053687
1003	144	1	-1.49680519480774
1004	144	1	-1.40512292766644
1005	144	1	-1.87386457107071
1006	144	1	-2.06287748447274
1007	144	1	-1.99373455891493
1008	144	1	-2.2148243752843
1009	145	1	-1.25570316764878
1010	145	1	-0.961689585916087
1011	145	1	-0.118884926204712
1012	145	1	-0.599114804333113
1013	146	2	0.286907862478413
1014	146	2	1.28808996089223
1015	146	2	2.11953020752417
1016	146	2	0.422892206037329
1017	146	2	3.76837970932571
1018	146	2	1.64464920886602
1019	147	1	-2.63095270732806
1020	147	1	-3.05616987160789
1021	147	1	-2.03342907924401
1022	147	1	-0.895340522843674
1023	147	1	-1.0049095127449
1024	147	1	-3.27709401575768
1025	147	1	-1.11300260257081
1026	147	1	-1.58572642845678
1027	148	1	-1.31209511986274
1028	148	1	-1.0516315305112
1029	148	1	-0.0698749322250176
1030	148	1	-0.00939925230786931
1031	148	1	-0.094212363993457
1032	148	1	-0.98152546036446
1033	148	1	-0.324680206918759
1034	148	1	-1.59074579925757
1035	148	1	0.370818996954679
1036	148	1	-1.22851501293994
1037	149	1	-0.93818674738931
1038	149	1	-0.8209132733412
1039	149	1	-0.8438255443223
1040	149	1	-0.557919802979559
1041	150	2	-0.285771354604502
1042	150	2	0.421403940600877
1043	150	2	1.61888573323025
1044	150	2	0.460731886831652
1045	150	2	-0.225621398111899
1046	150	2	-0.0192503774766931
