id	g	group_class	y1
1	1	1	-2.94578018039104
2	1	1	-0.849290552211883
3	1	1	-1.53031327103421
4	1	1	-0.0483256338337856
5	2	2	0.948467115124976
6	2	2	-1.42162334393661
7	2	2	-1.72514554101785
8	2	2	1.1763676646671
9	2	2	-1.80573343184801
10	2	2	-1.17051761268922
11	3	2	0.110196955676815
12	3	2	-0.891936032279695
13	3	2	-0.177072903826296
14	3	2	-0.179206444836424
15	3	2	-0.569592750630115
16	3	2	-0.647041652012063
17	3	2	-0.116175041785129
18	3	2	0.180061889813786
19	4	2	0.911825675503819
20	4	2	-0.567644084170732
21	4	2	2.41208599480655
22	4	2	1.10188033668716
23	4	2	0.523738515722275
24	4	2	0.162448470341694
25	4	2	-0.0333615801767898
26	4	2	0.695625907881569
27	4	2	-0.608491190886635
28	4	2	-0.180948052142569
29	5	1	-0.67945267773144
30	5	1	-2.33496242328947
31	5	1	-2.34399027015051
32	5	1	-1.80785632242849
33	6	2	-1.16831450343124
34	6	2	0.255853401159473
35	6	2	-0.775927803091813
36	6	2	-0.699531905595445
37	6	2	-1.24915515688933
38	6	2	-1.35940302096879
39	7	1	-0.983439871867003
40	7	1	-1.60403795621803
41	7	1	-0.434245387778327
42	7	1	-4.046284410764
43	7	1	-1.94326882287862
44	7	1	-1.82083556043652
45	7	1	-2.96962052561129
46	7	1	-2.07285833213681
47	8	1	-2.06013787786365
48	8	1	0.22465188440931
49	8	1	-1.09575511036768
50	8	1	-2.57653497035159
51	8	1	-1.53449280579802
52	8	1	-2.86446405006133
53	8	1	0.0757578285133934
54	8	1	-0.607726434759517
55	8	1	-0.277470487862017
56	8	1	0.706626946956395
57	9	3	2.48764903634997
58	9	3	1.45995737020116
59	9	3	4.60192185034355
60	9	3	2.3187964004416
61	10	1	-4.65502690819156
62	10	1	-2.77227129235257
63	10	1	-1.22607410395972
64	10	1	-2.56987805177744
65	10	1	-3.59621189145749
66	10	1	-1.90109423137062
67	11	2	-0.892075811437485
68	11	2	0.634015353618196
69	11	2	0.357688391886467
70	11	2	0.29755522545715
71	11	2	1.18458172185034
72	11	2	0.295620150460666
73	11	2	1.52751164575731
74	11	2	2.05177769823016
75	12	3	3.20402336547122
76	12	3	2.16971414999471
77	12	3	2.88186071611627
78	12	3	3.30404816382071
79	12	3	2.22768878833222
80	12	3	2.12259319785591
81	12	3	1.18345871518084
82	12	3	2.44057050625617
83	12	3	1.32708418078449
84	12	3	0.0577032696350648
85	13	2	1.49074898059514
86	13	2	1.44014925286054
87	13	2	1.59085982379227
88	13	2	0.66200039197838
89	14	2	-0.851477423513722
90	14	2	-1.12137845606803
91	14	2	1.65359846401541
92	14	2	-1.52877985200682
93	14	2	-1.5058755919502
94	14	2	-0.369504897448645
95	15	1	-2.50498955243918
96	15	1	-1.59116808619844
97	15	1	-3.282859481958
98	15	1	-1.82524770040873
99	15	1	-1.55386210138095
100	15	1	0.134644801409572
101	15	1	-1.40628125464195
102	15	1	-1.27805513844111
103	16	3	1.2587672764692
104	16	3	2.67911804921762
105	16	3	2.59299980075363
106	16	3	2.14363218876469
107	16	3	3.53667562371588
108	16	3	1.1712469575277
109	16	3	1.9595001718869
110	16	3	2.31792250430377
111	16	3	1.06287371831544
112	16	3	2.60266233846164
113	17	2	0.981969935340941
114	17	2	-0.262448183730591
115	17	2	1.01279656110958
116	17	2	-1.1183939826033
117	18	1	-1.98976218813616
118	18	1	-1.62219447296615
119	18	1	-2.16463406701556
120	18	1	-1.83521235317194
121	18	1	-1.80478609822093
122	18	1	-2.59304518264686
123	19	3	2.06537655310909
124	19	3	2.4217768015767
125	19	3	1.24271004230195
126	19	3	2.1029851659692
127	19	3	2.5221302859367
128	19	3	2.2218023665917
129	19	3	1.77921507878416
130	19	3	2.48864129149836
131	20	2	-0.605139220298383
132	20	2	-1.14843961624728
133	20	2	0.443614661240468
134	20	2	-0.875313380713979
135	20	2	-1.57193720428593
136	20	2	-0.0123455065133024
137	20	2	0.598221923458615
138	20	2	1.04719313358102
139	20	2	0.236416857243931
140	20	2	0.202470319382089
141	21	2	-0.281926097068628
142	21	2	-1.04531229515063
143	21	2	-0.027770828626771
144	21	2	-1.44137063638578
145	22	2	-2.09510943397939
146	22	2	-2.05850901865378
147	22	2	0.425083875134268
148	22	2	2.00111808873286
149	22	2	0.967128526803134
150	22	2	-0.250225680606217
151	23	2	1.40298137808978
152	23	2	1.15567636164561
153	23	2	-0.267070900787555
154	23	2	0.292509575753429
155	23	2	1.29626820179056
156	23	2	0.0382781709113241
157	23	2	2.35120384143596
158	23	2	0.436707433931561
159	24	3	2.8406533184045
160	24	3	1.17723277362499
161	24	3	1.18276643855469
162	24	3	1.52149751840006
163	24	3	1.80748507192574
164	24	3	1.55138889580383
165	24	3	0.638095859838311
166	24	3	1.18556309216993
167	24	3	2.08347888343844
168	24	3	1.93280832553413
169	25	1	-3.1422343681845
170	25	1	-1.68302619521141
171	25	1	-2.81350374717516
172	25	1	0.0757168569925044
173	26	1	-1.87011099319329
174	26	1	-3.75162333517368
175	26	1	-2.13437106105991
176	26	1	-2.44861157203516
177	26	1	-1.65211236200047
178	26	1	-2.18387425464961
179	27	1	-1.6797335084458
180	27	1	-3.27399571895055
181	27	1	-1.66037049542759
182	27	1	-2.89348696031254
183	27	1	-1.17362579840496
184	27	1	-2.48235250283397
185	27	1	-2.13014580743932
186	27	1	-0.924759285599732
187	28	2	1.17609300052587
188	28	2	-0.505049814281448
189	28	2	-0.377074182814855
190	28	2	1.49098234740498
191	28	2	0.167245520569285
192	28	2	1.05669331545703
193	28	2	1.38816354477783
194	28	2	1.00164870459083
195	28	2	-0.770540876234383
196	28	2	2.83422940597751
197	29	1	-3.53255673317166
198	29	1	-1.39915373427909
199	29	1	-3.31582051093852
200	29	1	-2.19432902402509
201	30	2	0.405448802475889
202	30	2	-1.17390347299097
203	30	2	-0.433391575100274
204	30	2	0.300620197752994
205	30	2	-0.146192683812674
206	30	2	0.130311741783423
207	31	2	-0.801602856112217
208	31	2	-0.724992705231564
209	31	2	-0.511427433353235
210	31	2	-2.2166680869851
211	31	2	-1.69528839739176
212	31	2	0.929660011437242
213	31	2	-0.147639370592007
214	31	2	0.962988865772545
215	32	1	-2.55763024111906
216	32	1	-4.69557866691906
217	32	1	-2.77220573212514
218	32	1	-3.42624522787117
219	32	1	-3.66529948880944
220	32	1	-5.60416007106488
221	32	1	-3.36054128921592
222	32	1	-1.45173667000926
223	32	1	-1.91193829133665
224	32	1	-2.45322403526843
225	33	3	1.52515411323169
226	33	3	1.73503449114969
227	33	3	2.11384616767236
228	33	3	4.39958740180074
229	34	2	-0.494297769507831
230	34	2	1.03931405620985
231	34	2	1.23930705542613
232	34	2	0.506385804037528
233	34	2	0.305668245945083
234	34	2	-0.694568333694389
235	35	2	-0.600057278863656
236	35	2	-0.0871286958305665
237	35	2	1.11222198170613
238	35	2	-0.851292168772765
239	35	2	0.826875777755189
240	35	2	1.22142931797207
241	35	2	0.685916857114523
242	35	2	0.88385568757809
243	36	1	-2.55203219639265
244	36	1	-2.97491265977573
245	36	1	-2.10414311786514
246	36	1	-1.20353242155819
247	36	1	-2.56443036881205
248	36	1	-2.06089106705684
249	36	1	-1.96315624298557
250	36	1	-2.74192680167084
251	36	1	-1.78429847782362
252	36	1	-2.55697785648544
253	37	3	3.85625854307221
254	37	3	1.88730644576223
255	37	3	1.41754931508978
256	37	3	1.45737296742784
257	38	3	2.22872832213358
258	38	3	3.06941550162783
259	38	3	0.0697397274521934
260	38	3	0.998602529538713
261	38	3	1.9043523484014
262	38	3	0.351846015296876
263	39	3	2.04940400150433
264	39	3	2.60975987175778
265	39	3	3.58736138602474
266	39	3	1.29358367555032
267	39	3	4.02945740248976
268	39	3	3.90498065786602
269	39	3	2.83086647500557
270	39	3	2.2412449804805
271	40	3	0.840090882612485
272	40	3	1.85398944829023
273	40	3	1.54534426955016
274	40	3	1.48289183238298
275	40	3	2.22999489457666
276	40	3	2.16957184360286
277	40	3	2.61516195270791
278	40	3	1.95212929567089
279	40	3	3.11666102605934
280	40	3	3.21628645765556
281	41	3	1.54521811889457
282	41	3	3.55426659057504
283	41	3	2.8734487198394
284	41	3	2.37897359073599
285	42	1	-2.27586552631574
286	42	1	-2.66622805645987
287	42	1	-2.26725463801597
288	42	1	-3.81098598167042
289	42	1	-2.64880057358341
290	42	1	-1.55250374375658
291	43	1	-2.82128810887185
292	43	1	-1.69994675945662
293	43	1	-2.498378226895
294	43	1	-0.08820545074644
295	43	1	-3.11201373840919
296	43	1	-0.780166250462727
297	43	1	-2.28650842431063
298	43	1	-3.28599559321625
299	44	3	2.08935689609753
300	44	3	1.3696300760879
301	44	3	0.0360919032198077
302	44	3	0.873401883263679
303	44	3	0.367749094703961
304	44	3	3.28411723717991
305	44	3	1.81408788194639
306	44	3	0.975075320791604
307	44	3	1.93308666609515
308	44	3	-0.623184538588081
309	45	2	-0.50149141479518
310	45	2	1.20295576475029
311	45	2	0.0407350057163206
312	45	2	-2.52929725323964
313	46	1	-2.07913941685024
314	46	1	-1.13455278826986
315	46	1	-1.92313630746595
316	46	1	-2.55816632493826
317	46	1	-3.95885350923386
318	46	1	-2.45953678234334
319	47	2	-1.23749007421575
320	47	2	-1.8300614370701
321	47	2	-1.39694501236565
322	47	2	1.19943696660702
323	47	2	-0.736855562583752
324	47	2	0.286039276121125
325	47	2	-1.94795096872884
326	47	2	-1.12177251428808
327	48	1	-2.32230612404041
328	48	1	-0.57102935408571
329	48	1	-1.29441793389418
330	48	1	-0.454052547818524
331	48	1	-0.345514562850038
332	48	1	-3.64140134237831
333	48	1	-2.83989018825613
334	48	1	-0.0273499894045939
335	48	1	-3.0495297633287
336	48	1	-2.0010936655088
337	49	2	0.0729466832796846
338	49	2	1.06869707969471
339	49	2	2.00272063310891
340	49	2	0.0551888474842696
341	50	2	-0.286227670466308
342	50	2	-1.00846869361646
343	50	2	-1.89259985990058
344	50	2	1.65499848782926
345	50	2	0.452365322297798
346	50	2	-0.0538290653002101
347	51	2	0.883843471221714
348	51	2	-0.518221154061133
349	51	2	-0.523204698975497
350	51	2	1.01753028584174
351	51	2	-1.40055731571091
352	51	2	0.300459689743692
353	51	2	-0.196250075297211
354	51	2	0.83116569876002
355	52	3	1.15013180752638
356	52	3	1.19456623449518
357	52	3	0.046822675420222
358	52	3	-0.146382892581606
359	52	3	1.49202314634412
360	52	3	-1.70988548645202
361	52	3	1.26004617024718
362	52	3	2.10206739414263
363	52	3	-0.338213653183327
364	52	3	-0.862976456618874
365	53	1	-2.97895087546092
366	53	1	-2.7230510652444
367	53	1	-0.284263190754227
368	53	1	-2.05849684356917
369	54	2	-0.353625158105539
370	54	2	-2.73855144418081
371	54	2	-1.89586095738513
372	54	2	-2.48987334080566
373	54	2	-2.87372613906925
374	54	2	-3.23691624835401
375	55	2	-0.952832957684575
376	55	2	-1.27141372084717
377	55	2	0.0841169802691516
378	55	2	-1.84878983176144
379	55	2	-2.48835196582247
380	55	2	-1.20246789614151
381	55	2	-0.342761671295952
382	55	2	-0.131206676688826
383	56	2	-1.54479245594145
384	56	2	1.40274252472936
385	56	2	-1.05634064382466
386	56	2	-1.27231591265087
387	56	2	-1.16309824775992
388	56	2	-0.86458969339416
389	56	2	-0.226166076865698
390	56	2	-1.36345498628962
391	56	2	-1.09817139886546
392	56	2	-2.67729562533119
393	57	2	1.06972644932184
394	57	2	-0.810063280784772
395	57	2	-0.194736633292286
396	57	2	1.14013411577071
397	58	1	-1.94282851245928
398	58	1	-2.09644552855891
399	58	1	-0.523274424859658
400	58	1	-1.02732734684717
401	58	1	-1.09989510214753
402	58	1	-1.78102885801596
403	59	3	-0.622619616074179
404	59	3	1.54248834341379
405	59	3	1.79900043361176
406	59	3	1.02929734382107
407	59	3	1.22558910424767
408	59	3	2.31738627748987
409	59	3	0.882997035794611
410	59	3	2.02719741843845
411	60	3	1.07864427864218
412	60	3	1.32837356663034
413	60	3	-0.116274258742604
414	60	3	1.63011280319138
415	60	3	3.18980469795209
416	60	3	1.4370369219263
417	60	3	1.59324943918468
418	60	3	2.27065549262976
419	60	3	0.72488002291204
420	60	3	2.7607622512794
421	61	1	-2.28962955003792
422	61	1	0.165058681390263
423	61	1	-1.3146127090333
424	61	1	-0.89509778086594
425	62	2	-1.28520178241737
426	62	2	0.803387320813478
427	62	2	0.479021948261372
428	62	2	0.147315794234689
429	62	2	-0.650903960053784
430	62	2	0.122144678670568
431	63	1	-0.986092878967285
432	63	1	-1.13395382562924
433	63	1	-1.88355068471731
434	63	1	-2.07634432399615
435	63	1	-1.9516552234599
436	63	1	-3.05797346419219
437	63	1	-1.28416434607223
438	63	1	-3.35151942689476
439	64	3	1.67816202148969
440	64	3	2.49415591041741
441	64	3	2.75989135146096
442	64	3	1.48393371848389
443	64	3	3.75469755852577
444	64	3	1.22869514935093
445	64	3	4.52345165665241
446	64	3	2.86781949481994
447	64	3	1.77704036984214
448	64	3	4.70962306733354
449	65	3	1.91200180578095
450	65	3	3.33179745528037
451	65	3	4.19824991348932
452	65	3	4.48833306327232
453	66	1	-0.374286100952354
454	66	1	-2.23685272961685
455	66	1	-1.35607947849514
456	66	1	-2.38588920260363
457	66	1	-1.90523568202761
458	66	1	-1.81216809038133
459	67	1	-2.88458163010612
460	67	1	-0.796417538853983
461	67	1	-1.18738337224664
462	67	1	-2.37878252757682
463	67	1	-0.429445753710059
464	67	1	-1.97649957492071
465	67	1	-1.54207529995796
466	67	1	-2.11237835364336
467	68	1	-4.03138780380952
468	68	1	-4.07571078796788
469	68	1	-3.226618974226
470	68	1	-3.19500958071727
471	68	1	-3.0151166994829
472	68	1	-2.84391031749586
473	68	1	-4.08661926850707
474	68	1	-5.30932985402911
475	68	1	-2.50419555379786
476	68	1	-3.17791904130829
477	69	3	3.01293826997342
478	69	3	1.9858251598152
479	69	3	1.41987613280564
480	69	3	3.51411526646039
481	70	2	-0.252334742779994
482	70	2	1.70631903643401
483	70	2	0.346192380014082
484	70	2	-1.00593531991593
485	70	2	-1.25958952650869
486	70	2	-1.18984314612372
487	71	2	0.955118115665788
488	71	2	-0.929660965128143
489	71	2	0.7896920545393
490	71	2	-2.23050971375632
491	71	2	-0.111221624526114
492	71	2	0.450682713978676
493	71	2	1.8549061744908
494	71	2	-1.15428148048934
495	72	1	-1.84352662092992
496	72	1	-1.73572782538473
497	72	1	-2.38789343364893
498	72	1	-1.27313893069206
499	72	1	-3.06292183009974
500	72	1	-2.66106530132742
501	72	1	-2.60919749177593
502	72	1	-1.37172904995685
503	72	1	-1.23594097489952
504	72	1	-2.32444080084581
505	73	3	0.51971632510441
506	73	3	-0.14793390842272
507	73	3	1.97431603900682
508	73	3	0.456540469133693
509	74	3	1.43933550211019
510	74	3	1.5878618017662
511	74	3	1.67045873770337
512	74	3	3.31380427420989
513	74	3	1.24770500573286
514	74	3	-0.303902182677087
515	75	3	1.4359428338719
516	75	3	1.49932220023703
517	75	3	2.1828205970149
518	75	3	-0.847927501684068
519	75	3	0.00480860654570825
520	75	3	0.199089970157631
521	75	3	-0.523400288869712
522	75	3	-0.00652843257790814
523	76	2	-3.02634316554774
524	76	2	-3.10632237531321
525	76	2	-2.63635955101277
526	76	2	-1.51170160260591
527	76	2	-2.93352522541294
528	76	2	-0.294444695714632
529	76	2	-0.96298326939856
530	76	2	-1.81657828005534
531	76	2	-1.36055524209375
532	76	2	0.835332637514177
533	77	2	-0.987360833768958
534	77	2	-0.278997613471608
535	77	2	0.758983195724106
536	77	2	-1.18352463651659
537	78	1	-2.87136855041747
538	78	1	-3.6836766749504
539	78	1	-2.54052314606281
540	78	1	-2.84686182552189
541	78	1	-2.17296736702065
542	78	1	-2.13215437974481
543	79	1	-2.96596334241657
544	79	1	-3.37674270528262
545	79	1	-0.51989524430359
546	79	1	-1.84733997509685
547	79	1	-3.58680100524416
548	79	1	-2.20257036234035
549	79	1	-1.14076702140641
550	79	1	-1.46355445670422
551	80	1	-3.19802473296978
552	80	1	-3.70459208183831
553	80	1	-1.19001733283449
554	80	1	-3.40308966445527
555	80	1	-1.91896029417827
556	80	1	-2.9583902086
557	80	1	-1.1020352282523
558	80	1	-1.97257141075718
559	80	1	-1.34086933958143
560	80	1	-1.48025717013741
561	81	2	0.353824163101354
562	81	2	2.10063133599063
563	81	2	1.87150592629991
564	81	2	1.51786992794663
565	82	3	1.63016129450203
566	82	3	3.55336657731739
567	82	3	2.18107368759834
568	82	3	1.2310301747819
569	82	3	0.22154344278951
570	82	3	2.55850128047188
571	83	1	-1.38024725554341
572	83	1	-1.26770427247106
573	83	1	-1.09517374216795
574	83	1	-2.30725010190231
575	83	1	-2.96684490434289
576	83	1	-3.43817072977707
577	83	1	-0.445374696386265
578	83	1	-2.30359013794054
579	84	2	1.19430287267823
580	84	2	0.707676733969959
581	84	2	-0.936494409876298
582	84	2	-1.2561389082193
583	84	2	1.31061922373268
584	84	2	-1.11959920839674
585	84	2	-1.9041556586968
586	84	2	-0.489585567300909
587	84	2	-2.25940037906109
588	84	2	-0.573254462328912
589	85	3	2.62750603337461
590	85	3	1.26458095344278
591	85	3	0.582979857545373
592	85	3	0.833648999143124
593	86	3	1.59666544309386
594	86	3	1.72861647367318
595	86	3	1.34661855126934
596	86	3	0.393904269756894
597	86	3	1.89206859509814
598	86	3	0.429053388927895
599	87	2	-0.626295551751787
600	87	2	-0.0219957518527306
601	87	2	-0.0616035953393005
602	87	2	-0.29804077508734
603	87	2	0.594834247096716
604	87	2	-0.0563756296143348
605	87	2	0.799143931357157
606	87	2	0.353176739795132
607	88	1	-2.15205815461788
608	88	1	-2.4141310781776
609	88	1	-2.06455406832195
610	88	1	-1.06300390944262
611	88	1	-1.57659313871817
612	88	1	0.298865454605971
613	88	1	-1.0960901512831
614	88	1	-0.874661479351729
615	88	1	-1.4338493076642
616	88	1	-0.87636338110547
617	89	3	-0.0663827231271625
618	89	3	1.12985077375063
619	89	3	1.91718980849119
620	89	3	1.42178202468058
621	90	1	-0.613168536701743
622	90	1	-1.31565233370796
623	90	1	-1.46070799493803
624	90	1	-1.94043832650085
625	90	1	-2.7579336437119
626	90	1	-0.619698114474481
627	91	2	-1.69135139650262
628	91	2	-2.00314703397599
629	91	2	-2.83323799668407
630	91	2	-0.654646704141033
631	91	2	-1.22339709521053
632	91	2	-1.05500139699184
633	91	2	-0.0868095645689013
634	91	2	-0.109650278299797
635	92	2	-1.36553387999745
636	92	2	-2.00881631613191
637	92	2	0.434960226518151
638	92	2	0.11500707302955
639	92	2	0.833914952729089
640	92	2	0.744173291333744
641	92	2	0.415127635605804
642	92	2	0.304751836642483
643	92	2	-1.72714150462101
644	92	2	2.49581074718211
645	93	1	-4.12869260926449
646	93	1	-2.18955058583015
647	93	1	-3.39825977404118
648	93	1	-3.47623296270553
649	94	3	2.87509327239084
650	94	3	4.73300754124998
651	94	3	2.5318141446703
652	94	3	0.778971994699104
653	94	3	1.04841381445378
654	94	3	2.27843759341253
655	95	3	3.1053771017617
656	95	3	3.61980388817282
657	95	3	3.48181362423484
658	95	3	1.02652447200613
659	95	3	1.03160374941236
660	95	3	3.26814400191506
661	95	3	0.897631026961343
662	95	3	1.52334015392395
663	96	2	-0.0455715720300459
664	96	2	-0.799161948558784
665	96	2	-0.927957169895831
666	96	2	1.77423439604821
667	96	2	0.156248245572389
668	96	2	0.609136388590924
669	96	2	-1.28689224700728
670	96	2	1.95706215608157
671	96	2	-1.61779139350098
672	96	2	0.287395905408989
673	97	3	0.471184274823264
674	97	3	1.1006295988846
675	97	3	0.90226206953013
676	97	3	0.500281524647596
677	98	3	1.14766353999859
678	98	3	2.53432674371746
679	98	3	3.05383497948181
680	98	3	3.89387424979882
681	98	3	1.89579583586396
682	98	3	1.71153322351563
683	99	1	-1.58392450849341
684	99	1	-2.03554239852935
685	99	1	-1.02312351254355
686	99	1	-1.62884434615338
687	99	1	-1.74928825536382
688	99	1	-2.3146138673481
689	99	1	-2.27861659955651
690	99	1	-1.12565547415063
691	100	2	-0.069959009763554
692	100	2	0.291980918966411
693	100	2	2.16204803147588
694	100	2	1.7837150156341
695	100	2	1.84874752701323
696	100	2	0.471784730563459
697	100	2	2.05697031821724
698	100	2	0.456164607619225
699	100	2	0.333399762602976
700	100	2	0.206548547650747
701	101	2	-1.28507851563955
702	101	2	-1.33141684574788
703	101	2	-1.39646766817877
704	101	2	1.31232236500075
705	102	3	0.692032971717486
706	102	3	-0.615250404001454
707	102	3	1.34126912692707
708	102	3	1.25203663562292
709	102	3	2.39587601898163
710	102	3	1.49177059028035
711	103	3	2.92016369128155
712	103	3	1.43048870153851
713	103	3	1.8170083062279
714	103	3	2.3615868069847
715	103	3	1.06806617613272
716	103	3	0.773474623304483
717	103	3	0.794010337873304
718	103	3	1.32817659048302
719	104	2	1.51087007467344
720	104	2	-1.35807782509005
721	104	2	1.34168443358081
722	104	2	2.05746459019678
723	104	2	1.28633609156395
724	104	2	-1.23922862182317
725	104	2	0.10878477412369
726	104	2	1.17119578490986
727	104	2	-0.0381856592640731
728	104	2	0.369871982935109
729	105	1	-3.47024839939827
730	105	1	-3.18490345075476
731	105	1	-2.47347832181356
732	105	1	-2.70816591558655
733	106	2	2.07148837224437
734	106	2	1.92043618968969
735	106	2	1.86819947473048
736	106	2	2.27624418036464
737	106	2	3.16343930833985
738	106	2	0.553577461842607
739	107	3	2.38774995472871
740	107	3	2.79618835557791
741	107	3	3.06724506971232
742	107	3	3.29061710001572
743	107	3	0.843175132658251
744	107	3	1.62249866730364
745	107	3	1.52516746149435
746	107	3	1.71553369349338
747	108	3	2.80984114115107
748	108	3	2.04665233111593
749	108	3	3.36091478606863
750	108	3	0.202736047150327
751	108	3	3.49842366946094
752	108	3	3.24977051565363
753	108	3	2.50775942783815
754	108	3	2.45752048509227
755	108	3	1.98550166466189
756	108	3	2.41298148974157
757	109	2	-0.402685202100848
758	109	2	-1.29108668155847
759	109	2	-0.568374608913889
760	109	2	-0.0874516295246113
761	110	1	0.716988516362878
762	110	1	0.984442944869069
763	110	1	0.721324166900491
764	110	1	0.263507962839923
765	110	1	-1.32283389056073
766	110	1	-0.558830795987582
767	111	2	2.64211835797964
768	111	2	3.41244082705084
769	111	2	2.55108198239721
770	111	2	2.5792413530172
771	111	2	2.20891049956367
772	111	2	1.6451400327368
773	111	2	2.45830381129877
774	111	2	2.57078293219214
775	112	3	2.52295548330249
776	112	3	2.75965711129684
777	112	3	3.53893817086867
778	112	3	2.23349226702371
779	112	3	1.83707913553631
780	112	3	0.969275887387478
781	112	3	1.55369831193396
782	112	3	2.07628320963705
783	112	3	1.61112388315889
784	112	3	1.31155570511578
785	113	2	-0.0480038859536267
786	113	2	0.174192404674228
787	113	2	-1.55097493738948
788	113	2	0.497361206279329
789	114	3	2.72542199364725
790	114	3	3.45933443052353
791	114	3	3.42842266135258
792	114	3	3.38584390358689
793	114	3	1.80332183614922
794	114	3	1.91775737254386
795	115	2	0.634440462896691
796	115	2	-1.08371987443058
797	115	2	-1.36862179597619
798	115	2	0.296907453093411
799	115	2	1.32020072408542
800	115	2	0.681423178484727
801	115	2	0.125832288992485
802	115	2	-1.12405685503537
803	116	1	-2.60758660721568
804	116	1	-3.73143578439363
805	116	1	-1.84409193006237
806	116	1	-3.50547055274735
807	116	1	-1.31352802215178
808	116	1	-1.93032308436819
809	116	1	-2.22963299614408
810	116	1	-0.950223094936671
811	116	1	-1.3076776041265
812	116	1	-1.94119613975504
813	117	2	0.825165318245125
814	117	2	2.63537205539812
815	117	2	0.600490152988382
816	117	2	-0.602104039210765
817	118	2	0.158712732110674
818	118	2	2.75024860167731
819	118	2	0.729093540903062
820	118	2	2.60019263078611
821	118	2	2.22382368172682
822	118	2	0.63794520903881
823	119	3	0.254525413388746
824	119	3	0.0116681204854977
825	119	3	2.70871970381593
826	119	3	2.19099465647095
827	119	3	0.781341525244557
828	119	3	-0.897271177105571
829	119	3	-0.180843099724387
830	119	3	0.838374238411742
831	120	1	-2.39349689360024
832	120	1	-1.40938635561115
833	120	1	-2.27481732992514
834	120	1	-1.42446306575243
835	120	1	-0.914428478869211
836	120	1	-3.38979112273008
837	120	1	-1.35466020696945
838	120	1	-1.14668595552858
839	120	1	-2.79603676780155
840	120	1	-1.72650581371726
841	121	3	2.99837650531852
842	121	3	1.96654410945173
843	121	3	2.98214195541631
844	121	3	3.69948675997522
845	122	2	1.07589143481396
846	122	2	0.235773055878279
847	122	2	2.10481929250865
848	122	2	2.64976565627781
849	122	2	0.527340573949178
850	122	2	0.123567217764434
851	123	2	2.5905629187747
852	123	2	-1.81377265958344
853	123	2	1.69904547328588
854	123	2	-0.466057313585412
855	123	2	0.761187323728551
856	123	2	0.488827115166315
857	123	2	0.851231044779486
858	123	2	-0.761305288638061
859	124	3	1.86753883163482
860	124	3	2.08049386259097
861	124	3	1.28158883547731
862	124	3	1.11091274269667
863	124	3	1.31487139461705
864	124	3	0.184069405863889
865	124	3	0.212148821447616
866	124	3	1.61366842996369
867	124	3	3.43322438294052
868	124	3	0.547647609794044
869	125	2	0.278812853131802
870	125	2	0.0558254133074733
871	125	2	-0.384977188117298
872	125	2	-0.274876730834552
873	126	1	-2.16431984138565
874	126	1	-2.354059014129
875	126	1	-2.13877603874274
876	126	1	-1.3886904671719
877	126	1	-2.26905496310773
878	126	1	-1.94038820754693
879	127	2	0.180832883009815
880	127	2	-1.44553683303577
881	127	2	-0.62210257907403
882	127	2	-0.868318532585678
883	127	2	-0.71617036948088
884	127	2	-2.26425302356368
885	127	2	-0.00735441309384832
886	127	2	-1.1606128039809
887	128	2	1.68439206422369
888	128	2	1.04552778392871
889	128	2	-1.3358879885518
890	128	2	-1.31937218873983
891	128	2	0.0896161747665685
892	128	2	1.32872382761418
893	128	2	0.550291487186053
894	128	2	1.23987465362297
895	128	2	-0.101503178527499
896	128	2	-0.129225046023796
897	129	2	1.55183800731488
898	129	2	0.652324133087372
899	129	2	1.58395653192085
900	129	2	0.468390169514705
901	130	1	-1.88286582369831
902	130	1	-3.17927570563063
903	130	1	-2.03117041111145
904	130	1	-3.61042976015738
905	130	1	-3.72346219005613
906	130	1	-2.22820174582408
907	131	3	1.86179063762243
908	131	3	2.46809242513915
909	131	3	2.40947887362393
910	131	3	1.14250512359772
911	131	3	3.8181648498811
912	131	3	2.44186651117777
913	131	3	1.35992529975011
914	131	3	2.03549421390729
915	132	1	-1.57780161798647
916	132	1	-2.04820841731817
917	132	1	-2.64348874614832
918	132	1	-2.89850741258356
919	132	1	-3.59493096099507
920	132	1	-1.21894401157586
921	132	1	-1.31074765168523
922	132	1	-4.33620088726381
923	132	1	-1.855608323473
924	132	1	-2.5305486347407
925	133	2	-0.742982607187336
926	133	2	-1.15713486317482
927	133	2	0.504281982354972
928	133	2	-0.154351181604638
929	134	2	-2.49000980761532
930	134	2	0.424374191850704
931	134	2	-0.69186503523846
932	134	2	-1.27186910797534
933	134	2	-0.074448642231505
934	134	2	-1.36692484560486
935	135	1	-1.76781139639733
936	135	1	-3.34506746515735
937	135	1	-2.90654183274401
938	135	1	-2.56213535779957
939	135	1	-1.3728713089092
940	135	1	-1.94879613550423
941	135	1	-3.60325646053693
942	135	1	-0.65194221500881
943	136	1	-2.0253505126222
944	136	1	-2.04236750366123
945	136	1	-2.76757377995431
946	136	1	-1.74615678158436
947	136	1	-2.45804062409182
948	136	1	-0.533551706224823
949	136	1	-3.46825840746072
950	136	1	-3.48322951339645
951	136	1	-2.62692093286168
952	136	1	-3.74393090744856
953	137	2	0.175250010723686
954	137	2	0.230704331533499
955	137	2	-0.152597231851876
956	137	2	1.2907974256682
957	138	3	0.22418950758838
958	138	3	0.0311232269714873
959	138	3	1.26446374637131
960	138	3	1.34055245836278
961	138	3	0.731033477040083
962	138	3	0.287384166976254
963	139	2	-0.227806604657859
964	139	2	0.889468936679093
965	139	2	1.86914004767024
966	139	2	-1.00500186851008
967	139	2	0.950225616824222
968	139	2	-0.123466625764134
969	139	2	-0.530238527296011
970	139	2	0.266420348506658
971	140	1	-1.47269292935413
972	140	1	-3.25979217384878
973	140	1	-0.648197457684371
974	140	1	-2.80626452262476
975	140	1	-2.56021184991286
976	140	1	-4.10877539318726
977	140	1	-2.86093248386775
978	140	1	-1.6301855148466
979	140	1	-2.36151861142647
980	140	1	-2.81587005941624
981	141	2	1.04917521938145
982	141	2	1.76516185111221
983	141	2	-0.132866176906538
984	141	2	2.08494573247074
985	142	3	1.33112732163639
986	142	3	0.815864619044912
987	142	3	1.75148787640138
988	142	3	2.6355741132769
989	142	3	1.97293960364142
990	142	3	2.72130976876213
991	143	3	2.06088558301758
992	143	3	0.00753758660038262
993	143	3	0.0800505018543889
994	143	3	1.0311755064851
995	143	3	-0.366412760523471
996	143	3	-1.01710841641828
997	143	3	1.95207624053969
998	143	3	1.80967807273698
999	144	2	-0.459240240227024
1000	144	2	-0.789931435478535
1001	144	2	-0.244594260925638
1002	144	2	1.79287544279916
1003	144	2	0.881829562380279
1004	144	2	0.673712894367047
1005	144	2	0.522241123483127
1006	144	2	-0.753871160428459
1007	144	2	-0.0525300484188426
1008	144	2	1.36443095244083
1009	145	1	-1.21442572125597
1010	145	1	-2.78854737153661
1011	145	1	-1.41900053363822
1012	145	1	-1.18090263581847
1013	146	2	-0.409012979392668
1014	146	2	-2.22611465433258
1015	146	2	-0.611730867101474
1016	146	2	0.309169775108868
1017	146	2	-0.0235080899634388
1018	146	2	-0.599082421439523
1019	147	1	-1.62688167100021
1020	147	1	-2.67927834970812
1021	147	1	-2.71870189772396
1022	147	1	-2.33904277627905
1023	147	1	-2.7966380900621
1024	147	1	-2.81451430353893
1025	147	1	-5.29888908733226
1026	147	1	-3.43595462156196
1027	148	1	-1.73288523669153
1028	148	1	-0.998135242801526
1029	148	1	-2.22375206266704
1030	148	1	-1.60010302091761
1031	148	1	0.542207976497806
1032	148	1	-3.04088697975573
1033	148	1	-2.0087207044541
1034	148	1	-0.457244228043584
1035	148	1	-3.41228558216816
1036	148	1	-1.25456169006607
1037	149	3	1.25392911539651
1038	149	3	2.63140091760765
1039	149	3	-1.87249338348775
1040	149	3	2.26251316212347
1041	150	1	-1.21697606968836
1042	150	1	-1.76254341694351
1043	150	1	-1.10277193597079
1044	150	1	-2.54351842530349
1045	150	1	-1.33694627860609
1046	150	1	-0.592421190670413
