id	g	group_class	y1	y2
1	1	2	0.89351598443249	0.67456590207476
2	1	2	0.0667239304313811	-0.341614203691645
3	1	2	1.58757608270034	0.232931288351232
4	1	2	2.5371469701398	1.04922871995789
5	2	1	-1.98551944223938	2.52969458631874
6	2	1	-0.138525124304563	-0.0170658478742698
7	2	1	-3.20024206292535	2.64190870027144
8	2	1	-2.63576227109509	1.56319962068248
9	2	1	-1.10003384725141	2.54136169032821
10	2	1	-0.552361930736478	1.67909159155237
11	3	2	1.43878920439578	0.604683505394588
12	3	2	0.775600850855598	-1.04181207699324
13	3	2	1.08053337609115	-1.06799077144921
14	3	2	0.84469473568485	1.17024463690519
15	3	2	1.73667809960507	0.372756259002041
16	3	2	1.28916404521831	-0.201611115060658
17	3	2	0.0485764014572798	-0.494392783071752
18	3	2	1.10940414848983	0.300142259634292
19	4	2	-0.779160873526108	0.819212455707867
20	4	2	1.17280566817433	-2.05724315984374
21	4	2	0.30931344151362	0.661121816518172
22	4	2	-0.00771740115519148	1.93049172207594
23	4	2	2.39144552252664	-0.631367706341607
24	4	2	0.405866748362667	1.05432750829294
25	4	2	0.623762286437645	0.0169875903903512
26	4	2	0.48704450512592	1.74993177317302
27	4	2	-0.461828052045799	0.116048633474737
28	4	2	0.150726993132287	-0.262816378807364
29	5	1	-0.293360721167155	2.28733488981213
30	5	1	-2.39428242215518	0.796175351110407
31	5	1	-3.21591180394655	-1.1274176329726
32	5	1	-1.84003203892859	-0.296268589718158
33	6	2	-0.810358294693273	1.1851000040851
34	6	2	-0.230523738956375	-0.0677104897882334
35	6	2	3.121861745143	1.4102974907966
36	6	2	2.22894062213789	-0.0508955349455071
37	6	2	1.13455292994759	-0.906133507812488
38	6	2	-0.39972175900988	-0.936823073271383
39	7	2	1.44095174830159	1.50828148703952
40	7	2	-0.222489277780065	-2.19010623368906
41	7	2	-0.469555269718778	0.746835129873029
42	7	2	-0.870166399056213	-0.860695653937662
43	7	2	0.700220680138183	-1.918544405482
44	7	2	-0.929526351972449	-1.39729463662963
45	7	2	-0.263303793436701	0.707175087218122
46	7	2	1.13490737664822	-1.78474498168343
47	8	1	-1.14287273181004	-0.470115836566762
48	8	1	-2.77235479478409	0.0665372839752644
49	8	1	-2.53317878521176	-0.815804995597837
50	8	1	-1.49242526139037	1.16473403044773
51	8	1	-0.427107355046149	0.192499027834411
52	8	1	-1.81570336867464	0.00209028552007784
53	8	1	-1.64982841570233	0.317402040288282
54	8	1	-0.933055412960696	3.21641642113522
55	8	1	-2.19352041647163	0.571180975909
56	8	1	-0.106439311245241	-0.801825932965395
57	9	1	-1.54500696792488	0.831310204880955
58	9	1	-3.20610658095746	2.46974666183764
59	9	1	-1.35231077419563	0.356176645986279
60	9	1	-1.12053981215636	-0.072847280645997
61	10	1	-1.04093658440811	0.426093460270332
62	10	1	-1.08074639586864	-1.71346680384657
63	10	1	0.133013602217207	-0.704532995365977
64	10	1	-0.895238044809364	0.260371992214615
65	10	1	-0.183955554987248	-1.64549940509287
66	10	1	-1.08684062325204	-0.952948074004552
67	11	1	0.495532679642941	-1.21364220550651
68	11	1	-1.56073528050704	-0.455902647088412
69	11	1	0.76023947796677	1.43622655102337
70	11	1	0.313175063486455	0.911184896744375
71	11	1	1.31408342233246	0.0329173482656043
72	11	1	0.448157113281079	0.938877824205834
73	11	1	-1.05084292710309	1.00700823640334
74	11	1	-0.23450537737567	0.57785202888542
75	12	2	1.86900023836299	-1.15781506400311
76	12	2	1.68991528268693	1.35085633739429
77	12	2	-0.850094586141361	-1.51102044513917
78	12	2	0.991066166628652	-0.305870456434839
79	12	2	1.47557404125598	-1.4798173301676
80	12	2	-0.376710638021642	0.0671225305280552
81	12	2	0.00836730391521479	2.09672658225518
82	12	2	1.22512483842085	0.066527866077285
83	12	2	-0.341159505992997	2.62334095014492
84	12	2	1.75016374110471	1.36337215277393
85	13	2	2.21744275755137	1.23109919928434
86	13	2	1.07814724455887	-0.322269178545269
87	13	2	2.37099137293247	2.16551614231031
88	13	2	2.78777385981201	0.0421042400382109
89	14	2	1.50271003125073	0.332252147683039
90	14	2	0.122719385263564	-1.86729247307161
91	14	2	0.153415385809812	-0.875932846952848
92	14	2	0.0831459800342966	-1.05272287106681
93	14	2	0.622463631573426	1.21669288547312
94	14	2	0.745921786444806	1.29302807597083
95	15	2	0.855049969375724	1.74486019159002
96	15	2	0.685156211677811	0.698738480126064
97	15	2	0.738241659705568	-0.725762631687573
98	15	2	0.266444726207353	-0.720795643640422
99	15	2	3.85036033932538	-0.266915650603968
100	15	2	2.49739371590981	0.547236571409076
101	15	2	0.484962237336977	-0.296286625326692
102	15	2	1.18428989136737	-0.327586059725769
103	16	1	-0.338944204209086	0.778108379090357
104	16	1	-1.633883127704	1.33060190325873
105	16	1	-1.63460532883282	1.07979474425313
106	16	1	0.41734269264806	0.372254977531884
107	16	1	-1.3524979423641	0.985813467144247
108	16	1	-0.845597840630972	0.373387147025241
109	16	1	-1.14059300605535	2.11922188242552
110	16	1	-2.34629926655295	0.725787666454934
111	16	1	-1.89532150035716	0.48934652153073
112	16	1	-1.92229256789151	-1.44795854240359
113	17	1	-2.83363917064407	1.44845179460522
114	17	1	-2.12427530236417	2.2129087847475
115	17	1	-0.99584221278326	0.287029118596964
116	17	1	-1.08181448223315	-1.27381461485351
117	18	1	0.0597909342808616	0.230797755024974
118	18	1	-1.76456006623392	1.45609960489231
119	18	1	-0.637916976069194	1.12381029980663
120	18	1	-0.456568193370423	-1.36126607568251
121	18	1	-0.030350190113404	-0.0339275524558313
122	18	1	-1.84543253757842	0.63353492067408
123	19	1	0.304258955648788	1.22334747211886
124	19	1	0.261184420877447	0.338443872963938
125	19	1	-0.392300463864681	0.036452710941517
126	19	1	-1.99218555006712	0.766713286569173
127	19	1	0.0998900997523163	1.52318042850471
128	19	1	-1.13190603142164	0.392363901302618
129	19	1	-1.60776849932578	0.913612973548889
130	19	1	-0.486752564686546	1.34514940293474
131	20	2	2.33315599757771	-1.0245493123441
132	20	2	0.239321908885705	-2.69803921245543
133	20	2	1.67407271781214	-2.16381282075454
134	20	2	1.27042408617462	-0.835332565786145
135	20	2	1.86251886933945	-1.00248901277439
136	20	2	1.59192558825308	1.04428254826046
137	20	2	0.258114366113679	1.51412797941455
138	20	2	1.72705225226515	-1.84939345020477
139	20	2	1.0596166994706	-1.4867172835444
140	20	2	0.313159139939983	-2.00319832408489
141	21	2	0.113163957653753	-1.05881769777486
142	21	2	-0.146268871211945	0.0413363259187788
143	21	2	-0.331758482082372	-0.883727855941604
144	21	2	1.06311852760419	-0.520791256314612
145	22	2	1.984111108551	0.121900138801695
146	22	2	4.5413666377331	0.0133745678981795
147	22	2	1.29470803454267	-1.42185314653667
148	22	2	1.51891712265555	2.62232114931088
149	22	2	0.824089513079338	-2.10983966647457
150	22	2	2.72260346702725	0.417335201363103
151	23	2	0.491763589297656	0.0453545758953801
152	23	2	0.362200326716852	0.269008397599892
153	23	2	-0.397263506896656	-0.529606415098858
154	23	2	-0.429567223165958	-0.864007132461983
155	23	2	-0.181979062888832	-0.374834636766588
156	23	2	-1.24021225045798	-0.068483149059767
157	23	2	0.674586428511123	0.0906396094560685
158	23	2	0.201249945192778	-0.287033793452394
159	24	1	-1.65415471465348	-0.788557776817146
160	24	1	-2.59957000997301	0.886794545998623
161	24	1	0.754508979220678	-0.124333006763732
162	24	1	-1.13628151749094	-0.66273599130456
163	24	1	-3.3656806755685	-0.260864036879044
164	24	1	-1.75241201101407	1.45367900391213
165	24	1	0.341481766869406	0.360214322004053
166	24	1	-0.297112489179947	0.539109569390517
167	24	1	-1.36606378741447	-1.47903827612289
168	24	1	-2.55134840074881	0.158983238213135
169	25	1	-1.25699791712389	3.5062947122333
170	25	1	0.992572690676671	1.27457963536893
171	25	1	-1.43806017837755	2.51357721656841
172	25	1	0.000299800929635108	-0.442457111638122
173	26	1	-1.40650445322598	-1.21907534246018
174	26	1	-2.72877298774042	-0.119571192717322
175	26	1	-0.2133514473898	0.789393001892696
176	26	1	-2.70907442967119	-1.73125261968174
177	26	1	-1.47928406460032	-1.21169930884477
178	26	1	-2.96654774431234	0.417123831596564
179	27	2	0.430365055848595	-0.817734651394311
180	27	2	-0.0635273020240021	-2.13964020496461
181	27	2	0.818503117196262	-1.50599030384261
182	27	2	1.22502674684608	-1.98157486181644
183	27	2	-0.572303480394811	-3.12412776347596
184	27	2	0.171111819731246	0.600764870713785
185	27	2	0.723769288466437	-0.612293385068118
186	27	2	0.751684983414656	-0.518277627547231
187	28	2	1.78120521548111	-1.47110471535221
188	28	2	2.40184755455812	-1.79387284560905
189	28	2	0.641169282520461	-1.01529440666816
190	28	2	0.37124240934518	-1.15671994822653
191	28	2	0.469827326296439	-0.400511179581698
192	28	2	0.663272261795664	-2.15064213330828
193	28	2	1.15667201758365	-1.83320127642134
194	28	2	1.51141484735042	-0.706972395888504
195	28	2	1.70659371508094	0.832171407363949
196	28	2	-0.334887944790449	-0.682726842067399
197	29	1	0.383032757035856	-1.34300317372197
198	29	1	-1.21083083032177	0.203662246000964
199	29	1	0.0237503859644872	0.459599688758847
200	29	1	-1.53791269113687	-0.591211666747766
201	30	1	-1.08719700072314	0.468280797073549
202	30	1	-0.919351882866893	1.08618447374444
203	30	1	-1.6956373091038	-0.344888214693709
204	30	1	0.856950572123831	0.533773768808918
205	30	1	-1.07351662096376	-0.160432756476926
206	30	1	-0.408284813401552	1.7650987683672
207	31	1	-0.129546444522143	1.91096976991486
208	31	1	-0.0494810502604967	1.97302072437054
209	31	1	-0.399068858762355	1.68635701179701
210	31	1	-0.162621585619141	1.07715600884669
211	31	1	-0.893600790815771	3.49947610550516
212	31	1	-1.58001572114163	1.27474358941655
213	31	1	-1.46187900552374	2.10947255585496
214	31	1	-2.49698096128721	1.65585195547613
215	32	2	0.85541200993204	-1.16651063635884
216	32	2	0.57843713896566	1.43539669122862
217	32	2	2.91403855295816	0.638497968399416
218	32	2	1.26723126339112	-0.300553198432164
219	32	2	1.84068260495412	-1.81007795398158
220	32	2	0.869980657467472	-1.15567738498206
221	32	2	0.23260749657317	-1.17785660687635
222	32	2	0.999246720906161	-1.22503341255352
223	32	2	0.278890201555791	0.218049086511447
224	32	2	2.4300954737307	-1.97526150435346
225	33	2	0.0667193415556284	1.07821080685199
226	33	2	1.42163752990814	-0.978586865771792
227	33	2	0.648777126072776	0.976542394455381
228	33	2	0.0482059833350013	-0.407076610798013
229	34	1	-2.35748458698093	1.91330444333101
230	34	1	-1.5716586787348	2.30865097199087
231	34	1	-2.12998775465959	0.310971441347604
232	34	1	-1.96344876240787	1.12545494334617
233	34	1	-3.92732295307687	-0.43172899064247
234	34	1	-3.654101731989	2.24622523052859
235	35	2	2.5319156137296	-3.11511717701983
236	35	2	1.42650029531251	-0.676600026037573
237	35	2	1.89979661693928	-0.37038327273524
238	35	2	1.55765775299873	-1.53710861551981
239	35	2	3.64040824970087	-0.466339093754434
240	35	2	1.41251986451554	-0.305342912905872
241	35	2	1.51238789971799	-0.838381978539011
242	35	2	3.20090380642719	-0.744419875205705
243	36	1	-1.82930048611516	-0.520370725052597
244	36	1	-1.09054573267975	0.78222988650718
245	36	1	-1.52465844340913	1.30373130326159
246	36	1	-0.682216574456707	-0.645193866795243
247	36	1	-3.35641445631317	0.519159563364344
248	36	1	-1.22657930113815	0.0699495766504035
249	36	1	-1.35981574887632	-0.657478694609381
250	36	1	0.325033305308897	0.103471593168323
251	36	1	-0.486818711546557	-0.703799660371461
252	36	1	-0.22070809672771	1.16518465809949
253	37	2	1.60384642045275	0.941768821709783
254	37	2	1.23697820072206	-0.125074334956916
255	37	2	1.37314141224111	0.348895167478025
256	37	2	2.89679851433549	-0.831049476116646
257	38	2	2.71902044093892	-1.86122586811978
258	38	2	1.24743137684771	-0.810514744257537
259	38	2	2.45952686083127	-0.349348792715537
260	38	2	2.83116382569888	-1.61667797521256
261	38	2	1.44901956815468	-1.10310353244569
262	38	2	1.49924388531529	-1.27311553380697
263	39	1	-0.576940359229826	-0.289949341940975
264	39	1	0.867937625627954	-0.53238222364909
265	39	1	-0.755289367763321	-0.0263275325314463
266	39	1	0.0820703145726882	0.286745463772513
267	39	1	-0.241682804971835	0.167675062550308
268	39	1	0.127284509943809	2.30368535932974
269	39	1	-2.71838024432403	1.61415339187341
270	39	1	-1.05685434530914	-0.210928753337542
271	40	1	-0.449430626964932	-0.156072593055393
272	40	1	-1.35981353340256	-0.279262621908531
273	40	1	-0.826227539080771	1.90803200742802
274	40	1	-0.754425049452823	-1.29240193165749
275	40	1	-0.139504754557734	-0.173734004159479
276	40	1	-1.47552378283212	-0.91475716268585
277	40	1	-1.008569829878	-0.659796419526695
278	40	1	-0.628163341078721	1.08940044569121
279	40	1	-0.579353028926873	0.751152675149026
280	40	1	-2.06423139463479	-0.273118527507553
281	41	1	-1.88387871965798	0.897197078746606
282	41	1	-0.960455801379974	1.89358979229675
283	41	1	-0.0440748382855864	-0.204213129143366
284	41	1	-1.46554153445392	2.32740336847857
285	42	2	0.566508062154658	-1.41111329146247
286	42	2	-1.28308309632273	-1.93419799761676
287	42	2	0.90030939580938	-2.02323679982596
288	42	2	1.44893074961076	-1.68654045163359
289	42	2	0.610828685904717	-0.139409919780705
290	42	2	0.2816727281418	-1.71283387258695
291	43	1	-0.697450268851661	1.17733594053199
292	43	1	0.695248537350836	1.06049780602814
293	43	1	-2.11642487933213	1.99795310618584
294	43	1	-0.531952716954027	0.887793682452009
295	43	1	0.623960549052291	0.511140367505178
296	43	1	-0.0187464136767699	-0.973202825041721
297	43	1	-0.692804760299164	2.35354131033351
298	43	1	-1.98367119316778	1.67296145787843
299	44	1	-0.544993790154568	0.826055464660768
300	44	1	-2.58472061925645	0.181114522115708
301	44	1	-1.5511811208069	-0.0795699039549964
302	44	1	-0.743002213788772	0.120096980190689
303	44	1	-1.39092998593815	1.09687962593386
304	44	1	-1.30957725514242	1.09964593915945
305	44	1	-0.910391868517899	1.69791212794609
306	44	1	-1.64673955308	0.141384105711753
307	44	1	-1.10264181576825	0.455798500067713
308	44	1	-2.15203212526745	-0.46419141111146
309	45	2	0.84564995142559	-0.000801849861417792
310	45	2	0.536271258130969	0.241934642412043
311	45	2	-0.627752612829901	-0.824697850913523
312	45	2	0.728771362832191	-1.18891023407683
313	46	1	-0.902871587107874	-0.110525999990951
314	46	1	0.048946266907701	1.94580832864316
315	46	1	-0.593932832514019	3.22410816096208
316	46	1	-1.85784047049401	2.61101083144917
317	46	1	-0.973170932698396	2.10310450341235
318	46	1	-2.74357274932461	1.66243842076851
319	47	2	-0.887031094632265	0.155615128123857
320	47	2	0.500389959093037	-2.60893734699363
321	47	2	0.936251825979907	0.334006526281444
322	47	2	0.126752274614381	-0.408970429602583
323	47	2	0.188206145841886	0.95920340194859
324	47	2	0.468499248623563	0.923429617286342
325	47	2	0.836481883988347	-0.406900308496494
326	47	2	1.64673407053506	0.574883708353621
327	48	2	-1.02870313899023	-1.17984269538571
328	48	2	-0.687716787493789	0.791710701240492
329	48	2	0.262775196906984	-1.42584424803762
330	48	2	-0.0191902446844354	-0.0372247739374583
331	48	2	0.13880355064538	-0.177757107113652
332	48	2	0.247590720103393	0.773874476133202
333	48	2	1.38538482336039	2.9355810426593
334	48	2	0.0447681556804852	0.139031226442162
335	48	2	1.45120344795649	0.187720947791874
336	48	2	0.745924787634233	-0.593925677222832
337	49	2	1.63659366153201	1.08897475590738
338	49	2	1.60602746833609	1.06819283636155
339	49	2	2.9486766659593	-1.74823158747232
340	49	2	4.15257709492382	-0.6224481640212
341	50	2	0.424574200124911	0.933500010224314
342	50	2	-1.53084036072766	1.16730936225427
343	50	2	0.893076523309434	-1.28110595979899
344	50	2	0.403329139280985	-1.16952489485878
345	50	2	0.451267907192575	-0.373755626636396
346	50	2	-0.136864459762389	-0.29468586288405
347	51	1	0.714029975465984	-1.39037269382861
348	51	1	0.0228807461762806	0.442827868138273
349	51	1	-1.0193045542911	-1.70523637490022
350	51	1	0.0161124165427319	0.735934408709178
351	51	1	-1.02301996962091	-0.587672994919255
352	51	1	0.536127990042277	0.825450552139262
353	51	1	0.213508825721275	0.947496022419035
354	51	1	-0.83325076596545	-0.226097794588401
355	52	1	-1.51987726330995	-0.592236529511047
356	52	1	0.206578850595363	0.336494745958141
357	52	1	-1.44122877424523	0.441819461209868
358	52	1	-1.37826198713759	-1.14196385174021
359	52	1	-1.34033713043513	-2.32467765974054
360	52	1	-0.601179930002663	-0.67207704477015
361	52	1	0.333306602427838	0.0734214395410032
362	52	1	-0.241041978402895	-0.132604614175152
363	52	1	-0.246988688999457	0.0247961141949893
364	52	1	0.735975627319527	0.771242040785716
365	53	2	0.564353697780205	0.885992049662612
366	53	2	2.29134922677533	-0.167664754325155
367	53	2	0.694039803032806	-0.642189160120324
368	53	2	0.991333565532788	-2.20767671526901
369	54	1	0.912226210606383	-0.508088623933431
370	54	1	-0.980144266556936	0.34652595469579
371	54	1	-0.405675961089349	-1.25504762121947
372	54	1	-1.35700154678642	1.16642238463382
373	54	1	-0.205840313787513	-1.74802069879518
374	54	1	1.34959418483757	-0.798685176026842
375	55	1	-2.90995303914137	2.10997840702342
376	55	1	-2.44015203458078	-1.26644910450811
377	55	1	-1.33714260627473	1.69613922083953
378	55	1	-2.95364346449017	0.837923921348713
379	55	1	-2.30611874716677	0.22406618483587
380	55	1	-2.98230293995446	1.02567968948162
381	55	1	-2.83238574599793	0.89812178633082
382	55	1	-3.1798657093608	0.449865494489212
383	56	1	-0.415553895392107	-1.19231435890744
384	56	1	-1.91079491928928	1.30184101425685
385	56	1	-1.03013950080365	0.296547796669308
386	56	1	-2.48540907626938	1.40147441168431
387	56	1	0.644115795001435	0.0425166049102487
388	56	1	0.489926872242221	-0.338423701234707
389	56	1	-0.429744148621212	1.25078570874295
390	56	1	-0.665503260261983	0.913577757841318
391	56	1	-0.407861358506389	-1.13516770916932
392	56	1	-0.425830805173691	0.938338358813909
393	57	2	1.29975476126783	0.745480013132804
394	57	2	1.9678955500939	0.0636084024855718
395	57	2	0.231161150818443	-0.358007054131357
396	57	2	2.13615194178978	1.0359711330698
397	58	1	0.733011796782275	0.967637892407353
398	58	1	-0.348262189580088	-0.0175561526574498
399	58	1	0.219110775069148	1.03901475843081
400	58	1	-1.52800303672677	0.494312884973395
401	58	1	-1.41612399920307	-0.272004173334655
402	58	1	-0.407624021458209	-0.863927671485789
403	59	2	1.30350343802955	-0.52732963670803
404	59	2	-0.169414129488165	0.422042464032867
405	59	2	2.3097617018342	-0.55026992336005
406	59	2	0.356108359543774	-0.456727421509551
407	59	2	1.30740827624736	0.813858356998425
408	59	2	0.743836857671903	0.0594983219301203
409	59	2	0.955428625897794	-0.624578393114359
410	59	2	0.543599526367333	0.118180981197244
411	60	1	-2.01964635206162	-2.19135106208098
412	60	1	-0.468727628132823	0.452727788379524
413	60	1	-1.52573060336062	0.192182221878592
414	60	1	-0.159983922118043	-1.12552161710129
415	60	1	0.404235163495959	-0.577204151826183
416	60	1	-0.868791773659258	-0.662595472718741
417	60	1	-1.17822591693646	-1.77982624636001
418	60	1	-0.93649591396466	0.510129320480344
419	60	1	-0.565462670703365	0.75235641053598
420	60	1	-0.350765855461048	-0.890070064948254
421	61	2	2.05122940089278	0.8970506114284
422	61	2	1.5117828058562	0.37585741837994
423	61	2	0.686359899361815	-0.248094517082411
424	61	2	0.827077514226139	-0.621675794598862
425	62	1	0.669773233867397	2.14160121737368
426	62	1	-0.183739074031048	0.30641668628149
427	62	1	-0.550724370734088	0.526640754064078
428	62	1	-0.300129456339717	2.41230804889095
429	62	1	0.670635997956533	-0.0200273527280972
430	62	1	-1.54866114314622	0.581067508629604
431	63	1	-0.420833585632512	3.52589072145426
432	63	1	-1.16229348076619	1.76624758502749
433	63	1	-2.89541986641607	-0.00801308795874278
434	63	1	-3.33497995402269	1.63877104588471
435	63	1	-1.62506091826159	0.83544470563474
436	63	1	-2.56451826188404	0.974347169681357
437	63	1	-1.46120457669866	1.1389143138491
438	63	1	-3.44541934664658	-0.369928017922063
439	64	1	-1.70378346954352	-2.27637604538177
440	64	1	-0.824408510163025	0.124809367603677
441	64	1	-1.13868822189854	-0.604255397206581
442	64	1	-1.12626411906746	1.06788927341305
443	64	1	-2.09368542318059	0.758553961321813
444	64	1	0.0414401599264921	-0.808333271105047
445	64	1	-0.399194688312748	-1.39976287783711
446	64	1	-0.336163823132594	0.694807510697799
447	64	1	-1.80698428453918	0.522348200668124
448	64	1	-0.221744095102025	-0.434697274296241
449	65	1	-1.29666963799183	0.476727065719478
450	65	1	-2.40342311177673	2.19789362500776
451	65	1	0.113659579780336	1.21036440377546
452	65	1	-1.99345354347621	1.45115672396394
453	66	1	-0.738260598497576	1.55233245723844
454	66	1	-0.884661263865926	0.629228168702843
455	66	1	-1.29723187037524	-1.2056605162616
456	66	1	0.0517601572291947	-1.78818777543739
457	66	1	0.641088090235334	0.78730432055346
458	66	1	-1.34224673780796	0.311681230882233
459	67	2	2.58111952169661	0.345869939156681
460	67	2	1.60466504388464	-0.747560942726548
461	67	2	0.213892813543105	-0.182665174583862
462	67	2	3.41615264523114	-0.427681468668317
463	67	2	3.1608326734999	-1.3219619782437
464	67	2	0.948678015057444	0.797243181291523
465	67	2	1.89531815595911	1.72583806330027
466	67	2	1.68483953334181	-1.01171458534832
467	68	1	0.668215323454944	1.73994164359214
468	68	1	-2.06473254920443	2.03740879907057
469	68	1	-2.04575468624389	2.13787850884728
470	68	1	-1.07815590168447	3.89352176396101
471	68	1	-0.63280992648455	2.589694002067
472	68	1	-1.57577511750338	1.95641058699664
473	68	1	-1.82982847021911	2.47648408186685
474	68	1	-2.59309073426075	2.70073420051855
475	68	1	-0.290675876220285	1.79392774473411
476	68	1	-0.702399226328879	1.66586406957166
477	69	2	1.7513672590123	-0.837767436633099
478	69	2	1.36773471555604	-2.12283256963022
479	69	2	1.75742788521132	-0.88635888143248
480	69	2	0.34429525733547	0.0514666045913955
481	70	2	0.449376720249626	0.832644948307424
482	70	2	0.502829171407543	-0.742145583242297
483	70	2	0.360299454535655	0.849562258591655
484	70	2	0.421181048012086	0.31702240374265
485	70	2	0.900909224157886	1.13220056231968
486	70	2	1.1663369191048	0.0870670785675195
487	71	1	-2.31090849724806	-2.04728726595537
488	71	1	-2.02513413195473	-2.333140314536
489	71	1	-2.53963386667334	-1.79731356197932
490	71	1	-2.45112648359073	-1.69115856693972
491	71	1	-1.02094419989203	-1.18282249566446
492	71	1	-1.6667699724943	-2.16198547876367
493	71	1	-0.702028743092199	-1.17602271106938
494	71	1	-2.03894365853909	-1.41031201243798
495	72	1	-1.81046767833365	-0.884835765674437
496	72	1	0.035311359869957	0.833087717622099
497	72	1	-3.92904488239126	-0.508864984460223
498	72	1	-2.25548470567454	-0.591188125083652
499	72	1	-1.67448460127701	-1.75265809080257
500	72	1	-1.64183578717094	-1.26403606618628
501	72	1	-3.32377434125281	-0.139682801771189
502	72	1	-2.98021467447867	-2.29379281059068
503	72	1	-1.87405229207405	-0.226288020265875
504	72	1	-0.977035935085971	-0.953739095288483
505	73	2	0.0757929241871986	1.55800899739674
506	73	2	1.15725203631158	-1.11293014627723
507	73	2	2.2546830041944	0.330106555165647
508	73	2	1.50903960884331	0.0867771139487715
509	74	1	-1.42287658047784	-0.167090780877702
510	74	1	-0.888362087188692	-1.15644388266939
511	74	1	-0.94475390828092	0.290841622049568
512	74	1	-1.3437886949332	-0.462372426311329
513	74	1	-1.36807575917514	0.304587368533136
514	74	1	-1.38687833803124	0.778028569329395
515	75	1	-0.223072096805778	0.293989116149081
516	75	1	-1.518878005785	0.481337586465255
517	75	1	-1.9555970797975	-0.185508843454256
518	75	1	-0.400941394854021	0.673103753550949
519	75	1	-0.548958363843666	-1.11139221453098
520	75	1	-1.60176373537664	0.425498613396102
521	75	1	-2.22103875341529	0.0125728835493628
522	75	1	-0.337034567798525	-2.14592578607835
523	76	2	2.35925062753231	0.880564692836972
524	76	2	0.027938159163599	0.284748532104525
525	76	2	1.5740870020445	0.706586082394252
526	76	2	2.6342333917937	1.64296991347689
527	76	2	0.303135392791744	0.65107000269465
528	76	2	0.57902853278182	0.407743040211296
529	76	2	0.827397474170176	-1.28849924319782
530	76	2	1.58910647839446	0.367779564932433
531	76	2	1.81994469169869	-1.49957908643828
532	76	2	0.656459642017964	-0.500794781962968
533	77	2	0.180240351104307	1.80258723085974
534	77	2	0.0989706525957214	-0.566393087376479
535	77	2	-0.232639207608162	0.698687604515801
536	77	2	0.0414050142657316	0.137545394850038
537	78	2	2.04888862557325	2.83512234771057
538	78	2	3.26947899360364	-0.864238163150898
539	78	2	1.45858580851452	-1.27045660144871
540	78	2	1.40048191784104	0.391554044807322
541	78	2	2.81696107013399	-1.3822712071221
542	78	2	3.08063362899036	1.58668676121131
543	79	2	0.0414493744261968	0.220629107783575
544	79	2	1.75798697062695	0.317815782320189
545	79	2	-0.641208603779394	0.688003348453931
546	79	2	-0.0424619139494328	0.249588196917484
547	79	2	0.762355104488263	2.07063623362431
548	79	2	2.51393617088958	0.159179716812829
549	79	2	0.919458720059653	0.724267644610799
550	79	2	1.35716493218165	0.940145642877882
551	80	1	0.209138573812282	0.300201257024301
552	80	1	-1.98008741169581	0.198214238397433
553	80	1	-1.53585201873276	-0.542769172881987
554	80	1	-1.02495692541795	0.708353136868019
555	80	1	0.508967195246364	0.0358514776225586
556	80	1	-0.863982194567873	0.129790525376501
557	80	1	-0.637054153823469	-0.461173661454969
558	80	1	-0.932019831202779	2.53230348477641
559	80	1	-1.94447331066414	-0.160293240538169
560	80	1	-2.7123611922148	0.0907569686953166
561	81	1	-1.3735731571761	2.22232838503765
562	81	1	-1.05000266812101	0.222678133188663
563	81	1	-2.4724030025016	-1.35564468704155
564	81	1	-1.70318904733144	1.96783471846203
565	82	1	-1.82002979700786	-0.30335200422485
566	82	1	-2.29602842952686	0.611407667162095
567	82	1	-1.37065239549444	-0.0413381297729728
568	82	1	-0.122324147274852	1.47899453018215
569	82	1	-0.102120309914305	-1.22170072181593
570	82	1	0.593645359409915	0.200065430918094
571	83	1	-1.56145964847129	1.24868408218179
572	83	1	-1.15738440946077	0.358534317701533
573	83	1	-0.666066959342689	-0.360868770641782
574	83	1	-0.855772296965677	0.615012749592422
575	83	1	-1.11246429305842	2.54615467248582
576	83	1	-0.347756306393013	0.989518690288497
577	83	1	-1.34442543804704	0.452214063128992
578	83	1	-1.21912555851574	2.41880538200092
579	84	1	-2.01100166574979	-0.725494118789072
580	84	1	-0.158233384093517	0.937171703427705
581	84	1	-0.621027588249484	1.72494461577385
582	84	1	-0.409304053059873	-0.7455179454547
583	84	1	-1.2340697364833	0.1888386650562
584	84	1	-0.999553503148659	-0.685050033362853
585	84	1	-2.11647930681554	-0.0805053792054004
586	84	1	-2.75523501864868	0.833815477730029
587	84	1	-1.33630868827995	0.273343906021004
588	84	1	-0.553142500776523	-2.17734071860314
589	85	2	1.00881886000831	-1.41053646200611
590	85	2	0.177655298999773	-1.04605846218932
591	85	2	1.47394471978814	-2.61206068984675
592	85	2	1.25732001385059	-3.49453137540212
593	86	1	-0.801481243813104	-0.674606866461765
594	86	1	-1.3685414764546	0.117995817897081
595	86	1	0.685679103477967	1.07423001958725
596	86	1	-0.167656043587049	-0.977590633148952
597	86	1	-0.0393338336433895	0.08563281975727
598	86	1	-2.00640920300669	1.89406582276448
599	87	2	1.61676836046357	0.327990829679416
600	87	2	1.12894356318671	0.337127118493754
601	87	2	1.68472886202541	0.42577871066173
602	87	2	2.49217052083185	-3.09402129002143
603	87	2	1.7998894983762	-1.50298493025824
604	87	2	1.49594879393607	-0.787221133491454
605	87	2	1.95375612080224	-0.508174377843671
606	87	2	1.39749008956759	-0.0162707888530629
607	88	2	-0.116280498567519	0.0824159498715298
608	88	2	0.762907673065354	-0.179728121670957
609	88	2	0.611129385674013	-2.3069039916311
610	88	2	1.2543151999218	-0.914324376288571
611	88	2	-0.99158409345765	-0.446632611220275
612	88	2	1.46919693451466	-1.77878092434072
613	88	2	0.60774060100597	1.58355266586632
614	88	2	0.934872857996864	-1.09631650480951
615	88	2	0.219644212264721	-0.920088045845644
616	88	2	1.70960510773631	-2.20082790201461
617	89	2	1.21412900132502	0.130042499754702
618	89	2	0.439275936832464	0.0793390649425221
619	89	2	0.559734492718092	0.0868679634313818
620	89	2	-0.848895014499044	-0.350549845836496
621	90	2	-0.44392212134962	-0.255534684723637
622	90	2	-0.564620113484085	-0.126482121187721
623	90	2	-0.233496369522528	-1.79335623060438
624	90	2	-0.789522779880555	-1.13700766709238
625	90	2	-0.0400506854616124	-1.06865465255402
626	90	2	-0.0128680186272556	1.44404160623233
627	91	2	1.46047176226119	-1.11806757122809
628	91	2	0.75259034317631	-1.37766403472206
629	91	2	1.36810511587806	0.43582482688839
630	91	2	1.37803771034997	-0.828949721035693
631	91	2	0.644350700907412	0.0524979260742502
632	91	2	0.575517538225397	-0.00543729649772617
633	91	2	0.877825252994973	-1.54436763742821
634	91	2	0.153579227032885	-1.1272265240721
635	92	2	0.415943804622358	-0.414627437821628
636	92	2	2.45239639190151	-0.944004713855638
637	92	2	0.568827244774175	-0.519177775257047
638	92	2	1.18792624976306	-2.4347648646015
639	92	2	1.99995983653641	0.114925061953962
640	92	2	1.49447638411212	-0.897586293992582
641	92	2	0.984798879903558	-2.03099796246269
642	92	2	2.28790516578604	1.08575158699816
643	92	2	0.507832093970721	-0.777523157784423
644	92	2	2.22121006073821	-1.82055687128113
645	93	1	-0.0923118406223807	1.67534912440923
646	93	1	1.56451985982997	0.100767309839918
647	93	1	0.4387743893513	-0.626366936941493
648	93	1	1.06896871406672	1.7452829731142
649	94	2	-0.166297273104417	0.766456426144499
650	94	2	-0.141862207669191	-1.4905544721576
651	94	2	0.777586586998081	-0.0799104746816116
652	94	2	-1.30915818471037	-0.505005927698494
653	94	2	0.46796487615376	0.122595147329093
654	94	2	0.323146443333824	-0.978465371304357
655	95	2	0.536425742548353	0.944301369106752
656	95	2	-0.424560818555523	-1.14391025895828
657	95	2	-0.0142888612732109	1.05889510276054
658	95	2	-1.10133222648924	-0.694039633418461
659	95	2	-0.567697768490232	0.932527864779359
660	95	2	-0.385485495291297	0.228930823152868
661	95	2	-1.43217191575196	-0.769245407169365
662	95	2	-1.70879260568318	0.884701907795674
663	96	1	-1.63695055283038	0.858096521704073
664	96	1	-2.18721895756457	0.387105140249551
665	96	1	-1.47481314149857	0.150488045792788
666	96	1	-1.23657691506618	-1.13669851846825
667	96	1	-0.8613471593735	-0.0684255800667765
668	96	1	-0.602590994549872	0.920125126669677
669	96	1	-0.169986637439268	0.378739231687568
670	96	1	-2.57209957438529	-0.932378066479615
671	96	1	-1.59901953686345	-0.653719376785055
672	96	1	-1.52331161413257	0.0769266608574145
673	97	2	-0.294750854059982	-0.274296259155508
674	97	2	0.406723141351317	-0.076638525880049
675	97	2	0.303913561741321	-2.29237851936286
676	97	2	0.667902366871405	0.151220478486305
677	98	2	0.702576205516486	1.59202224875715
678	98	2	0.812741754792661	0.38473291048616
679	98	2	1.12696352911391	0.643752803072646
680	98	2	0.897722543056619	0.898715022395724
681	98	2	1.47495109692293	0.91480615475118
682	98	2	0.556501351588754	0.592332241290764
683	99	2	1.54575892399944	0.208085028301821
684	99	2	1.04223349463817	-1.16672458998847
685	99	2	1.36056049112053	-0.0107337645531401
686	99	2	1.93448889955067	-2.2499477920154
687	99	2	1.2200928473777	-1.91804272491064
688	99	2	0.599849937420264	-1.51661254841366
689	99	2	1.43180508748717	-0.22704041411148
690	99	2	1.32043793446057	0.0911104302336949
691	100	1	0.127190365197178	-0.843213276230363
692	100	1	-2.19009922865718	-2.23623522844806
693	100	1	-1.14103440529651	0.114583233326372
694	100	1	-0.762975446874547	1.76806187331685
695	100	1	-0.489497934654872	-1.26749688498676
696	100	1	-0.0340258458532574	2.10147988493098
697	100	1	-0.713501595832192	-2.85160562277314
698	100	1	0.0256462973567603	1.81937192688107
699	100	1	-0.260892428557994	1.28423292745743
700	100	1	0.37599944162132	-0.166536762694954
701	101	1	-2.01607384319038	0.110245136897746
702	101	1	0.334738601694307	-0.749440940824443
703	101	1	-1.66595826195648	-0.400632867309758
704	101	1	-0.751375992041797	0.539458438460397
705	102	1	0.00125222110224232	0.337591206074756
706	102	1	-2.94307060944889	1.52036764869433
707	102	1	-0.343505607206912	2.08901123608223
708	102	1	0.827381195585706	1.94432649946715
709	102	1	-1.3206299954683	0.501508626565152
710	102	1	-1.1296017799429	2.00604339162096
711	103	1	-1.4570579004994	-0.139261559239952
712	103	1	-1.54550864858503	1.64752369415359
713	103	1	-0.293760747477119	0.27700278010028
714	103	1	-0.639393232046655	0.403098202514576
715	103	1	-0.0441278224151936	-0.360068403626111
716	103	1	-1.65216045021529	-1.53635473547748
717	103	1	-0.106272865036117	4.32165791813172
718	103	1	-0.503864564365155	0.664063698458138
719	104	1	-0.594560264583273	-0.748331230199916
720	104	1	-3.01496620456056	-1.01038037519044
721	104	1	-1.37185555243657	-1.38865131482916
722	104	1	-1.22703991438686	-1.54832230337341
723	104	1	-0.311324799181562	1.4442836176688
724	104	1	-0.95091451750135	1.0345545900106
725	104	1	-2.19757725633329	-2.82075000412837
726	104	1	-1.38300047444822	0.757231599605406
727	104	1	-1.32015287915963	1.36245689458205
728	104	1	-1.46186107155265	-0.304946175595639
729	105	1	0.85138571345144	-0.782838374711546
730	105	1	0.848205902567006	-1.48710236460241
731	105	1	-1.52443080746457	0.82864351066802
732	105	1	0.0993880981344959	-2.96159125372398
733	106	2	0.476628463173687	-0.0418671424014279
734	106	2	0.835671528986911	-1.74721923769954
735	106	2	1.79614080172338	-0.69208943670809
736	106	2	0.987651024265453	-2.17868760338216
737	106	2	1.10456596590104	1.68091373517098
738	106	2	2.61795220761056	-1.51006912854647
739	107	1	-2.15377028020832	-0.437771574340562
740	107	1	-1.02848116091109	-0.158772945682931
741	107	1	-1.16660684420877	1.45598329059266
742	107	1	-1.96775796925952	-1.50159455539874
743	107	1	-0.36143430290268	2.08270714348424
744	107	1	-0.339987252207314	0.713315361170415
745	107	1	-0.922901506271252	0.82773646973215
746	107	1	-1.27183251973717	2.005169152394
747	108	1	-0.179546120830579	1.27415395507877
748	108	1	-0.460736158445926	2.03089588213437
749	108	1	1.04387389178366	0.556617215622142
750	108	1	-0.0502502279943408	2.43415856866169
751	108	1	-0.0305047643118345	0.983174860761792
752	108	1	1.39307380950945	-0.288489735854737
753	108	1	-0.876548257280629	-0.625189814186171
754	108	1	1.03616112010907	0.232940773791135
755	108	1	-1.25990237902712	1.11072154022814
756	108	1	-0.705274839759505	-0.644827968756148
757	109	2	1.41525346405101	-1.05653672391755
758	109	2	0.67847796383314	0.0629473183272347
759	109	2	2.00005507354866	0.328804931412891
760	109	2	3.25706374475512	-0.309515876352118
761	110	2	1.62327724323232	-1.36067418505591
762	110	2	0.355546473365616	0.969346830197231
763	110	2	1.56828246217202	0.353099869496317
764	110	2	3.49308545595916	0.663095898862089
765	110	2	1.25950295710593	-0.517365456569806
766	110	2	2.40864829554685	1.16942906172875
767	111	1	-1.48846635048796	0.217930665119391
768	111	1	-1.96391808624068	0.57379496989898
769	111	1	-2.42290519607254	2.87868252269171
770	111	1	-2.19664254178281	1.78307818844471
771	111	1	-1.82726694440607	-0.213165785625323
772	111	1	-1.04472136054129	0.567261016963133
773	111	1	-0.490692485242619	-0.493655728709421
774	111	1	-0.111645880396278	-1.41369181929059
775	112	2	0.170319587446946	0.0917377258723722
776	112	2	-0.19186773205552	-0.774493987859447
777	112	2	0.785190269790953	0.191026993586295
778	112	2	-0.297598298469075	-1.52875497996362
779	112	2	1.9491879163355	0.233012956848292
780	112	2	1.71293427279662	-0.764389423402726
781	112	2	0.0667632703990471	0.0649114620836931
782	112	2	1.98243387053647	-1.31416364745963
783	112	2	-1.14054336215952	0.0735465709267309
784	112	2	-0.938087521241485	-0.484383043501296
785	113	2	-0.547795621436851	-1.53625334917867
786	113	2	0.335973517982168	-2.13800335707716
787	113	2	0.803688643693966	-2.46545327956994
788	113	2	-0.350123055406132	-0.330397637624636
789	114	1	-0.35178613803273	0.886927161866844
790	114	1	-0.0678891555389407	1.06663844024912
791	114	1	-0.302006822415401	1.43604825369122
792	114	1	0.207689115896553	2.31401612541039
793	114	1	-0.118728933836236	1.99982761951581
794	114	1	-0.837917654917793	-0.338635829737141
795	115	1	-0.648962913558766	0.0594894636319258
796	115	1	1.80700404168147	0.773518205610226
797	115	1	-1.28315693944748	0.667060341092514
798	115	1	-1.87989083897668	1.22952921106772
799	115	1	-1.57155437750136	-0.204543353967003
800	115	1	-0.28331488602702	1.72150791662083
801	115	1	-0.430960138643026	1.56498093227161
802	115	1	-1.55320182367073	0.923017526833164
803	116	1	-0.933192960301499	1.11495377766979
804	116	1	-0.627978023566664	0.681753256276111
805	116	1	0.735375220800393	0.113301693768046
806	116	1	0.40572097068998	0.259259002048587
807	116	1	-1.60878413370839	0.181126097717445
808	116	1	-1.24355620734346	1.45915172456594
809	116	1	1.01484872321446	1.05270445062852
810	116	1	0.144160042907832	-0.053308760444549
811	116	1	-1.29026116485723	1.57082808925135
812	116	1	-1.27692881257115	1.07025084870983
813	117	1	-0.846106542144851	0.713912480258699
814	117	1	-2.17716797772005	-0.540300817962824
815	117	1	-2.45577194135924	-0.372063832481763
816	117	1	-2.05291668426609	-1.47988535203139
817	118	1	0.671857521128799	1.47298026642317
818	118	1	-0.986398737193575	0.337660703596167
819	118	1	0.469673086421707	0.793434874703479
820	118	1	-0.0546773843514998	1.35451681553607
821	118	1	0.0786414478825304	0.3536502725087
822	118	1	-0.728803537287623	0.631507394781782
823	119	1	-0.90859031908685	2.11577076642659
824	119	1	0.543005778278716	3.58502604416373
825	119	1	-1.2560777474615	2.19190710421443
826	119	1	-1.38957334195604	1.62774712315378
827	119	1	0.228402029098802	3.57792376626135
828	119	1	0.146025443962475	1.98226634858377
829	119	1	-0.430653012145139	0.638930086800202
830	119	1	-3.55839709511213	1.71088051205474
831	120	2	2.00522608466609	-2.27336457368916
832	120	2	1.38962317346461	-0.974745116945424
833	120	2	0.0477148639811279	-0.886480052712721
834	120	2	0.216688395316297	-2.78877768886036
835	120	2	-0.886963245511135	0.279356107746656
836	120	2	0.530436991328303	-0.631348395129222
837	120	2	-0.204295307436312	-1.11971633325746
838	120	2	1.16174932752972	-1.56979000571562
839	120	2	0.825727151143207	-1.59377177715947
840	120	2	0.786546425618402	-1.9470807290409
841	121	1	-0.519958545600096	0.058557660466157
842	121	1	0.0610822784592797	-0.271048030844155
843	121	1	0.769447916544298	0.603677652789789
844	121	1	0.452094633484743	0.220959010355207
845	122	2	0.813231367267471	0.525960058375769
846	122	2	1.09249795232405	-1.08577055411053
847	122	2	0.697420079204782	-0.842080428534257
848	122	2	0.985043804131595	0.404685737410611
849	122	2	-1.10368750305497	-0.00905826819101652
850	122	2	-0.950046757552393	-0.0218258518072022
851	123	1	-1.06432979075611	2.75522069665207
852	123	1	-1.63296678175684	1.02796861120017
853	123	1	0.290950999818843	2.02162283650339
854	123	1	1.42529220583323	1.70110351811641
855	123	1	-0.996587100293152	0.305789931555848
856	123	1	0.10754555954615	0.566983924319275
857	123	1	0.403910325463097	2.47838211997625
858	123	1	-0.469904792685401	1.69654920745609
859	124	2	0.226539768708244	0.535240511159814
860	124	2	0.439845028887476	-0.0773441889998035
861	124	2	1.10858414852803	-0.87723870481219
862	124	2	-0.941607000231454	-0.0244444819830152
863	124	2	-1.08109363872223	0.257678702581334
864	124	2	0.600788851861695	-1.43786684807679
865	124	2	-1.11292076272589	-0.8379477419586
866	124	2	0.232572859069209	-0.328928973628334
867	124	2	0.0758685096629556	-0.217944652140872
868	124	2	-0.301395635722698	-0.499639880383941
869	125	2	1.73774133288441	-0.319584841792166
870	125	2	0.0605615355355889	-0.598575395419691
871	125	2	2.09457799792432	-0.350906100217297
872	125	2	1.92509622256657	1.1339330836327
873	126	2	0.484719874328922	-1.98615285091454
874	126	2	1.38991526778092	-4.04272533226652
875	126	2	1.33698328396287	0.073794944148772
876	126	2	1.62587693925031	0.502845792604101
877	126	2	2.75072561414698	-1.70339603352167
878	126	2	-0.8100556709856	-0.521267019944283
879	127	2	-0.0206502507464639	-1.9739976515399
880	127	2	-0.425143909152886	-0.270272978328959
881	127	2	-1.58325302345268	-1.15063735563974
882	127	2	-1.08400783985986	-0.934450152257163
883	127	2	0.171260938947464	-0.816218877972101
884	127	2	-0.785781765027729	-0.322512199157726
885	127	2	1.30359249209657	0.114471590417331
886	127	2	0.890299631772735	-1.06945685741758
887	128	2	0.686804231876458	-0.835945619366623
888	128	2	1.2560539312551	-1.54741035406159
889	128	2	1.42625503155333	-1.72452528141347
890	128	2	2.25043698335928	-0.0970465405705503
891	128	2	1.29397853254498	-1.64885083040485
892	128	2	1.9075908933645	-1.55397827450995
893	128	2	2.64633962627281	-0.413400653662807
894	128	2	1.45986432942882	-1.12707760430296
895	128	2	2.52101807913189	-0.165904968746708
896	128	2	3.19781650473024	0.0802108806377994
897	129	1	0.955016527164568	0.183760304121216
898	129	1	-1.18820710258929	2.12488899205211
899	129	1	-0.246690793628855	0.792738583949081
900	129	1	-0.675045245608292	1.47191789244616
901	130	2	1.45275631107444	-0.274668744013841
902	130	2	1.41989208992478	-2.25750655440256
903	130	2	1.29470612819158	-0.0748693485197044
904	130	2	-0.784999148126995	-0.0431269974036963
905	130	2	1.60978465025192	0.111808937259556
906	130	2	0.937432742665572	-2.0836353915922
907	131	2	2.43415662514952	-1.64234971621261
908	131	2	1.86618194550055	-1.19019658011941
909	131	2	3.73076409596745	-2.47943275866798
910	131	2	1.28412664526338	-0.0380635109186707
911	131	2	1.51805694872243	-2.23062707946315
912	131	2	1.47086658068928	-1.24879437121229
913	131	2	1.88048398032799	-2.66575804039578
914	131	2	-0.499019124084977	-0.303909027767072
915	132	2	1.7984601633213	-1.53503321775484
916	132	2	1.79754542843111	-1.87117114617477
917	132	2	0.828428731942897	0.0368879528523571
918	132	2	3.2711683067356	0.404836044535463
919	132	2	0.101902514488675	1.82350668363248
920	132	2	1.97403872406952	-1.13973283548809
921	132	2	1.89299624020074	0.207401871383843
922	132	2	0.942717462832434	-0.347578251753985
923	132	2	1.68868683055889	0.711032569570098
924	132	2	0.446852169287566	-0.239099703112669
925	133	1	-1.22621515028186	-0.280972615828342
926	133	1	-2.23971532628405	-0.698045041867751
927	133	1	-1.10383874125134	-0.421889721964258
928	133	1	-2.15919130554015	1.08172032463888
929	134	2	-0.0454897020943024	1.61790885616632
930	134	2	0.913659253913756	0.959442996738078
931	134	2	-0.150956317097565	0.870215418938253
932	134	2	1.0079890977452	0.281624722728926
933	134	2	1.31585903831438	0.479529709536169
934	134	2	1.77529918875716	-2.49633338590795
935	135	1	-0.959724048728556	-1.03583770456939
936	135	1	-1.84609356374415	0.516970775010812
937	135	1	-0.439420695787516	1.78632751836523
938	135	1	-0.997300210794638	1.30440041442428
939	135	1	-1.61643353404012	0.0358019368179965
940	135	1	-1.11235913902804	-0.863530170825635
941	135	1	-1.17917954535436	0.747609501296471
942	135	1	1.16659599484329	0.354408225021791
943	136	2	1.08688005638636	0.235144743349084
944	136	2	1.84351003047686	-2.75886741473379
945	136	2	2.33865860562591	-3.34652540528333
946	136	2	1.11020374757157	-1.07781967040436
947	136	2	1.81886365738789	1.30098595987025
948	136	2	0.741300473319082	0.113303392011272
949	136	2	1.21649551067776	-0.462017585137285
950	136	2	1.58060546206108	-0.450479812258056
951	136	2	1.75874166404887	-0.876526731206835
952	136	2	1.04558117267416	0.764582534922479
953	137	2	-1.97223771640227	-0.0877382524488028
954	137	2	-1.77498837455242	0.560750916093968
955	137	2	-0.222014463822923	1.27507208195119
956	137	2	-0.162466479222592	-0.884200538768737
957	138	2	-1.93757722700573	-0.802143791317725
958	138	2	1.51576766804224	1.49702907171847
959	138	2	0.886397827450813	-0.728648311494148
960	138	2	1.08268351423597	-0.536159475514563
961	138	2	0.508048299605237	-2.86125720168893
962	138	2	0.244914575113549	0.421782779333593
963	139	2	1.83605669820941	-2.0869135450205
964	139	2	1.48431521104653	-0.457662870527971
965	139	2	2.68941498129562	-0.212678161682621
966	139	2	0.737304831728964	-1.62141909646743
967	139	2	1.46845855637993	-0.943466361055175
968	139	2	1.64602768745378	-0.531255845340211
969	139	2	2.3227557540887	1.04696240864729
970	139	2	2.00842303072497	-0.967702646263343
971	140	1	-1.15763042787753	1.67569041191759
972	140	1	-3.63725884013241	1.36442655589054
973	140	1	-0.811969538152987	0.246453179234901
974	140	1	-2.07838044979357	-0.605021307520803
975	140	1	-2.52151608539815	0.0862602516453101
976	140	1	-1.3010303308302	-0.152200942964724
977	140	1	-1.6256635834096	0.920685044385773
978	140	1	-1.16255782392395	1.36300410254036
979	140	1	-1.18904823766031	1.30014598476815
980	140	1	-0.326209527442009	0.701068267436514
981	141	1	-0.972875124433231	0.203914284154807
982	141	1	-2.36604548683515	0.13723716922286
983	141	1	-2.72543284247951	-0.912810614640355
984	141	1	-0.120613419446754	2.57550465038208
985	142	1	-1.73059918507468	2.30811291845849
986	142	1	-1.60104867703628	2.23472479522909
987	142	1	-2.03361798686755	1.97487002884322
988	142	1	-2.10842109955864	0.423113290271858
989	142	1	-2.18808905708319	2.06498840649434
990	142	1	-0.927073594167848	2.42210313663893
991	143	2	0.370502591289876	0.834015517708884
992	143	2	2.49624906624831	-1.33865694523575
993	143	2	-0.109080813617673	-0.131092403374754
994	143	2	0.995323291309789	0.464041661389534
995	143	2	-0.72611412107616	-0.898362246894338
996	143	2	-0.739050066244176	-0.233426921274835
997	143	2	-0.658005643107743	-1.73102678366868
998	143	2	-0.263798267113695	-0.283669144806197
999	144	2	1.35661827858151	-1.48380239656354
1000	144	2	0.979592470834709	-1.96361422216061
1001	144	2	0.794715344239818	-1.76964616754708
1002	144	2	0.412426573314606	-2.22698514221683
1003	144	2	1.31706586560385	-1.23849927330631
1004	144	2	1.38742418626431	-0.654223742038767
1005	144	2	3.03346221914865	-0.651023564028127
1006	144	2	2.31352726697088	-1.54995736709572
1007	144	2	2.30649032211791	-0.582945202197884
1008	144	2	2.70437090398675	-0.403930434911056
1009	145	1	-0.480472406715819	-0.401655544110712
1010	145	1	-0.547554312875948	0.543997983506879
1011	145	1	-0.312333472230335	-2.7087046745226
1012	145	1	-0.980061828279715	-0.651097284780795
1013	146	2	1.46970955407848	-1.17608969011102
1014	146	2	1.26746742808338	-0.207954817266639
1015	146	2	-0.221444646693421	-1.78679665450607
1016	146	2	-0.251600097230713	0.0534320620701259
1017	146	2	1.84917903071382	-0.0397522108260114
1018	146	2	0.35530577143487	-0.18257408513569
1019	147	1	-2.73096251544294	-0.331927712456407
1020	147	1	-2.66301332108875	1.33052291354339
1021	147	1	-2.00074672876512	1.68944240162912
1022	147	1	-0.323117432361899	-1.12610253007641
1023	147	1	-2.91691562801339	0.998306692305524
1024	147	1	-0.344831462714287	1.06995133445235
1025	147	1	-1.69482968578923	0.276108280937669
1026	147	1	-2.54898032502896	0.389883922207203
1027	148	2	0.75708222064937	1.3596372845146
1028	148	2	0.867140627156013	-0.851595896118093
1029	148	2	-0.740878982482191	-0.426722865857223
1030	148	2	-0.667706168284714	-0.00782944918168238
1031	148	2	1.03568238253611	-0.332293211778561
1032	148	2	1.07519685481615	-0.537946565711534
1033	148	2	0.852339453587274	-0.171077655904369
1034	148	2	0.989806582619124	0.077110741847417
1035	148	2	0.687684990865509	-0.545858905687472
1036	148	2	0.520509613474498	-0.261243706012845
1037	149	2	-1.14835023421371	-0.314568131147358
1038	149	2	1.44375930378142	-0.235854497341684
1039	149	2	-0.0613333776939483	0.224302556031496
1040	149	2	0.142140961722784	-1.89590886501263
1041	150	1	1.44548577186964	1.99869347630334
1042	150	1	-0.000848745682054064	1.68103562585889
1043	150	1	0.761279883787601	-1.31388170073552
1044	150	1	-1.27165881763746	0.884867217963113
1045	150	1	-0.317118759808036	1.04652044540836
1046	150	1	0.264663018016531	0.307084734610778
