id	g	group_class	y1	y2
1	1	1	-0.0909712372413007	0.0388919027331228
2	1	1	-1.19428830166994	-1.67751118000557
3	1	1	-0.610451402493236	-0.791347556649172
4	1	1	-0.509385534178167	0.516589529290253
5	2	2	0.787762999978141	-1.37066957089352
6	2	2	1.30678164610892	-1.52388454246946
7	2	2	0.393493375543706	0.717277233873855
8	2	2	0.137688910347084	0.549291742620202
9	2	2	-0.847003179817373	-2.62611277161498
10	2	2	0.998302476573693	2.76271571262959
11	3	1	0.0319294654229469	-0.163714943338402
12	3	1	-1.19154642250913	-0.226938067433137
13	3	1	-0.45928305012949	-0.431115228912276
14	3	1	0.376809755571257	0.574759770505101
15	3	1	0.23274726013035	-0.963254919366634
16	3	1	0.378307819645258	-0.119743100093468
17	3	1	0.560269060967943	-0.141824067384771
18	3	1	0.388288271894498	-0.757950989003716
19	4	2	1.20853351677602	-0.388111041572963
20	4	2	2.39810652343362	3.51256395011661
21	4	2	1.11031949579767	-2.28317736173401
22	4	2	-0.0472808333811633	-0.42341629259928
23	4	2	-0.251767526626431	-1.51958159663428
24	4	2	-0.140381322536248	-1.59141017480149
25	4	2	-0.572542979479741	0.060058946880107
26	4	2	-1.10676745234878	-1.94995051450977
27	4	2	-1.3973942411887	-0.380775040564425
28	4	2	1.50582494342052	1.42026262056627
29	5	1	0.0249862093847838	-0.94852648105388
30	5	1	0.464600433348451	-1.6470973256397
31	5	1	0.820919869920146	-0.994793019418859
32	5	1	1.63504267968622	-1.76847989839164
33	6	1	0.146700876910102	0.331804398392061
34	6	1	-0.40469076323201	-2.1306121025002
35	6	1	-1.09394757537725	-0.791662198130842
36	6	1	0.375277218887009	-1.65260858786288
37	6	1	-0.51431317146117	-1.86658182989399
38	6	1	0.492598092287717	-0.163093087660396
39	7	1	-0.0516912079037939	-0.10500796190694
40	7	1	-0.241620017707067	-0.776691754298522
41	7	1	0.583604102437838	-1.25064182985579
42	7	1	-1.29556481287384	-2.08563528705899
43	7	1	0.0173147651282091	-1.95167860192789
44	7	1	-0.69681429409985	-0.610297933979339
45	7	1	-0.511037286164147	-1.52110839910813
46	7	1	1.14455393339938	-1.43602729105564
47	8	1	0.319936723516638	-0.632010623075316
48	8	1	0.380770938180984	0.0364425303861908
49	8	1	1.47013359740421	-0.71911219314193
50	8	1	0.618516446667061	-0.160058827409958
51	8	1	1.23372589443066	-1.13200117039784
52	8	1	1.26687410619952	-0.973982327806593
53	8	1	0.858924409577735	0.0509791413722265
54	8	1	0.933874756409261	-0.709061591962472
55	8	1	-0.225312552011542	-0.302205080405499
56	8	1	0.417795976842564	0.427281909425905
57	9	2	2.37330209205173	-0.95468725651097
58	9	2	2.63999806743635	-0.254366996178967
59	9	2	1.39721167523783	-2.24128768894589
60	9	2	2.01868246070423	-4.08673328782662
61	10	1	0.575609107188388	0.267866300609476
62	10	1	-0.383656337858339	0.0168680246775663
63	10	1	1.44256691088959	-0.363063163019402
64	10	1	0.0426028829952316	-1.50744140447698
65	10	1	0.797545876351039	-0.999307487437945
66	10	1	1.66095233419261	-1.24871384230152
67	11	1	1.27436975419097	-1.64954636444066
68	11	1	-0.786134327818524	-0.198611358830972
69	11	1	0.184859479953005	-0.98421967558697
70	11	1	1.24352776484238	-1.35960537995469
71	11	1	0.61657093967003	-1.37873643786425
72	11	1	0.837997587887183	-0.487259901138225
73	11	1	0.667562353207731	-0.710291238106667
74	11	1	0.00641119837049198	-1.23229967712962
75	12	1	-0.503189030954508	0.0454439527543392
76	12	1	-1.51289293922305	-0.99445792089708
77	12	1	-0.770840575403172	0.10249068711331
78	12	1	-1.78016509086773	0.0805574555073645
79	12	1	-1.91751077062039	-0.0239157167173761
80	12	1	-0.291841801150824	0.519839686859666
81	12	1	-2.13948421959473	-0.00740281227410874
82	12	1	-2.39870398877143	0.797733609614463
83	12	1	0.0514084893584815	1.28720843241233
84	12	1	-0.104554661496255	0.215476281906653
85	13	1	1.7961987943941	-1.81521984209803
86	13	1	1.8526961349417	-2.54816860916118
87	13	1	2.27000070120091	-0.83515622284492
88	13	1	0.911560813054968	-0.629278872399143
89	14	1	0.698346610242135	-0.0841282928435213
90	14	1	1.40960044450974	-0.812342442744044
91	14	1	0.880337386002226	-1.32129323358889
92	14	1	0.777124973223055	-0.961624116776815
93	14	1	1.39363185146068	-0.541074493105819
94	14	1	-0.481182051647343	-1.41548073059038
95	15	1	-0.578929595961072	0.554104485968673
96	15	1	-0.992531901210443	-1.23335067521479
97	15	1	-0.153495594996669	-1.45099111486773
98	15	1	-0.51316939136542	-1.32701290659561
99	15	1	-1.07053846345117	-0.851209421988045
100	15	1	-0.373041285525434	-1.18270622403092
101	15	1	0.267763932253083	-0.537599425340296
102	15	1	-0.568968253776806	-0.766861480304981
103	16	2	0.373485749121844	-1.6216057977569
104	16	2	-0.631759513569477	2.14215542547047
105	16	2	-1.39702047990358	0.110305674088957
106	16	2	-0.179334889022662	-0.114074653992886
107	16	2	-0.157235991692124	-0.287211898766781
108	16	2	0.709671666023124	-2.1322236906387
109	16	2	1.63536794705394	0.097450705517172
110	16	2	-0.6718368009102	0.695333383459936
111	16	2	1.59885321541304	-1.42562827633532
112	16	2	1.67491202918777	0.13873963869898
113	17	2	1.26462221720961	1.43867049096613
114	17	2	1.18861638569307	0.70927934741748
115	17	2	2.0875837222562	-0.595081457340507
116	17	2	0.997509788822707	-2.56429734894966
117	18	1	1.07238266625028	-1.12095610064092
118	18	1	1.28318208687926	-0.256638964675582
119	18	1	1.59379542621109	-1.34967289076686
120	18	1	0.420785505343569	-1.58837227629801
121	18	1	0.858255241693223	-0.769374597081522
122	18	1	0.63189329470427	-1.0787910586753
123	19	1	0.384400390452614	-0.451949592411075
124	19	1	0.984692823350401	-0.705702151327034
125	19	1	1.84027200258876	-0.911466640861786
126	19	1	0.64116253658583	0.328974282285376
127	19	1	1.85488124311586	-0.724225946570537
128	19	1	0.747546361655915	-0.684051207929502
129	19	1	1.7477910458659	-0.698490645907913
130	19	1	2.10207989075959	-0.237919306262549
131	20	1	1.7713064768407	-1.07065684048782
132	20	1	1.75420059099621	0.68426804483332
133	20	1	1.51983106948336	-0.646087538250504
134	20	1	1.66048405870201	0.870344331586962
135	20	1	1.63634056211388	-0.822385178982786
136	20	1	0.953575470489144	0.535437210574918
137	20	1	1.1762250535868	-0.942231487923261
138	20	1	2.32562756237877	-0.225643284852854
139	20	1	2.65140187608077	-0.952373981201642
140	20	1	1.24416503900518	-0.353081178517024
141	21	2	-0.198811897884095	-1.78666858316773
142	21	2	-0.429724647490801	0.467715892271837
143	21	2	1.83912036428277	0.394236637714273
144	21	2	-0.172106966874874	0.547764355977113
145	22	2	-0.773328068155616	-1.18199352655041
146	22	2	1.10818952348049	1.69848425008639
147	22	2	-0.342867810470377	0.523175430927313
148	22	2	1.90081782739675	-0.749137886074933
149	22	2	-0.815564071170937	-2.29108504766085
150	22	2	-0.272537067287851	-0.37791492416513
151	23	2	0.987137676888919	2.05098195549957
152	23	2	-0.0375023057369436	-1.39827673646019
153	23	2	-0.387063551878934	-0.895108595302798
154	23	2	0.300847764107163	1.10989868452922
155	23	2	0.561532596569916	0.7361335624063
156	23	2	0.540653272935266	-3.34195211888307
157	23	2	-1.51111285434358	-2.40579277416101
158	23	2	1.46690759177856	1.19073128065134
159	24	2	1.91672758526524	-1.88688424214694
160	24	2	-0.836412041547391	-0.258137501193946
161	24	2	0.767790118136385	-0.411822279884632
162	24	2	0.635201194290795	-1.74688386668249
163	24	2	-1.09070205421467	-0.496987236977471
164	24	2	-3.35033364971203	-0.402570907331777
165	24	2	-0.0678418519408739	-0.471980555061053
166	24	2	0.309069002406523	0.808892940407779
167	24	2	1.47718481098291	-2.09777364860777
168	24	2	-1.84170615668752	-1.35617362086436
169	25	2	2.4179130353897	-2.47979660523151
170	25	2	0.512149004862221	3.68342057213041
171	25	2	1.85560360913528	-0.376026985616043
172	25	2	0.456051129215982	-2.35982927254901
173	26	1	1.67176315945547	-0.570921809115486
174	26	1	2.0188692910033	-0.84169259147559
175	26	1	1.89726711847469	-0.61651452346877
176	26	1	2.84082419092374	-1.71928479432894
177	26	1	2.02354499554724	0.98720084713668
178	26	1	1.67088946946074	-0.175442251346293
179	27	2	-0.701927742652366	-0.539229873955272
180	27	2	-0.656426996005454	-1.76853668943865
181	27	2	-0.166351478867024	0.227667270114914
182	27	2	1.20364303326588	0.289705770228443
183	27	2	0.765149267219951	-2.90980058820387
184	27	2	0.172891900249554	-2.97264894556072
185	27	2	0.941716231613408	-1.48065642747221
186	27	2	-1.05632200985448	1.02117759273654
187	28	1	-0.141133674811656	-1.62433969263512
188	28	1	1.16749356794912	-0.907264666168888
189	28	1	1.20997627585649	-0.189476328595978
190	28	1	0.711927947165733	-1.76055616194044
191	28	1	1.33559033689909	-1.12666579619345
192	28	1	0.516363789606233	-0.117879159628041
193	28	1	1.16543267980504	-1.60708895692666
194	28	1	-0.731539288267882	-0.726223739958701
195	28	1	0.187295549359648	-0.203261434585796
196	28	1	0.461275118671177	0.299316883992992
197	29	2	-0.737950662995873	1.29426739788037
198	29	2	-0.186808529619537	-0.175771047334357
199	29	2	-1.32529312234574	-0.982496269736945
200	29	2	1.14941332318302	-0.718712727361532
201	30	1	0.770515781184017	-0.00785192307366311
202	30	1	1.55560538249713	0.48925788502368
203	30	1	1.7703661993735	0.109168467110782
204	30	1	1.68563204026302	-2.21536400751362
205	30	1	0.487443393061006	-1.05525525940685
206	30	1	0.518214762078465	-0.602838172227238
207	31	1	1.23670693115702	-0.264880937807431
208	31	1	0.182833784573324	-0.541041539979081
209	31	1	0.090992302024446	-0.518902140496009
210	31	1	-0.0825634886693338	0.189439262091845
211	31	1	1.10006951425883	-1.65383861620694
212	31	1	1.22015630508713	-0.463585169780873
213	31	1	-0.935259615205988	-0.456674554944123
214	31	1	1.56310072771614	-0.120762395433925
215	32	1	0.982236423116471	-2.04612560828429
216	32	1	0.604858076179805	-1.42916514960807
217	32	1	1.68992223152791	-1.71676248118232
218	32	1	1.83739826512932	-2.52816838600069
219	32	1	1.55355789412345	-1.19951331001232
220	32	1	1.98716634275992	-2.1867353067974
221	32	1	1.46683578619004	0.131401476362603
222	32	1	1.92886659818791	-1.16617690489381
223	32	1	-0.043169950866186	-1.60485489261569
224	32	1	2.54160701862336	-1.72337834652831
225	33	2	2.69500852950731	-2.96839119569081
226	33	2	1.15505660450936	-0.0656098796068888
227	33	2	-0.707113261578903	-1.68613011412605
228	33	2	-0.693341391084511	-1.60378464799581
229	34	1	0.316234674897071	0.290632852896008
230	34	1	-0.652116071011582	-0.910803611182118
231	34	1	1.01468014666876	-1.23070186339627
232	34	1	-1.16809587864658	1.61323681897829
233	34	1	0.834571719048569	-0.551065155927908
234	34	1	0.233657789436003	-0.88252578293854
235	35	2	2.46110313158921	2.31264607069408
236	35	2	1.18620345713982	-1.88940609441755
237	35	2	-1.53056960785286	0.11478887340748
238	35	2	1.61206528456205	-0.33235929392388
239	35	2	-0.203154346656076	-2.5332193575692
240	35	2	1.53955068740679	0.718633408325287
241	35	2	-2.80244980770746	0.228693278743396
242	35	2	0.955803521817387	0.620522404810997
243	36	1	1.80396422197451	-2.15018910894332
244	36	1	2.84547853843224	-2.70583081474648
245	36	1	0.797796898826309	-2.69241637563739
246	36	1	2.19370980008714	-1.75678795580585
247	36	1	1.66617460380066	-1.7669376248949
248	36	1	1.89434874309796	-2.55756452936215
249	36	1	2.77693906155364	-2.38405681727838
250	36	1	0.463177538901264	-2.09219984274936
251	36	1	1.00682159967558	-2.70723002526153
252	36	1	1.77829406935354	-1.29740036421338
253	37	2	-0.0848609721263196	-0.121584785025766
254	37	2	1.01455820034231	-0.388897387262276
255	37	2	2.29691763565673	0.506471596791487
256	37	2	-0.967884601815136	-1.75858907002293
257	38	1	1.69782439783062	-0.319527003225899
258	38	1	-0.694972617103373	-0.456273155252082
259	38	1	0.930501264334914	-1.84808488156378
260	38	1	0.14784844545336	-1.66675666629598
261	38	1	1.16737743841732	-2.23308005767709
262	38	1	-0.555607670405598	-0.268402173644968
263	39	1	1.59404522633288	-0.75330738752053
264	39	1	1.39276553054828	-0.421083347269485
265	39	1	1.97973378363631	-0.752059366407964
266	39	1	2.27377515012658	0.699011575765213
267	39	1	1.61139713176437	-0.966187159174151
268	39	1	1.8471660783693	-0.498175864260173
269	39	1	0.768767266725235	0.289222582603099
270	39	1	2.27782789428	-0.406554918391266
271	40	1	-0.926051509755663	-0.194900040577731
272	40	1	-0.417042461945645	-1.25445769979779
273	40	1	-2.02154660158809	-1.03773045881883
274	40	1	-0.654592814828955	-0.52855594397535
275	40	1	0.099721355796101	-1.36078268715797
276	40	1	-0.529675378265176	-1.48606473835305
277	40	1	-0.824597410435887	-0.591733803246675
278	40	1	-0.0655693952385422	-0.532284344211931
279	40	1	-1.68224780049929	-1.07451588804591
280	40	1	-1.04673562272902	-0.0381857042779299
281	41	1	-0.563945367234323	0.419988951694687
282	41	1	-0.681635417848636	1.09580785809169
283	41	1	0.128523914954536	0.0413026329582194
284	41	1	0.127183948579203	-0.757990860523229
285	42	2	3.18894509838808	-1.10829484623135
286	42	2	-0.476020178563791	-1.72563453943695
287	42	2	0.317237003394592	-2.64518665918474
288	42	2	1.6392768730748	-0.904585754792246
289	42	2	2.14659807288944	-2.1523098506134
290	42	2	0.38380773361777	-1.13894700950293
291	43	2	1.42252414282953	-0.412329161083325
292	43	2	0.485432198627885	-2.87404758709383
293	43	2	-0.951477309169477	0.115931723551628
294	43	2	-2.99928352895491	1.50668361506852
295	43	2	1.16600042674058	1.00389712419681
296	43	2	-0.121364862269686	1.39794362650669
297	43	2	0.677192735443299	1.94868146498831
298	43	2	0.905535689647639	-2.20789233389607
299	44	1	0.629689444795574	-0.365653425460259
300	44	1	0.571849764035429	-1.30404115112856
301	44	1	0.275440140059836	0.061356673049921
302	44	1	0.243300508848011	-1.43071069329527
303	44	1	0.907317887362181	-0.575739568762899
304	44	1	-0.367702886527486	-0.375308532134591
305	44	1	-0.283833613276247	-0.0135661108348092
306	44	1	-0.0882713482647772	-0.482323909622546
307	44	1	1.79869345875094	-2.17604122148272
308	44	1	0.29766348015203	0.270227806023766
309	45	2	1.2329877182522	2.03885733619786
310	45	2	2.04723124415247	-2.3914709381949
311	45	2	3.12308901285233	-0.436577333845452
312	45	2	-1.31213300873507	-2.62107490140457
313	46	1	2.06438250007294	-0.688705412486358
314	46	1	1.53466395901265	-0.510411220591636
315	46	1	1.19821810976684	-0.461934576211212
316	46	1	1.67550893576289	0.545218744243418
317	46	1	2.79247511083825	-0.473012226302452
318	46	1	2.89850097094058	-0.675607207453786
319	47	2	3.26255390860092	-1.10429225173593
320	47	2	1.75260947921645	-0.294925858658691
321	47	2	2.95851518113252	0.0371176354412979
322	47	2	1.61736238916695	-0.10346274632299
323	47	2	3.49958931066701	-0.12528656768014
324	47	2	-0.233882798688441	-0.274318696063679
325	47	2	-0.423313868234129	-0.286426379882985
326	47	2	1.47032212734284	0.0503239131161213
327	48	1	-0.0613369455366666	0.650285118529158
328	48	1	1.89687139619186	0.360099086307841
329	48	1	0.237202111156421	-0.466745663932249
330	48	1	-0.333789986416329	1.24843717102175
331	48	1	0.689664801044927	0.367263572654366
332	48	1	1.87263897795866	-0.835121673092858
333	48	1	-0.0686663249585291	-1.18578154756984
334	48	1	0.92037590092807	-0.290323539938074
335	48	1	0.408911864491032	-0.256341757755772
336	48	1	1.91209724171732	0.653882578118718
337	49	2	1.00611412286373	-1.41316993444542
338	49	2	-3.00635575639726	-1.73439178404394
339	49	2	-0.0318764774482303	-0.0276240646228837
340	49	2	0.469827692522471	1.08964320933333
341	50	1	1.31667854445785	-1.96451997713625
342	50	1	-0.101903688421499	-0.769051886902495
343	50	1	-0.524134107437252	-0.616834903429719
344	50	1	0.306076436494494	-0.405864131926902
345	50	1	0.241914737221827	-0.340011774254181
346	50	1	0.0548359083581972	-1.50241187758151
347	51	1	0.321213296495135	-2.36483136601029
348	51	1	-0.749795040676747	-0.184261555767355
349	51	1	0.91359682881802	-0.581749947529539
350	51	1	-0.842733591644444	-3.00610148656017
351	51	1	0.913162548673073	-1.18748033454714
352	51	1	0.698861347776013	0.134328989958555
353	51	1	-0.130095314606242	-1.56043367267899
354	51	1	1.28085419371657	-1.04341428230496
355	52	1	1.87311212919242	-1.60942283834811
356	52	1	0.311149551022057	-0.0473888514777065
357	52	1	0.639274000774533	-0.713664168879669
358	52	1	0.430036901572066	-0.718810826410843
359	52	1	0.486754421875738	-1.17463469799986
360	52	1	0.432609283877264	0.168274948246506
361	52	1	-0.0592040484052152	-0.699935918144609
362	52	1	-0.31192831674837	1.03608486925676
363	52	1	0.101421037729233	-0.201348090572835
364	52	1	0.586142626450277	-0.441052947721148
365	53	1	0.286917131275308	-1.28845314168637
366	53	1	0.366782689125943	-1.70648284708248
367	53	1	0.74579064311681	-0.237874702634876
368	53	1	1.12916108631529	-0.125610597390814
369	54	2	0.768108050016165	-0.955516535813162
370	54	2	0.547958321743424	-0.806161764005172
371	54	2	-1.08631694636991	0.964102330152878
372	54	2	3.19121093516373	-0.943158680727089
373	54	2	1.03453885649906	-3.30356480339234
374	54	2	-0.275746530313214	1.65417361443457
375	55	1	1.03211962366986	-2.41303874050966
376	55	1	0.735999855839448	-0.80261896748849
377	55	1	0.832819610337565	-1.17145649618707
378	55	1	2.37587019393838	-1.35706671125643
379	55	1	0.656240914972717	-2.70566176018974
380	55	1	1.78094575183941	-2.17942349087754
381	55	1	2.25955139517272	-0.587458049825167
382	55	1	0.179347095236814	-1.28236773085179
383	56	1	0.525084614968957	-3.17170301630447
384	56	1	-0.911911112420249	-2.78860421845811
385	56	1	-0.648080149791954	-2.51920474712253
386	56	1	0.5494418601835	-0.815106218201685
387	56	1	-0.248349279583884	-1.93831114057542
388	56	1	1.08615501312383	-0.0546319651676197
389	56	1	1.92194146279467	-0.220020870594317
390	56	1	-0.0147708406948076	-1.26636435348058
391	56	1	0.628381431757892	-1.72222443354785
392	56	1	1.03635988161699	-0.706203376963058
393	57	1	-0.278650018669182	-0.984038428211421
394	57	1	0.409238674345778	-1.12627454681859
395	57	1	0.108318516747913	0.166652214458619
396	57	1	-0.316930467628491	-1.30379378414731
397	58	2	-0.830521291705432	-0.565889441141785
398	58	2	1.30937702341395	0.529127188980509
399	58	2	-1.09645540589483	-0.3377700995645
400	58	2	-1.55245119456402	0.793574667780097
401	58	2	-3.21534056146184	-0.178444315430336
402	58	2	-1.15936949763966	0.319287150772362
403	59	1	1.52151468074112	-1.92991018312912
404	59	1	0.228346864836863	-1.34844393143943
405	59	1	1.01700521837726	-1.63752110159075
406	59	1	0.502996490837645	-0.858914815844636
407	59	1	1.71714687875998	-1.21048726928382
408	59	1	0.688736763358551	-0.490010557637625
409	59	1	1.04202344403461	-1.84691597305111
410	59	1	0.0964921162135516	-1.36781915621986
411	60	1	0.0430710026972513	-0.747417589397794
412	60	1	1.33367166374362	-1.63372057296042
413	60	1	0.401066546749064	-1.94875988275101
414	60	1	0.0266130193033373	0.721422815516903
415	60	1	0.902869771565019	-0.347332495487382
416	60	1	0.870655933210586	-1.23438486829654
417	60	1	1.91386549938427	-0.000788061528819828
418	60	1	1.57468205653808	-2.01920454701753
419	60	1	0.593127354226101	-0.948458785771022
420	60	1	0.969239206038681	-1.65877493748729
421	61	1	2.13714942218092	-0.217518993676988
422	61	1	1.30475293333218	-0.988659710908686
423	61	1	2.25860663272682	0.481708632692862
424	61	1	1.54123297679107	-1.02157154913983
425	62	1	0.446902958370001	0.888621723631973
426	62	1	0.253825266372886	0.901770510754354
427	62	1	0.0854976840121602	0.728731717967125
428	62	1	0.890330353615393	-1.04434472364887
429	62	1	0.861060477851191	0.00104150999899189
430	62	1	0.827356396215391	-0.102113384103853
431	63	2	-0.149141627977641	0.344409455332386
432	63	2	0.766957815190166	-1.77363743593739
433	63	2	-1.11311767664287	1.09375408587118
434	63	2	1.21152875361285	0.517688079719315
435	63	2	1.29714792754355	-1.61318175623333
436	63	2	-0.98825240066466	-0.273469754562065
437	63	2	0.491469952973636	-0.706009545126165
438	63	2	0.406263334892019	-1.67474975480546
439	64	1	-0.442343262647085	-0.738433248491363
440	64	1	-0.899203928593548	0.196704931611232
441	64	1	-0.0946830179231971	0.699323113576386
442	64	1	-0.0191794844287157	0.0612898668631099
443	64	1	0.187921245650258	-0.0418016978708819
444	64	1	0.219094057241017	-1.12120518905471
445	64	1	-0.805187125178595	0.435632382188242
446	64	1	0.0433102806874827	0.516957273869958
447	64	1	0.717118724790012	0.424817247769864
448	64	1	-0.586234162827613	0.758129745616369
449	65	1	0.591554834824932	-0.159840396519918
450	65	1	1.11566723853084	0.327831541679191
451	65	1	1.8983313660849	-0.609451558441976
452	65	1	0.918384956227036	0.168866293566341
453	66	2	-3.40911068016132	1.07066653811292
454	66	2	-0.509761348650814	-2.74787189252276
455	66	2	-2.55547352504913	-1.31815121780763
456	66	2	2.14528733267379	1.00648775274103
457	66	2	-1.09816869930597	-2.37977189048607
458	66	2	-0.712391026828524	1.64022072169297
459	67	1	-0.237140802149897	0.399658758351692
460	67	1	-1.06068624773436	0.44554512936131
461	67	1	0.284715572622024	-0.220975293598588
462	67	1	-0.371329126300207	0.339624914600357
463	67	1	-0.690843409280142	-0.202134315756691
464	67	1	-0.738239934679198	0.0596815477915849
465	67	1	-0.961053658323598	-0.699734976366929
466	67	1	-0.146089510785162	-0.524560237280964
467	68	1	0.655103225972266	0.188874998055028
468	68	1	1.41022465574356	0.160690008555243
469	68	1	-0.0183763678892463	-1.39151375461152
470	68	1	0.813083173321101	-0.220490161777202
471	68	1	0.259319487837769	-0.428971163122835
472	68	1	0.607976680584744	0.460759117021778
473	68	1	0.241975473405697	-1.15103841734129
474	68	1	0.297169158127914	0.156532472359135
475	68	1	1.19176243279824	-1.29301156800692
476	68	1	-0.611774435112688	-0.347854228181027
477	69	2	0.774156589722892	-1.77493005095183
478	69	2	3.39986059475197	-1.17012676618467
479	69	2	1.22446118092138	-1.53190633990396
480	69	2	0.444297042252572	-0.941559225953617
481	70	2	0.26206056500599	1.64806540126246
482	70	2	0.537086567051631	0.0547728315214168
483	70	2	1.63713131969957	-0.938181607810988
484	70	2	0.544366315123841	-0.822599312191725
485	70	2	2.70013751292388	-0.731532190434357
486	70	2	0.0827998501357005	-0.250601457632132
487	71	1	0.827661270852408	0.381761856908228
488	71	1	1.13444948759481	1.96148562920691
489	71	1	1.20521787559173	0.671989869313964
490	71	1	0.177252530450454	0.603803456476096
491	71	1	1.83351587719515	-0.141922463094916
492	71	1	1.97414909656859	-0.190067658460521
493	71	1	1.21001087458939	-0.954409485062843
494	71	1	1.65923143034031	0.0754887122799824
495	72	1	0.150816485277815	-0.320719221470209
496	72	1	0.771474479923091	0.200572527899142
497	72	1	2.48969830720783	-0.661004055827484
498	72	1	0.959022823448291	-0.578566210068144
499	72	1	0.988470094362849	-0.658371237356908
500	72	1	0.588197123252376	-0.152483494627409
501	72	1	1.25536571491114	-0.695445163920663
502	72	1	0.605704521064307	-0.295660943137271
503	72	1	0.74484828926682	0.204613159900496
504	72	1	1.5274439148459	-1.06442663444674
505	73	2	1.23665774176251	-1.54050805086126
506	73	2	-2.10611629267103	-2.39067166941072
507	73	2	0.412097396765948	0.0501929624237368
508	73	2	2.10217386860731	-1.95357872807081
509	74	2	-0.118430583930445	-0.0408134852015907
510	74	2	-1.12773807473415	-0.608663128412345
511	74	2	1.02593703393083	-2.86008929844445
512	74	2	2.33074117802498	-1.00988667329795
513	74	2	1.1451796062525	-1.79787471251228
514	74	2	0.271800344224877	-1.83455953367046
515	75	2	2.21750121326492	-2.28652227530934
516	75	2	2.06275707644318	-0.922513486372425
517	75	2	-0.0711081308209192	-1.62715630628182
518	75	2	-1.58327326836742	0.517619382206018
519	75	2	2.39311608793569	1.77668332160972
520	75	2	-0.084712824580961	0.437366404299243
521	75	2	-0.25153337826063	0.676944221517373
522	75	2	1.75926034203179	-1.76915849798425
523	76	2	-1.25765634847249	-1.54604557941698
524	76	2	-0.529601953446253	-0.0768406119993922
525	76	2	1.70712269736599	-1.81528057182248
526	76	2	0.544611867008495	0.4374547205195
527	76	2	-0.930274023311528	1.32139642876014
528	76	2	-0.161416302111737	-0.00639742617202477
529	76	2	-1.50774794082146	-0.176432179899382
530	76	2	-1.13122497459482	-0.0741415383552451
531	76	2	-0.0210226492234755	-0.941874392159064
532	76	2	-1.12632880453339	-0.275974999483866
533	77	2	-3.13117872012513	-1.94080927675294
534	77	2	0.504919656558017	-2.82633150599633
535	77	2	0.67853720573355	-0.683843860915476
536	77	2	-0.498746266651306	-1.75055829620196
537	78	2	1.75481404854317	-0.632418993313739
538	78	2	-0.339567821277584	-1.90072747728893
539	78	2	0.650914351355275	-1.57602347561506
540	78	2	0.137042403612387	-1.20176678871041
541	78	2	-1.24113355594407	-1.47880322962371
542	78	2	1.26924434052807	-1.16864195746239
543	79	2	-1.63965159218461	-0.740964478475403
544	79	2	-1.28547899796253	-0.849929960202351
545	79	2	-0.4861641218278	0.726674268438049
546	79	2	0.771830327222292	0.95910409884241
547	79	2	-1.2600336140835	0.323013861141158
548	79	2	-0.471969944736871	0.657090379172407
549	79	2	-0.389533115150052	0.456367040004136
550	79	2	-1.05185674137025	-0.120172790569685
551	80	2	1.23915766800261	-1.36229386012955
552	80	2	0.892375238861183	1.93982458422781
553	80	2	1.74504106005724	1.38331475982744
554	80	2	0.850920859772117	-0.347893777032277
555	80	2	2.82706577141133	0.543314981452558
556	80	2	0.431080368515566	-0.637609760882998
557	80	2	0.959197894552354	-0.796198104388464
558	80	2	2.58033808812694	-1.42593677263307
559	80	2	3.29495399579107	-0.323120349039464
560	80	2	0.211886017526555	-2.18683962955376
561	81	1	-0.607230955627376	-1.18716978250812
562	81	1	1.10536432629351	-0.210242371332139
563	81	1	-0.58917145313122	-0.75344878843572
564	81	1	-0.811901340732101	-0.838174269499811
565	82	1	0.949238187805395	-2.15381467047128
566	82	1	0.415586307642976	-0.659214258539238
567	82	1	0.219122652242421	-2.5454359266351
568	82	1	1.76588544019897	-0.672590121436483
569	82	1	0.639811853137223	-1.47202971571141
570	82	1	0.646546708791003	-1.85715183557454
571	83	2	-1.02797307724137	-0.039894478350277
572	83	2	1.13350760209439	-0.973424577763029
573	83	2	-0.360767040198028	0.430422565607112
574	83	2	0.14133446845208	-2.76485356939074
575	83	2	1.23715891282006	0.23317891481504
576	83	2	0.18219326885167	-0.320510476726478
577	83	2	0.162076443341911	0.648354352176188
578	83	2	1.31958797227529	-1.21958379830228
579	84	1	-1.13241740555309	0.37318780995072
580	84	1	0.600844660704885	0.513264371780016
581	84	1	-0.612763138823232	-0.39351132399002
582	84	1	0.139003794732654	-0.217844860117128
583	84	1	0.822463505577607	-1.07085075678074
584	84	1	0.11980194285107	-1.97551133077949
585	84	1	-1.14337787335152	-1.48553194115776
586	84	1	-0.144377999518414	-0.946709861862593
587	84	1	-0.99856427092942	-0.100777855574425
588	84	1	-1.66453689160057	-0.982430120758814
589	85	1	1.94976266447287	-1.50438120417129
590	85	1	2.31544810798075	-2.1508943420611
591	85	1	1.3469610761716	-0.191804667380572
592	85	1	1.13579961369752	-0.287549352107592
593	86	2	1.66355884483935	-3.50412122226747
594	86	2	3.17034049986028	0.0191433475153087
595	86	2	2.60622914845991	-4.25195464661274
596	86	2	2.30668379051482	-1.30108944319299
597	86	2	0.367521985137106	0.811078961334117
598	86	2	1.87900798447749	-1.77581080246108
599	87	2	2.66930363057994	-2.48897993864113
600	87	2	0.0442480851547896	-1.77109202020049
601	87	2	-0.404130200806241	0.196204558141801
602	87	2	-1.53042191133991	-2.57937374945249
603	87	2	-0.0363465335974383	-2.08129088925986
604	87	2	-0.19988549046297	1.68211178269233
605	87	2	-2.28352732330358	1.99584369920699
606	87	2	-0.385768320986655	-0.596925303382644
607	88	2	1.2795732253794	0.895470918421587
608	88	2	-0.0991536040245045	-2.64275839872268
609	88	2	0.45393240582378	-2.24135830960848
610	88	2	0.996300743405675	0.394887185592322
611	88	2	2.16776254051742	0.807488434734
612	88	2	1.67457083825368	1.73803907814007
613	88	2	-0.381517643284642	0.581221082497831
614	88	2	1.07386891680972	-2.94166517885792
615	88	2	2.56254698380022	-0.185200430965056
616	88	2	0.851159499294683	-1.70849871510144
617	89	1	0.0827601470006219	-2.7184030404368
618	89	1	-0.309643716189262	-2.87421639787572
619	89	1	-0.364177490516972	0.991986641796151
620	89	1	0.517060343329878	-1.17940698174014
621	90	1	0.247048943290119	-1.1891986488042
622	90	1	0.516355920572286	-0.405685982151252
623	90	1	-0.580876362228341	0.0993965281906751
624	90	1	0.876968338300326	-0.170060884963807
625	90	1	-0.944120974509869	0.107959893187333
626	90	1	-0.432163326031047	-0.19506836358007
627	91	1	0.207921880486552	-2.47965311499804
628	91	1	0.799940669175207	-1.65472605566599
629	91	1	0.0544670027688504	-0.734119477540492
630	91	1	0.0977810288514487	-1.00774839398924
631	91	1	0.0528806625041809	-0.745627235591102
632	91	1	1.56291314372073	-1.88489958063003
633	91	1	0.492416053240176	0.164997739437971
634	91	1	0.0701303810426593	-0.0364879416419805
635	92	1	0.268283532903618	-0.862882295020961
636	92	1	-1.09221357530072	-0.503606543744033
637	92	1	-1.00444154935031	-0.457765366933009
638	92	1	-0.324235965844062	0.0734998201834303
639	92	1	-0.0810570165459724	0.38556305230341
640	92	1	0.306118618869122	-0.568556986819958
641	92	1	0.30512599314881	0.245470630026413
642	92	1	-0.0965910624050993	-0.324370588738466
643	92	1	-0.107187274733882	0.0957650662591326
644	92	1	0.270325490164583	-1.66567608187908
645	93	1	1.55022605879132	-0.343464340633123
646	93	1	2.93980790308968	0.0942432054727408
647	93	1	1.72523464969424	1.34318212102382
648	93	1	-0.057848670213748	0.597022178142082
649	94	2	1.0684805793887	1.54774894790955
650	94	2	1.87627516626111	-2.84535370596181
651	94	2	0.334371246238883	1.13938419514753
652	94	2	-1.28689174685145	-2.29096977080203
653	94	2	1.67242939556655	-3.50629937789559
654	94	2	0.135127518840433	-2.93631012572063
655	95	2	-1.11727937631676	0.088571731555459
656	95	2	-3.07595687452509	0.7765569619092
657	95	2	-0.259415792454762	0.365720830165885
658	95	2	0.899176095915275	0.899313067476797
659	95	2	-0.408775022229582	2.54610484805157
660	95	2	0.301395806304107	-0.996769441217984
661	95	2	-0.55054616156264	-0.107083986912385
662	95	2	0.265961944563883	0.336109667391984
663	96	2	2.14479386868495	0.829370342408051
664	96	2	2.34170895969513	-2.35144283829224
665	96	2	-0.128512575816708	-1.98848019402059
666	96	2	3.39261284498627	0.968822714651514
667	96	2	1.86335302981232	-1.31912258623796
668	96	2	2.74042421224074	-0.564408329770352
669	96	2	2.45865574360065	-0.914910125173056
670	96	2	3.47641178091368	1.18910995023261
671	96	2	2.06685196776529	-2.87312168390654
672	96	2	2.50031128908217	-0.436093111578191
673	97	1	0.211403624153618	-1.3311102702136
674	97	1	-1.37204854588135	0.709976714049963
675	97	1	0.131018120270712	-0.889910440990302
676	97	1	0.0206495313020307	-1.64612983475245
677	98	2	1.92450045397804	0.186870920139566
678	98	2	-1.65260441841109	1.47170473865075
679	98	2	-0.423153174436127	-5.0950177694906
680	98	2	-1.81446446559609	-1.55805720917767
681	98	2	1.57615897767881	0.407956178583282
682	98	2	-0.384219676342828	1.19835073352594
683	99	1	0.358259940082833	0.011678237182555
684	99	1	-0.0323451797446164	-0.155644571086363
685	99	1	-0.83126705385339	-0.450712017889834
686	99	1	0.902738124777961	-0.591654992177863
687	99	1	0.0639170353958413	-0.778637536554951
688	99	1	1.15460894766845	0.307976053606738
689	99	1	0.843990428681317	-0.553503388138375
690	99	1	-1.12270939421525	-0.6767547527991
691	100	2	-1.21543040557391	-0.078945615648916
692	100	2	1.67164366577208	-0.00275226526080885
693	100	2	-0.272818433340092	0.445212849523971
694	100	2	-2.11411122899298	-0.755917439554048
695	100	2	0.642459950406084	-0.086265206189973
696	100	2	-1.17728535758638	1.1724374429953
697	100	2	-2.99018300203781	-3.56292841716855
698	100	2	0.387859367100018	1.1864624357538
699	100	2	-0.751846219515536	-0.849035812471515
700	100	2	-2.8071618662565	1.10702827193637
701	101	1	0.361901074577245	0.638436957155695
702	101	1	0.840376808494737	-0.366020378643904
703	101	1	0.952654800915698	0.626322501466126
704	101	1	0.833307305578957	-1.47865419030786
705	102	2	-0.800548830694788	-0.425721985538421
706	102	2	2.44620703588758	0.873258219617796
707	102	2	-0.0623095149444519	1.23880174703436
708	102	2	-0.285361470958601	-1.81912564422624
709	102	2	1.30039713885019	-1.14629310102832
710	102	2	1.5975424583028	-2.16400303783589
711	103	2	1.61372420119971	-0.788895885721335
712	103	2	2.40633734853257	0.860883164260577
713	103	2	1.89947422980463	0.33492013183483
714	103	2	2.33754182808184	-0.416487518049904
715	103	2	1.55199428527433	-0.513341025438449
716	103	2	0.114680561416619	1.12075063414263
717	103	2	-0.260517098907791	0.635015174691425
718	103	2	-0.190322241706918	1.32026267174916
719	104	2	0.551963632320937	1.92719281308849
720	104	2	-1.9909524012272	-1.58340168761442
721	104	2	-2.41694129791878	1.63683190797478
722	104	2	0.932716143477985	-0.738080560761266
723	104	2	-0.348233934408887	-1.50252210766085
724	104	2	-1.67120620734267	2.12029564407179
725	104	2	1.07715451717714	-1.52834918013369
726	104	2	0.745019191078905	-0.983685962396987
727	104	2	1.09096761328109	0.774096612030968
728	104	2	-0.569648716384991	0.73627057890753
729	105	1	-0.271610372585078	0.280424514704153
730	105	1	-0.336645330178305	0.205497534983285
731	105	1	0.35403203234077	-0.220495207614006
732	105	1	0.39814489418329	-1.97843709991671
733	106	1	-0.0931396141429818	-0.852284316426498
734	106	1	0.324758918645943	-0.171204823329341
735	106	1	1.24721137495587	-0.580780489404874
736	106	1	-0.0743187254697166	0.453775085278408
737	106	1	-1.1988609244419	-0.398776681960978
738	106	1	0.376734920545859	-0.850303048551423
739	107	2	2.05724747622889	-0.926128862974618
740	107	2	-2.41503858913414	0.177012431941955
741	107	2	0.66399147897932	0.419660179912742
742	107	2	1.13806736767665	-1.73548950690427
743	107	2	2.78610470714548	-2.3687455266707
744	107	2	-1.61572709837987	-3.20365312800946
745	107	2	0.222129577447798	0.735408385237036
746	107	2	-0.323959202746635	-0.061556128671108
747	108	1	0.648654374442057	0.0798633204872141
748	108	1	-0.131652911674047	-1.46940360354622
749	108	1	-0.27816045632391	-0.323693732764185
750	108	1	-0.175249025332455	-2.10252824979357
751	108	1	-0.02416333303367	-0.654305845503613
752	108	1	-0.0562539725670315	-1.96203107875584
753	108	1	1.17383258350073	-1.65869989460255
754	108	1	0.312620510562372	-2.01686102820762
755	108	1	0.518457051031919	-0.686011542765898
756	108	1	-0.502383616546723	-1.73428611284458
757	109	2	2.24877217921208	-3.46275993641081
758	109	2	1.52395451150962	0.570876101203998
759	109	2	-0.236646438993514	-1.95483067223643
760	109	2	3.10691730958162	-2.60157259865274
761	110	1	-0.639742988702842	0.637217023629705
762	110	1	-0.115951816056434	-0.185986625692287
763	110	1	1.13403096024511	0.31916000358303
764	110	1	0.138155124549104	-1.07237807683585
765	110	1	-0.0587142037256271	1.00555746952981
766	110	1	0.050980471492928	0.344567349347818
767	111	2	1.07055084238745	2.07746717389083
768	111	2	1.39511446312758	-0.984840582670143
769	111	2	3.61665443693227	1.10586509905064
770	111	2	0.503278857859557	-0.292547960525755
771	111	2	-0.268542239230575	-0.325238137885855
772	111	2	1.66646891787539	-0.603801053219303
773	111	2	0.597600079743548	1.66431834533884
774	111	2	0.423447887335099	0.423095651142337
775	112	1	0.985191275737279	-0.471529774700282
776	112	1	1.82671280956346	1.07524222358993
777	112	1	-0.580655280311887	0.679801096605054
778	112	1	0.4855979984031	1.36124149739164
779	112	1	1.80910672106273	-0.263373340845669
780	112	1	1.87009093557508	-1.31451273099942
781	112	1	0.155914980687082	-1.4044381449125
782	112	1	1.96250231513753	-0.582805402510102
783	112	1	1.5302109974859	-1.95961059521444
784	112	1	0.954476458415313	1.10727785815547
785	113	1	0.37503047064985	-1.1625463193082
786	113	1	0.690280499100496	-0.930331482367218
787	113	1	1.0425965135026	-1.44157120574466
788	113	1	1.01641505752644	-1.02576990257857
789	114	1	0.52444454428869	0.979931098505617
790	114	1	-0.102788065633958	0.520119558064209
791	114	1	0.239314460945803	1.58859445323645
792	114	1	0.375757501162993	0.215284735453394
793	114	1	0.180453738157583	1.29140826624629
794	114	1	-0.0879668953366874	0.551185025569566
795	115	2	1.8450608277105	-2.43998116646384
796	115	2	0.240289370835023	-0.796491535548719
797	115	2	0.518504943115131	-0.582144891185087
798	115	2	0.624250934276751	2.49030404219178
799	115	2	-1.2801324042669	-1.07385232352758
800	115	2	1.57155662437615	-3.62720762861507
801	115	2	-0.748470840464156	-1.9455567127634
802	115	2	-0.479397997400003	-3.03530059017015
803	116	1	1.49316325075362	-0.706772463510659
804	116	1	0.628184674550026	-2.23170708371936
805	116	1	1.06511432254949	-0.300245152075065
806	116	1	2.36794485923283	-2.02822385911092
807	116	1	0.488389346413166	-2.69603794551902
808	116	1	1.68924447507155	-1.2664853898938
809	116	1	1.3832823908512	-1.73578741617955
810	116	1	0.858439230569103	-2.00801330819168
811	116	1	1.39296266096493	-1.00198726673875
812	116	1	1.25160628396145	-1.90113057896728
813	117	2	1.54260257237481	0.040479192101164
814	117	2	-0.369541686212155	2.02527121747832
815	117	2	3.21173591870742	-0.619509753719663
816	117	2	0.27325449474126	-1.05355686679419
817	118	1	-0.307489343151538	-1.73846449858809
818	118	1	-1.65261165579874	-1.70087425395697
819	118	1	0.227209033575179	-1.91444746565891
820	118	1	-0.359238101818143	-1.67416808447352
821	118	1	-0.991823907546678	-2.08062816592688
822	118	1	-0.50010726189734	-1.03512693134722
823	119	1	0.723230931027968	-0.147603251051455
824	119	1	-0.478598290912149	0.576491136947224
825	119	1	0.953762224755114	0.0309077759167653
826	119	1	1.20133688902768	0.436756151257694
827	119	1	0.719521961834787	-0.26635085903019
828	119	1	1.72774996544651	-0.397495223110609
829	119	1	1.1803127430209	0.606640266818843
830	119	1	1.5643926334715	-1.21350069329084
831	120	2	0.577638004199211	-0.643511326774057
832	120	2	-0.103337995200151	-1.44430195715484
833	120	2	0.31747384092386	-1.69573422657466
834	120	2	0.632609246491494	0.378553481857783
835	120	2	0.392862342690438	-1.64907155815265
836	120	2	2.08309687026839	0.519351587614485
837	120	2	1.05563610354163	0.491014130310607
838	120	2	-0.5665688217526	-2.87498860061926
839	120	2	-1.22043628516937	0.902469231175237
840	120	2	-0.443342425307799	-0.625018844163777
841	121	1	0.853367251003974	-2.16127415389913
842	121	1	2.05150049640125	-0.702947367380391
843	121	1	1.0000324106689	-1.51356353497754
844	121	1	0.393633686508102	-0.476091153078329
845	122	2	1.02800849741756	0.638012363560562
846	122	2	-1.66071064737399	-1.7220243083388
847	122	2	-0.234407949542911	-2.06512108889755
848	122	2	-1.64553193107602	1.68049607611429
849	122	2	-2.09767540147093	-1.96728561003312
850	122	2	0.124028335505237	-1.87775290404349
851	123	2	-2.15390710525567	-3.56733749842143
852	123	2	4.49888681894991	-1.24140693170267
853	123	2	-0.109801238381426	0.781709050481638
854	123	2	-0.368828889697528	-1.61314031143162
855	123	2	0.670300979106465	-1.30512623524289
856	123	2	1.21044145461481	1.28158854165454
857	123	2	-0.00253410701179768	-1.26082460811207
858	123	2	0.351762053583502	-0.0152951208222373
859	124	1	-0.0419637907373928	-0.901758034341057
860	124	1	0.424770723610436	-2.11896256975556
861	124	1	0.748045956482333	-1.25897704004196
862	124	1	0.698769913007435	-1.18496716966931
863	124	1	1.12677675954934	-1.26161298407659
864	124	1	0.432986848912482	-1.982929173468
865	124	1	1.44338599805956	-1.90735296534627
866	124	1	1.89270155149314	-1.51110634455428
867	124	1	0.944584769285988	-0.950111967634822
868	124	1	1.31162777399214	-0.727785989664205
869	125	2	-0.0417513551886977	-3.60900465806533
870	125	2	1.08275040699719	-0.0302674250389812
871	125	2	2.93625603468926	-0.260012340501188
872	125	2	-0.133195667657734	2.95862770884082
873	126	2	3.31770953093947	-0.527939456059422
874	126	2	1.60588227590396	1.25782927334635
875	126	2	1.82783198153078	1.88436381569222
876	126	2	0.223880882877905	-2.47124578786203
877	126	2	1.58426384730929	0.716189210853504
878	126	2	3.56654320206276	-4.46448971964609
879	127	1	0.520770666177603	-1.23825907261549
880	127	1	-0.0144738139868453	-0.594343047774365
881	127	1	0.663268301595593	-0.196214173193599
882	127	1	0.813388392777731	-1.86170921797893
883	127	1	1.45128382872472	0.0274700588042953
884	127	1	1.25782937545155	-1.02459528102418
885	127	1	-0.302839526078082	-1.62313256361982
886	127	1	0.0221990772545529	-0.79645705376724
887	128	1	1.31332537393462	-1.23461420056584
888	128	1	0.199156442357897	0.205492414520864
889	128	1	2.05349258634091	0.386756187755062
890	128	1	0.4370919069515	-2.08076970557529
891	128	1	0.889131885325749	0.689662704509534
892	128	1	0.664081376591106	0.0366709450227123
893	128	1	1.07077243045683	0.419890247564845
894	128	1	1.54472129023623	1.45385286092524
895	128	1	0.717867612657564	0.756653349682701
896	128	1	1.27735034364435	0.471199980263956
897	129	1	-0.0662124226476942	0.227652305405016
898	129	1	-0.192766055990523	-0.00623726473420166
899	129	1	0.199390722130667	-0.677256540665855
900	129	1	-0.0624844084434706	-0.868930567921757
901	130	1	0.430244442236638	-0.611001219978828
902	130	1	0.854171049568364	-0.0997963885825749
903	130	1	-0.264427995138057	0.041813889908847
904	130	1	-0.0341900269271814	-0.470626043635053
905	130	1	-0.10265839043137	-0.666192654467437
906	130	1	0.130398538890353	-0.60162637312756
907	131	2	2.26744434698531	-2.10447258746554
908	131	2	3.72058379524911	0.0319948086930735
909	131	2	1.20690168221562	-1.02184109282023
910	131	2	0.436376150321849	0.420487185561282
911	131	2	3.62610741245575	-0.766099995253315
912	131	2	2.05934353719708	-1.20834363818743
913	131	2	0.38667974482819	-0.30770124552441
914	131	2	0.926651909452326	-0.941871934611548
915	132	2	0.215714660267086	-1.28475125713023
916	132	2	2.62704115373842	-1.30821878705852
917	132	2	-0.102459371577144	-0.864501564418744
918	132	2	0.944349145224116	-0.236510809452865
919	132	2	0.0101507083308613	-4.11276020568548
920	132	2	1.24648476856947	-2.47506094286683
921	132	2	2.03631277207748	-2.00478272429153
922	132	2	1.64031622854222	-2.9652049060189
923	132	2	-0.173117541173191	-1.99093959046215
924	132	2	1.82607207959088	-2.48292924944334
925	133	1	1.65575908882712	-0.876526746633133
926	133	1	0.828764842040981	0.182258827731839
927	133	1	1.21880458786171	0.340083353333376
928	133	1	1.02841923599462	-1.15134232636165
929	134	1	-0.858004592304249	-0.015674667237307
930	134	1	-1.67218677202824	-0.822691495168513
931	134	1	-1.1369875098355	-1.21071209284378
932	134	1	-0.530386899166031	-1.15597086742941
933	134	1	-1.496324109358	0.0807115828234323
934	134	1	-1.08920356424044	-1.58335732025388
935	135	2	1.06244509983678	-0.0487822425190391
936	135	2	2.39488151805246	2.35574095584265
937	135	2	-1.29202890949167	-1.14099067503486
938	135	2	1.08054480906597	0.48746436031088
939	135	2	0.276670829998914	1.09996333157075
940	135	2	-0.86796328968217	2.95368181016582
941	135	2	-0.0388685597950929	-0.486250122932356
942	135	2	0.127948032911912	1.0775922644491
943	136	1	-0.0170629757146727	0.69091811389434
944	136	1	0.529469942990346	0.505425738502484
945	136	1	-0.278926606062631	0.71480463980933
946	136	1	-0.0741373100534806	0.431611939067149
947	136	1	0.0179649667875301	1.3662878926428
948	136	1	0.4270026825394	0.353667765299564
949	136	1	0.283037137038045	0.154584235933417
950	136	1	0.656706836704263	-0.608123571093382
951	136	1	0.446326356326108	1.59117004414324
952	136	1	-0.162063121536182	0.244789430633065
953	137	2	1.25981629074831	-2.52022908224957
954	137	2	-0.198270025507664	-0.464700310056879
955	137	2	-0.298346380658443	0.354937294714064
956	137	2	0.408631600160934	0.921521837487164
957	138	1	1.03682640414425	-0.731865416234243
958	138	1	0.874967531681909	-1.3370189872306
959	138	1	-0.0549944333670225	-1.53900763021271
960	138	1	1.74292353822472	-1.05996152579286
961	138	1	-0.259151464138301	-1.4236064507525
962	138	1	-0.393982462188491	-0.777741529429815
963	139	2	1.27171008046137	0.126633441643945
964	139	2	-0.0476514058396602	-0.261192165722537
965	139	2	-2.12179930770193	-0.261264547159933
966	139	2	1.10613043930559	2.44663808531934
967	139	2	1.28845446810062	-2.23394328859013
968	139	2	-0.228314422513897	1.28067158190361
969	139	2	-1.02361817424201	3.12086020962552
970	139	2	-0.624673009475685	-2.16988880754611
971	140	2	-0.705171217567138	-0.60152608794189
972	140	2	1.03513851929771	1.27990923932256
973	140	2	1.78428124000414	-1.62039143240287
974	140	2	2.87228755547841	-1.32034728670356
975	140	2	-0.0144284943781586	-2.36100384413266
976	140	2	-2.0634320613014	-1.02493222778741
977	140	2	2.09337040566751	-0.939643541667689
978	140	2	-1.57583261095154	-0.234807758158999
979	140	2	1.57511098395497	0.331478628127906
980	140	2	-0.983384283960928	-1.39584841155416
981	141	2	0.466143561985566	-5.02241677830616
982	141	2	0.768051570166772	-2.45447171352434
983	141	2	-0.630473535797863	-4.91037555679721
984	141	2	1.68951640163052	-3.05653869211497
985	142	1	1.33302563071939	-0.354398194183095
986	142	1	0.538754165173231	-0.0417020478219917
987	142	1	0.506694135810954	-1.08300253822164
988	142	1	1.18234473936465	0.00789217968196099
989	142	1	0.426611989403341	-1.14348282147357
990	142	1	2.09048226406076	-1.52767379654197
991	143	1	-0.688193649857936	-0.952248986494985
992	143	1	-2.04419363528318	-1.90727200068343
993	143	1	-1.02128098859412	-0.10548745099141
994	143	1	-0.857938186019916	-0.636237872527325
995	143	1	-1.74747289787388	-1.7400371424011
996	143	1	0.501953017108019	-0.595783315204189
997	143	1	-1.26961329511407	-0.729512048992265
998	143	1	0.473091951172466	-0.496782620830092
999	144	2	1.65643896025454	-1.22327889942452
1000	144	2	2.68313403738639	-2.32918266257725
1001	144	2	2.9200028042649	-1.77692365996949
1002	144	2	1.08673228877992	0.0300441497281029
1003	144	2	1.70605213373627	-0.725550425460301
1004	144	2	3.3269307906994	-0.897119780372008
1005	144	2	0.535716411198402	-1.1863796316225
1006	144	2	-0.585096408143911	-3.98659650891279
1007	144	2	2.71127575445881	-0.892854853036298
1008	144	2	-0.624286863584051	-3.86528653118197
1009	145	1	-0.0842622313515614	0.216275692744172
1010	145	1	-0.886154698529006	-1.20750340803116
1011	145	1	-0.337394609538546	-1.73953903189247
1012	145	1	-0.542320563834149	-1.93749882681311
1013	146	2	-1.46376044286507	-1.44046519667817
1014	146	2	-2.74458484465138	-0.79092278637077
1015	146	2	1.04244453536164	-0.869969441821554
1016	146	2	-1.30923687481956	-1.38888284509137
1017	146	2	-1.57050685266399	-0.0328446026312074
1018	146	2	0.813854517362985	1.78395333033222
1019	147	1	0.855192434567354	1.15165551312129
1020	147	1	0.495201287043957	-0.365025180496092
1021	147	1	1.0480267225442	-0.487300520516428
1022	147	1	1.16721087415024	-0.673806026975606
1023	147	1	0.267309658454902	1.1251044286232
1024	147	1	0.402827885815821	1.04261640497589
1025	147	1	-0.0748263575694728	1.09487742490481
1026	147	1	-0.16961285434575	0.816598508806539
1027	148	1	0.312276196422134	-1.26826846514547
1028	148	1	-1.17407500450253	-0.56123304966813
1029	148	1	-0.11367269311852	-1.80026030907354
1030	148	1	-1.07710065294579	-1.07388650838656
1031	148	1	0.336221512340225	-0.494062635893648
1032	148	1	-0.900281407195374	-0.386766380523547
1033	148	1	0.684497121871185	0.642895276301852
1034	148	1	0.41143541734247	-0.235687717560913
1035	148	1	0.105884305418805	-2.07738654221402
1036	148	1	0.97162930344822	-1.11493653860763
1037	149	1	-1.15023710894925	-1.578958749355
1038	149	1	1.27410875434566	-1.10924179506361
1039	149	1	-1.0093575330423	-1.24627292451039
1040	149	1	-0.394599545614723	-0.113828089939584
1041	150	1	0.59897761032872	-0.384876405810729
1042	150	1	-0.0476460063292701	-0.817564062379769
1043	150	1	-0.392160961615545	-0.591663042494759
1044	150	1	-1.58313837011376	-0.518801792825099
1045	150	1	0.135734288666683	0.707885517504055
1046	150	1	-0.513605988548106	-0.115074862007909
