0.103062 -0.33005 -0.667228 0.121358 0.511049 1 1
1.113401 2.031895 1.444594 1.907425 2.450097 1 2
0.090813 0.181742 0.30447 0.227832 0.493869 1 3
0.821405 1.413656 1.575386 0.867735 1.772341 1 4
0.534117 0.596198 -0.418588 -0.13374 -0.856114 1 5
-2.467778 -2.245303 -1.400415 -1.187502 -2.093966 2 6
0.794778 1.086875 0.096245 1.158828 0.561134 2 7
3.319447 2.796476 3.414183 3.144711 3.006258 2 8
0.426219 0.542464 0.795956 0.800977 -0.734621 2 9
1.787949 1.25359 0.715368 0.638391 1.235497 2 10
2.110591 1.568463 1.541073 2.334434 1.632932 3 11
2.612693 1.543098 1.636861 1.458688 0.43836 3 12
2.796894 2.394996 1.956187 1.84875 2.472598 3 13
1.072622 0.076632 0.006189 0.502655 -0.473512 3 14
-0.365803 -1.573564 -1.472482 -0.713053 0.130742 3 15
-0.66894 -1.221436 -0.370654 0.165443 -0.560617 4 16
0.999924 0.549661 0.576736 0.793777 0.014091 4 17
-2.254917 -1.159827 -2.309395 -1.44577 -1.915315 4 18
-0.758589 -0.383583 -1.055248 -0.043885 -0.920228 4 19
0.059287 -0.752905 -0.567189 0.067262 -0.25933 4 20
-1.036001 -1.782154 -0.173711 -1.076352 -0.65721 5 21
1.081339 0.514921 0.558681 0.95499 0.382431 5 22
1.870741 1.850924 2.017159 2.047612 1.385041 5 23
-0.431624 -0.808967 0.610713 -0.801232 -0.669408 5 24
1.751072 1.598505 1.124734 2.087881 1.80152 5 25
0.269778 0.067162 -0.249443 0.881841 1.665955 6 26
0.82334 1.924852 1.219066 0.457358 0.674498 6 27
0.582081 -0.113343 1.232418 0.858656 0.15612 6 28
4.771325 3.137326 3.03873 2.828132 2.407154 6 29
0.490561 0.982195 0.908495 1.066294 2.254469 6 30
1.943615 1.566783 0.876952 1.083756 1.052163 7 31
0.659474 0.674355 0.970879 0.628279 0.61982 7 32
-0.10488 0.111777 -0.688916 0.565667 0.151483 7 33
1.744454 1.138885 2.066582 1.655044 1.970072 7 34
1.428449 2.011657 2.153585 2.08127 0.449609 7 35
0.966505 0.302683 0.890696 0.868406 1.247789 8 36
-0.744386 -1.003355 -2.021161 -2.062101 -0.509239 8 37
-2.223466 -1.355745 -2.044106 -0.71659 -1.377269 8 38
-0.268034 -0.388211 -0.534044 0.27079 0.262923 8 39
1.409936 1.1482 0.686624 1.40127 0.706417 8 40
1.982593 1.630742 2.235821 1.346167 1.677749 9 41
1.752521 1.605874 0.95747 1.030688 0.570293 9 42
2.062207 1.735887 1.237946 1.211964 1.121855 9 43
3.394921 3.545409 2.341665 2.512457 1.803731 9 44
3.059642 2.922264 2.231725 2.992533 1.752849 9 45
1.380015 1.207857 0.541614 0.757724 1.782967 10 46
-0.257568 -0.367614 -0.738356 0.275736 -0.672828 10 47
-1.135606 -1.079964 0.066549 -0.239148 -0.371992 10 48
0.616799 0.794778 1.550177 1.345461 0.800426 10 49
-1.320765 -1.028254 -0.864724 -0.775589 -1.274914 10 50
2.604313 2.017857 2.423661 2.54371 1.7062 11 51
0.376924 0.044005 0.886555 0.948628 -0.431173 11 52
-0.37204 0.344144 0.656471 0.765872 0.404242 11 53
-0.809397 -1.576035 0.005421 -0.880393 -1.207414 11 54
4.897437 3.385921 2.615953 3.377285 2.521604 11 55
1.553533 1.160506 0.534331 1.212653 1.012516 12 56
0.767219 0.109201 0.684089 0.157193 0.193719 12 57
-1.09709 -0.676798 -0.287293 -1.007361 -0.376386 12 58
-0.247126 0.018835 0.150159 0.273792 -0.436718 12 59
2.068785 0.51815 0.670473 0.26961 1.094696 12 60
2.71772 1.837689 1.433652 2.290601 1.631338 13 61
-1.703848 -1.520452 -1.428569 -0.356572 -1.463352 13 62
1.594075 1.198552 2.459249 1.604009 1.745671 13 63
2.113432 2.163253 2.011817 1.892482 2.030195 13 64
1.70239 1.101498 1.033488 1.230858 1.869513 13 65
-0.912839 -0.545943 -0.834629 -0.841306 -1.318838 14 66
-2.185776 -1.337513 -0.24941 -1.834479 -1.116609 14 67
1.290194 0.783088 -0.752954 0.894628 -0.12735 14 68
-0.140375 0.290019 0.291044 0.732379 0.498516 14 69
2.415319 0.679945 2.150347 0.915951 1.310577 14 70
2.260731 2.811962 2.305397 1.910957 2.531841 15 71
4.287413 2.571372 3.238455 3.203894 3.572532 15 72
0.982525 1.679148 1.086239 1.606836 1.985666 15 73
0.317369 0.913186 -0.4815 0.926256 -0.191256 15 74
-0.294018 -0.127997 0.136769 -0.181899 0.979493 15 75
0.153963 0.472873 0.448939 0.063089 0.241709 16 76
2.202046 1.445247 2.376909 1.428106 2.121421 16 77
3.883571 2.48349 2.077798 3.168997 2.341532 16 78
2.15461 2.061617 1.345983 1.31379 1.885264 16 79
1.646779 0.807846 0.1825 0.268204 0.343375 16 80
1.16237 1.256828 0.884828 1.017141 1.212081 17 81
2.627856 1.826376 1.442844 0.727599 1.406594 17 82
3.090531 2.733865 2.035508 1.921644 2.475727 17 83
2.553144 1.660121 1.070695 2.584478 1.888412 17 84
0.040451 0.537582 -0.667103 0.178534 0.511148 17 85
0.28784 0.469447 -0.400672 -0.999261 -1.039339 18 86
-1.715785 -1.269566 -0.321619 -0.73778 -0.786539 18 87
-0.532577 -0.447495 0.731532 0.031795 0.424395 18 88
-0.134637 0.655576 0.359194 0.799477 0.065389 18 89
2.149927 2.96263 0.816968 2.618386 1.356398 18 90
4.166458 2.650179 2.866331 3.497209 2.289823 19 91
2.943249 2.290312 2.393682 1.616901 1.05021 19 92
0.564506 1.374589 0.659003 0.708831 1.056145 19 93
0.927408 0.835742 0.328251 0.853766 1.018559 19 94
-1.588412 -1.433952 -2.011939 -0.534792 -1.817887 19 95
0.716427 -0.345411 -1.058925 -0.402735 -0.489338 20 96
1.896761 1.880599 1.134227 1.569594 2.019038 20 97
0.63054 1.573385 1.523435 0.24753 0.825573 20 98
2.095422 2.153907 1.438649 2.750245 1.974431 20 99
1.382948 1.136828 1.137945 2.217885 0.565469 20 100
3.622854 3.175109 2.529299 2.594164 2.115211 21 101
3.708567 3.09857 2.250703 3.786744 2.528701 21 102
-0.45689 -0.221655 -0.244103 -0.270612 -0.261681 21 103
3.289817 2.845975 1.979536 2.01651 2.822442 21 104
2.386748 2.996523 2.324262 2.004161 1.715844 21 105
0.572401 0.432585 0.19698 0.360638 -0.357444 22 106
2.466132 2.335039 1.941505 2.547797 1.459361 22 107
-1.619739 -1.64416 -1.315601 -1.792105 -0.955873 22 108
1.93308 0.968267 1.297912 1.463003 1.127491 22 109
-0.74054 -1.253552 -0.635255 -0.713516 -1.248216 22 110
3.640558 1.442922 2.545472 1.693218 1.873131 23 111
1.70458 0.942859 1.220338 2.210017 1.587497 23 112
2.283715 1.52727 1.875009 1.256854 1.972346 23 113
3.671876 2.740046 2.386817 2.968802 2.474357 23 114
1.089936 0.407155 1.371025 0.622281 -0.655845 23 115
0.091888 0.179658 -0.073655 0.549432 0.031714 24 116
0.138622 0.194922 0.064637 -0.585354 -0.214479 24 117
-1.818914 -0.931722 -2.403029 -2.268564 -1.800043 24 118
-1.888467 -0.803115 -0.893209 -0.015638 -0.034072 24 119
1.195614 0.671529 -0.295686 -0.0192 -0.41134 24 120
1.342591 0.889571 1.05799 0.98991 1.040058 25 121
0.978402 -0.277717 1.425377 0.626926 0.54821 25 122
0.761278 0.295185 1.069856 0.029983 1.712726 25 123
-1.073149 0.048564 -1.170002 -0.513111 -0.209275 25 124
2.125806 1.711405 1.5352 1.330372 2.703064 25 125
-0.989061 0.137521 -0.550382 -0.873984 -0.879191 26 126
0.936484 0.390946 0.544178 1.079256 0.681114 26 127
3.884798 2.633218 2.052249 3.154261 1.888017 26 128
2.223916 1.738782 2.737015 2.289025 1.489448 26 129
2.054209 0.92093 2.465876 2.030474 1.922205 26 130
2.471072 2.284717 2.617287 2.542946 2.169882 27 131
0.198331 0.637842 1.24735 0.102525 -0.197033 27 132
1.322321 1.335475 0.539008 1.212477 0.669108 27 133
2.258743 1.688703 2.063429 0.993981 1.639821 27 134
1.136668 0.628693 1.057366 1.706314 0.241428 27 135
0.563346 1.82691 0.86213 1.059958 0.606915 28 136
-1.258372 -0.09828 -0.509852 -0.098287 -1.26027 28 137
1.503369 2.600106 2.107801 0.927372 1.072069 28 138
0.454221 -0.626421 -1.214503 -0.89474 -1.440482 28 139
-1.047623 -1.062804 -0.349775 -0.005324 -0.141727 28 140
-1.157915 -0.170331 -1.772002 -0.204531 -0.631625 29 141
-0.336399 -0.041152 1.039414 -0.125308 -0.224309 29 142
1.021706 1.379672 0.39147 -0.214263 1.078794 29 143
-0.99579 -1.369279 -0.441334 -1.21319 -0.5447 29 144
0.08729 -0.037743 -0.425909 -0.602039 0.669277 29 145
0.541289 0.703891 0.27104 0.60725 0.746357 30 146
-0.04599 -0.112998 -0.784666 -0.633202 -1.127798 30 147
1.063503 -0.19999 1.997791 0.570757 0.019563 30 148
3.779478 2.052737 2.590307 2.679151 2.614118 30 149
-1.214205 0.244847 0.03403 -0.331131 -0.360405 30 150
0.91911 0.431902 0.44101 0.915253 0.438233 31 151
-0.076327 0.326928 1.224841 0.648299 1.697212 31 152
3.922634 2.87034 2.495713 2.438908 2.148221 31 153
0.860626 0.137529 -0.268353 -0.82777 0.795449 31 154
1.371926 0.999924 1.747003 1.872636 0.75821 31 155
2.294297 1.622146 0.466284 0.085763 2.414443 32 156
0.067072 -0.323725 0.636597 0.058408 0.505307 32 157
1.319898 0.68954 0.860207 1.174981 1.657988 32 158
4.004405 2.149309 2.437974 2.209799 2.423851 32 159
2.415644 2.679744 1.853724 2.205736 2.175633 32 160
1.58244 1.515792 2.509026 2.147161 1.364048 33 161
-0.906897 -1.325291 -0.733462 -0.855772 -1.130584 33 162
0.551622 0.480323 0.374642 0.443482 0.507836 33 163
0.4927 -0.185964 0.256402 -0.413336 -0.248818 33 164
1.60645 0.58247 0.87824 0.951471 0.679921 33 165
5.534985 3.474063 3.528748 3.898135 4.59011 34 166
1.2261 0.652315 0.52456 -0.19011 0.872175 34 167
3.516578 2.008348 1.658111 2.132696 1.700974 34 168
4.589322 3.290635 3.45011 2.597232 2.408884 34 169
1.787954 1.926445 1.376431 1.008704 1.960828 34 170
0.713473 0.429012 0.019665 0.933673 1.226839 35 171
-0.650936 -0.441256 0.094984 0.057602 0.112698 35 172
0.080589 1.445267 0.850935 0.296626 -0.033309 35 173
1.911708 1.061905 1.362248 0.953219 0.925478 35 174
1.341089 1.296684 0.674971 1.577527 2.325483 35 175
1.75797 1.676396 0.77047 1.210266 1.897367 36 176
1.884565 2.057964 1.802915 1.251084 1.213461 36 177
1.479396 1.494634 1.448328 1.662259 0.969786 36 178
2.758823 2.241101 2.198169 2.818762 1.895027 36 179
1.927871 2.411065 1.759185 1.06559 1.246742 36 180
-0.117812 -0.245524 0.462703 -0.212443 -0.734275 37 181
3.078529 1.691315 2.486545 2.97915 2.159516 37 182
1.293057 0.945371 0.452726 0.696029 1.270664 37 183
2.995237 1.332018 1.625916 2.163686 1.560213 37 184
2.404176 1.145372 1.341189 1.449043 2.026561 37 185
0.634876 0.015826 1.024467 0.387751 0.387755 38 186
-0.469502 0.136347 -0.63048 -0.142663 -0.188456 38 187
-0.850694 -0.846463 -0.719956 -0.700929 -1.097258 38 188
0.024583 0.108676 -0.287006 -0.186286 -0.528354 38 189
-1.186398 -2.62577 -1.590096 -0.518757 -2.101184 38 190
1.307249 0.340748 1.255604 1.09936 0.953143 39 191
2.251932 1.7711 2.043587 1.617922 2.170621 39 192
1.008529 0.024201 1.372825 0.299056 0.083132 39 193
2.905248 1.246437 2.204422 2.42832 1.809579 39 194
1.177159 0.733135 1.214231 0.464499 1.12587 39 195
3.84181 1.801614 2.412803 1.869435 3.133044 40 196
0.961397 1.61387 1.743682 1.295391 0.408975 40 197
5.327214 3.604802 3.420681 3.551071 3.734619 40 198
2.231437 2.587087 1.831247 1.758185 1.321175 40 199
0.855823 -0.010966 -0.196265 -0.172231 -0.268091 40 200
2.910671 2.594119 3.120857 2.397696 2.116849 41 201
2.532892 1.444213 2.627173 1.863964 1.416985 41 202
-0.359185 0.171351 -1.578528 -1.819069 -0.411521 41 203
-0.920453 -0.280685 -0.738458 0.048606 -0.712804 41 204
-1.051276 -0.462098 -0.719675 -0.783735 -2.00383 41 205
-0.735803 -1.442012 -0.935783 -0.913324 -0.889057 41 206
-2.180823 -1.356726 -1.083082 -1.69814 -0.79209 41 207
-2.292729 -2.173455 -2.182391 -1.852711 -1.322575 41 208
3.364693 3.523336 2.147968 3.470993 3.969833 41 209
0.069578 0.152697 0.27331 0.626051 0.346094 41 210
0.264514 -1.474567 -0.076523 -1.304505 -0.853408 42 211
-0.458547 -0.851121 -0.923158 -0.72777 0.197783 42 212
-0.717358 0.058715 -0.023332 -0.283806 -0.534899 42 213
0.804934 0.145863 -0.363011 -0.666929 0.736508 42 214
0.850852 0.387955 0.883285 -0.413534 0.317527 42 215
3.03817 2.204596 2.557642 2.940768 2.358995 42 216
-0.842429 -1.013399 -0.473835 0.605695 0.339363 42 217
2.165002 2.110591 1.964251 2.220852 1.40162 42 218
0.795305 -0.111541 0.478194 1.320123 0.500083 42 219
0.095407 -0.143879 0.020607 0.117816 -0.410925 42 220
-0.962388 -1.074781 -0.302036 -0.646954 -0.769928 43 221
1.841216 2.24286 1.898095 2.234986 0.69394 43 222
2.305757 0.709635 1.238449 1.564753 1.249451 43 223
-0.537546 -0.031227 -0.74349 -0.553787 0.320127 43 224
2.576223 0.738332 2.392621 2.213815 0.868254 43 225
2.225289 1.100361 1.186928 2.483048 2.69068 43 226
-1.209696 -1.415008 -1.714402 -1.422482 -1.317568 43 227
2.530357 1.568863 1.844479 2.28496 1.976712 43 228
0.808168 0.104724 -0.173296 0.74529 0.940571 43 229
2.008062 1.48502 1.152803 1.430082 1.614159 43 230
0.579728 -0.058442 0.265122 0.03542 0.268637 44 231
2.124871 1.457467 0.401929 1.850288 1.154816 44 232
-0.341696 -0.402873 0.307977 -0.801777 -0.042207 44 233
-0.826799 -0.192368 0.166006 -0.726552 -1.386991 44 234
-0.768615 -0.398466 -1.166383 -0.562411 -0.629642 44 235
0.265242 0.149048 0.520227 -0.204246 0.237908 44 236
1.755728 1.860156 2.158539 0.800963 0.767284 44 237
-1.840827 -1.037463 -0.340929 -0.302517 -0.691016 44 238
0.533628 -0.056397 0.008323 -1.439893 -0.209191 44 239
0.195665 0.152638 0.272477 -0.054885 0.407471 44 240
-0.584159 0.612568 0.392654 0.630047 -0.040722 45 241
3.875526 2.325174 2.610505 1.26044 2.521181 45 242
4.044688 2.666997 3.019919 2.358479 2.210111 45 243
0.574105 -0.862078 -0.009978 0.741058 0.546395 45 244
1.1558 1.765921 0.851675 2.118431 0.962585 45 245
3.652185 2.834343 3.845608 3.462322 3.05612 45 246
2.653023 1.780357 3.247287 2.548132 2.560916 45 247
2.917237 2.169345 2.099418 2.57851 2.607186 45 248
2.424246 1.725127 2.533301 1.966633 1.348873 45 249
3.762871 3.284433 3.037956 4.120464 3.746499 45 250
0.651018 0.543453 1.063513 0.765467 0.562973 46 251
0.365703 -0.41087 -0.419712 0.572856 -0.940053 46 252
2.065173 0.634876 0.541355 0.618803 0.65343 46 253
1.830201 1.040965 1.903653 1.040584 0.742933 46 254
2.454996 2.041919 1.931663 1.505865 2.438237 46 255
1.92488 1.780348 2.094279 1.762384 1.434438 46 256
4.734323 3.427661 3.340463 4.083728 2.608329 46 257
4.406231 2.889454 2.777214 2.68334 2.519242 46 258
1.069865 0.720151 0.434482 1.30501 0.712072 46 259
0.239995 0.604558 0.005709 -0.26856 -0.304913 46 260
-0.805439 -0.453433 0.033327 0.599865 -0.495792 47 261
0.399478 1.631626 1.677844 1.671758 1.693065 47 262
3.728383 3.379286 2.238371 3.238364 1.28364 47 263
2.415494 2.593645 2.451871 1.628773 3.040344 47 264
0.176375 -0.284848 0.969857 -0.195138 -0.531813 47 265
3.446871 3.132991 2.967037 2.940444 2.668879 47 266
0.136847 -0.995112 -0.217268 -1.031704 -0.621173 47 267
2.553718 1.181 1.414836 1.342472 1.527692 47 268
3.378826 2.845695 1.80105 1.51061 2.280544 47 269
2.872569 1.009819 1.804529 2.340936 1.921794 47 270
-1.525408 -0.441031 -1.451172 -0.682435 -0.283358 48 271
-1.729888 -1.113632 -2.117745 -0.697494 -2.072424 48 272
-0.11884 -0.997106 -0.826669 -1.388418 -1.152422 48 273
2.739404 1.03908 1.561169 1.450284 1.456465 48 274
-0.040464 0.99655 -1.314978 0.653064 -0.734003 48 275
-1.829188 -1.289456 -1.036572 -1.542487 -0.9418 48 276
-1.692715 -1.582956 -0.925362 -1.425056 -0.955175 48 277
-0.079925 0.170851 -0.76845 0.225851 0.590511 48 278
-2.355939 -0.7464 0.169698 -1.323026 -0.627313 48 279
-3.012919 -1.997995 -2.268326 -2.128897 -2.11114 48 280
1.131184 0.200673 1.502061 0.922677 0.890861 49 281
2.92377 2.292442 2.833408 3.065471 1.822408 49 282
-1.496745 -0.545032 -0.405989 -1.251368 -0.31379 49 283
-0.28979 0.097473 0.138409 0.166811 0.245094 49 284
0.142276 0.384219 1.144151 0.518272 0.330254 49 285
0.412131 0.809291 -0.726534 -0.564844 0.056228 49 286
2.926699 2.732285 2.324407 2.567485 2.649333 49 287
3.267804 2.700721 2.147211 2.370181 3.116961 49 288
1.539007 1.790956 1.231659 1.125865 1.673319 49 289
0.067243 -0.440548 0.10258 -0.438476 0.125791 49 290
1.745125 1.336937 1.729294 1.539991 2.113831 50 291
1.568814 0.066519 1.475878 1.372501 -0.518779 50 292
3.880344 3.872346 3.541099 2.885528 3.853374 50 293
1.850796 0.612273 0.532343 0.069683 0.10983 50 294
0.952231 0.035411 1.169314 0.479181 0.42923 50 295
2.0181 0.873726 1.30159 1.149556 1.220868 50 296
3.795937 2.456869 2.417348 2.255208 2.758264 50 297
1.151637 0.46851 0.377071 -0.098194 0.576189 50 298
1.954328 1.372496 1.712657 1.899953 1.952445 50 299
1.535714 -0.182433 1.459917 0.690846 1.273386 50 300
1.654726 0.594853 -0.336474 1.327316 1.414416 51 301
1.333758 0.825151 0.47367 0.631152 1.096536 51 302
0.443744 0.45836 0.250611 -0.015578 0.355561 51 303
-0.342694 0.698861 0.260804 0.445038 -0.130448 51 304
-0.411477 -0.650702 -1.055831 -0.895084 -0.435375 51 305
0.45791 0.187933 -0.510266 0.476383 -0.302505 51 306
-1.100337 -0.096782 0.409896 -1.525475 0.528358 51 307
-0.044769 -1.212644 -0.579984 -0.30114 0.006713 51 308
1.684684 1.150009 1.429199 1.138353 2.254845 51 309
0.129659 0.844939 0.374748 0.124614 0.024606 51 310
2.5529 1.200658 0.779422 1.756465 0.257173 52 311
-1.904789 -0.668157 -0.249983 0.174754 -1.372555 52 312
-2.09761 -1.264277 -1.207921 -0.786681 -1.009706 52 313
1.00054 1.369874 0.98466 0.544673 0.412518 52 314
2.550377 0.787477 1.749466 1.479643 1.715702 52 315
-3.440734 -2.755602 -2.466151 -2.753021 -3.165087 52 316
1.757868 1.575436 0.824226 1.103942 0.569383 52 317
1.437222 0.92099 0.814328 0.501045 1.078228 52 318
2.686673 1.256005 2.067741 2.231465 2.292656 52 319
1.358682 1.13076 1.382747 0.90726 1.707531 52 320
1.43867 1.743493 0.351326 0.847714 1.059917 53 321
1.721111 1.851106 1.658682 1.452172 1.44926 53 322
-2.243002 -1.929049 -1.239049 -2.028895 -2.371519 53 323
0.460864 0.710082 1.328882 1.200768 1.178355 53 324
2.884906 1.702712 2.464534 1.979585 2.162807 53 325
1.566462 0.636426 0.728226 0.375785 0.459655 53 326
2.215462 2.043091 2.373876 1.497283 1.847631 53 327
-2.070479 -0.534048 -0.876037 -0.627789 -0.565631 53 328
1.704391 1.98543 1.73179 1.204891 1.611604 53 329
1.651359 0.469096 0.830496 1.294763 0.119964 53 330
-0.00468 0.905963 0.445916 0.817697 0.323951 54 331
2.053335 0.740188 0.378325 0.698287 1.415584 54 332
-2.220738 -1.456517 -1.097562 -1.300637 -1.05408 54 333
2.066485 1.509446 1.277509 -0.227783 1.058922 54 334
0.172649 -0.095688 -0.219437 1.01082 0.114648 54 335
1.741672 1.547275 2.224785 1.422253 0.904106 54 336
0.411643 -0.035972 -1.28663 -1.050119 -0.022912 54 337
-0.556964 -1.001613 -1.587492 -1.093156 -0.834417 54 338
-2.120219 -1.468958 -1.775063 -2.235148 -2.510992 54 339
0.952557 1.435902 0.379023 1.287359 0.826893 54 340
0.463805 0.408814 0.595697 0.377969 0.181005 55 341
-1.150481 -0.081339 -0.911976 -0.660992 -1.230308 55 342
0.033882 -1.286372 -0.470217 -0.691362 -0.186428 55 343
-1.308476 -0.124152 -0.933133 -1.003539 -0.42005 55 344
0.220077 0.693271 -0.272118 -0.47306 -0.889297 55 345
1.498967 1.157271 0.752751 0.763388 1.59261 55 346
0.414529 -0.968726 0.120745 -0.284266 -0.515723 55 347
1.447885 1.493399 1.576026 1.30793 1.984836 55 348
-2.131057 -1.793768 -1.959212 -1.306285 -2.27343 55 349
2.51861 2.418123 2.655541 2.50105 1.472675 55 350
-2.940523 -2.278264 -1.764513 -1.75412 -1.05007 56 351
-0.513032 0.695378 0.568007 0.340181 0.006312 56 352
-0.612271 1.590614 0.390962 0.590667 0.761585 56 353
0.899198 0.985221 0.569329 0.515954 0.153734 56 354
-0.545254 -1.267257 -0.370422 -1.016837 -0.404847 56 355
-1.517274 -1.547392 -0.41853 -1.756594 -1.72312 56 356
2.102945 1.83133 1.035551 0.997186 1.989011 56 357
1.161098 -0.626468 0.09854 0.214562 0.361883 56 358
-0.173676 -0.276729 -0.250589 -0.770268 0.125225 56 359
0.834666 0.618877 -1.193672 -0.23846 0.77052 56 360
-0.067539 0.76734 0.164939 0.137746 0.599115 57 361
-0.360198 0.188219 -0.646086 -0.178783 -0.078311 57 362
0.915657 1.092644 1.121034 1.331688 0.372804 57 363
3.234206 2.899243 2.844543 3.107871 2.769416 57 364
0.523088 0.960482 1.041307 0.798954 1.332955 57 365
0.090297 0.015157 0.823758 1.54327 0.627739 57 366
1.979141 0.312889 0.95212 1.119152 0.401455 57 367
0.318098 0.986433 0.393253 0.690845 0.781204 57 368
1.8961 0.771534 1.03548 1.530673 1.008079 57 369
-0.59125 -0.72942 0.126067 -0.441309 0.098908 57 370
0.201522 0.69703 1.094023 -0.131119 0.998893 58 371
0.883287 0.112295 0.277901 0.437538 0.365173 58 372
4.188827 4.056268 3.373116 2.711054 2.163955 58 373
4.514401 3.289997 3.244587 3.736359 3.367492 58 374
4.590037 4.27029 4.295634 3.758618 3.10121 58 375
1.685336 2.109354 1.452006 1.76128 1.932746 58 376
4.793643 3.419497 3.742283 4.581971 3.609375 58 377
1.541834 1.351819 1.834752 1.248983 1.358263 58 378
4.608871 2.805119 3.5649 2.039865 2.611691 58 379
4.010049 2.428406 2.615185 2.396026 2.429071 58 380
3.104391 1.851959 1.482272 1.487463 2.279859 59 381
1.714085 3.175771 2.719954 1.438239 1.915605 59 382
3.073255 2.664829 2.483026 1.516065 2.348959 59 383
0.895185 1.308881 1.290388 1.339891 1.926853 59 384
2.805213 2.856101 2.699409 1.914592 2.880418 59 385
1.58583 2.43165 0.839694 1.196335 0.396862 59 386
2.014861 1.727164 3.108762 1.950386 2.18743 59 387
3.695256 3.000871 3.066567 2.880497 2.030058 59 388
1.267687 1.417378 1.159183 1.094647 0.355168 59 389
2.346949 1.514761 2.247301 2.640476 2.346857 59 390
1.649517 2.203084 0.670101 1.889199 1.757601 60 391
3.506092 1.928765 2.241681 2.474553 1.863183 60 392
-1.398585 -0.729363 0.027441 -0.940644 -0.226982 60 393
0.724852 0.473732 1.043641 1.006934 0.878459 60 394
0.362082 0.229759 -0.137102 -0.058642 -1.22702 60 395
1.259217 1.258641 1.608796 -0.248951 0.18504 60 396
-0.081565 -0.747583 -0.373911 -1.347153 -0.559802 60 397
2.098473 0.808866 2.233398 1.258194 1.418693 60 398
3.596585 1.865176 2.621584 2.454461 1.533695 60 399
-1.041499 0.098907 -1.117702 -1.408087 -0.997637 60 400
3.392379 2.337089 2.110917 2.423954 2.276058 61 401
1.548717 1.129478 1.762362 1.259655 1.381603 61 402
4.455906 4.142487 3.450186 2.592716 3.863969 61 403
2.500346 2.619882 1.887135 1.646569 2.365319 61 404
3.651469 2.919347 3.638644 2.973332 2.613808 61 405
3.303694 2.807254 2.945142 2.779826 2.28162 61 406
3.319158 2.03813 2.780399 2.185794 2.329378 61 407
2.83696 2.214135 3.038803 1.822003 2.388761 61 408
1.277138 0.538351 0.958549 2.117201 1.450841 61 409
2.566909 1.90459 1.741852 2.566874 1.680024 61 410
-2.175341 -1.714641 -1.479082 -1.531164 -1.697884 62 411
2.002316 1.345534 2.1759 2.043992 0.989174 62 412
2.063186 1.739141 2.447035 1.632007 1.555905 62 413
-0.152648 -0.723472 -0.586241 1.69112 0.290609 62 414
1.796062 0.984945 1.418235 1.081759 1.749612 62 415
1.086529 1.271657 0.309146 1.686711 1.24122 62 416
1.87391 1.627423 0.940621 1.749252 1.408306 62 417
0.612734 0.202145 1.33145 0.259256 1.558564 62 418
1.657314 1.349891 1.451316 1.562037 1.760049 62 419
1.879587 1.005001 0.879107 1.160216 1.342127 62 420
-0.214292 0.41909 -0.519505 0.026806 -0.660712 63 421
-0.795914 -1.144709 -1.352512 -1.35894 -2.113252 63 422
-1.062969 -0.285723 -0.686932 -1.173606 -1.044765 63 423
0.573368 0.168232 0.672088 0.002616 -0.4393 63 424
-1.048054 -0.70092 -0.731217 -0.305973 0.231453 63 425
1.414231 -0.307985 0.643448 0.587903 0.63498 63 426
0.865276 1.929099 2.013115 1.359052 0.673277 63 427
-1.111087 -0.787852 -0.851282 -0.145415 -0.765339 63 428
1.36589 1.026766 0.903043 0.199859 0.30393 63 429
-0.181675 0.015243 0.409104 0.948592 -0.018103 63 430
1.952383 2.027763 1.485616 1.74452 2.61614 64 431
-0.869708 -0.44547 -0.689201 -0.691758 -0.533679 64 432
0.52121 1.774299 2.149434 1.336215 1.215871 64 433
3.832151 3.291685 4.170188 2.587122 3.515487 64 434
3.562595 2.840016 2.192543 2.15234 2.607543 64 435
1.766697 0.961185 1.389779 1.92014 2.232321 64 436
4.396609 2.286307 3.395166 3.286884 3.285595 64 437
1.468113 0.537475 0.951842 2.480135 0.89487 64 438
2.404568 1.758963 1.871851 2.018226 2.258041 64 439
2.193219 1.01945 2.243037 1.12948 1.720783 64 440
0.968651 1.335762 1.487174 0.788571 -0.263264 65 441
-0.069926 -0.200217 -0.934086 -0.494354 -0.18864 65 442
3.194809 2.901774 3.394329 2.402379 1.83307 65 443
0.507179 0.005546 0.249199 0.021667 0.250273 65 444
2.088022 0.545408 0.538075 0.651096 0.861946 65 445
3.026842 3.168703 2.14316 2.849232 2.673464 65 446
2.854469 2.534304 3.202037 2.102988 3.351598 65 447
0.33691 0.424895 -0.233583 0.639349 0.968526 65 448
1.309507 1.805828 1.783156 1.208158 1.008517 65 449
3.707896 2.278909 3.573846 2.092281 2.655274 65 450
-0.092362 0.282699 -0.018415 -0.772631 -0.331043 66 451
2.379676 1.380713 1.274241 1.552996 1.685019 66 452
1.871368 1.448554 1.865248 1.150939 2.005458 66 453
2.966561 2.271522 1.57474 1.628961 1.457321 66 454
-0.567563 -0.121005 -0.980343 -0.507533 -0.975145 66 455
1.078458 0.612632 -0.339817 1.46386 1.090274 66 456
1.230192 0.248373 1.659313 1.404013 0.492398 66 457
0.613538 0.013257 -0.403524 0.221397 0.293445 66 458
-0.984606 -1.458921 -0.557065 -0.679274 -0.115549 66 459
4.23675 2.23355 2.561662 2.232061 2.034848 66 460
0.702978 -0.778005 0.930833 0.518177 -0.021991 67 461
0.766523 0.714909 0.640966 0.60171 0.891093 67 462
2.461635 1.547203 0.857154 1.14629 2.26269 67 463
-1.020968 -0.475819 0.346301 -0.566081 0.091381 67 464
0.779968 0.665259 -0.005593 0.689963 0.827134 67 465
0.080543 0.829687 1.046464 1.333956 0.433628 67 466
1.258866 0.325925 0.788637 0.505411 -0.626503 67 467
4.498129 3.462699 2.781721 4.255693 2.363883 67 468
2.085847 1.014785 1.590324 1.626124 1.184563 67 469
2.023509 1.091707 1.089662 1.774933 1.632677 67 470
1.267785 0.922591 1.306115 1.904776 1.374243 68 471
1.793567 1.659021 1.456631 2.277795 2.20539 68 472
1.54725 2.130613 2.036792 1.052651 0.451246 68 473
2.553121 1.262951 1.311032 1.510024 1.992354 68 474
1.708647 0.666664 0.323484 0.391515 0.761879 68 475
2.563632 2.558453 1.936364 2.462065 2.345648 68 476
-0.83845 -0.671598 -0.564642 0.102613 0.870974 68 477
0.603285 0.337523 1.027445 0.393306 0.343687 68 478
1.452876 1.397933 0.429693 1.167489 0.359573 68 479
0.932086 -0.148177 -0.188388 -0.593777 -0.89259 68 480
0.764674 1.587327 0.477728 0.232445 1.162812 69 481
-0.899293 0.32495 -0.778467 -1.213275 -0.335285 69 482
2.113326 1.333197 0.501811 2.261718 1.161531 69 483
1.23427 1.347517 1.571918 1.176467 1.378603 69 484
-0.567885 -0.223623 -0.817682 -1.258411 -1.055617 69 485
-1.842695 -0.74284 -1.766218 -1.818642 -2.363753 69 486
0.501817 0.068915 0.484456 0.471709 0.192154 69 487
1.625366 0.658111 1.992276 0.981098 1.506577 69 488
-0.390029 -0.074035 -0.321585 -0.536861 -0.550014 69 489
-2.367763 -1.866093 -1.427213 -2.017992 -2.560531 69 490
-1.669048 -1.597214 -1.255383 -1.381727 -1.47347 70 491
3.625733 2.960265 2.786871 1.029959 2.707254 70 492
2.296315 1.257481 1.812106 1.299983 0.921955 70 493
3.691947 2.903374 2.852192 3.255181 2.827842 70 494
1.720352 1.696684 1.826491 1.465377 1.959592 70 495
2.51573 1.269455 2.745803 1.619765 2.439313 70 496
3.586329 2.052382 2.528624 1.975346 2.707998 70 497
2.824447 2.012287 2.410058 2.947093 2.005203 70 498
1.908843 1.417583 2.068908 1.811184 1.762207 70 499
3.651848 1.96093 2.157412 1.826346 3.021527 70 500
3.063154 2.643375 2.41406 2.549536 2.043601 71 501
4.118695 3.895461 1.967025 2.41275 3.004489 71 502
2.22904 2.030946 2.27505 2.279681 1.969843 71 503
4.267221 2.57531 2.14825 2.257863 3.287029 71 504
-0.10667 0.868362 -0.04957 0.905676 0.562836 71 505
0.321068 -0.667288 0.408456 0.367757 -0.305066 71 506
0.578354 0.494215 0.839997 0.652224 0.233575 71 507
2.715019 0.863878 0.765437 -0.204194 1.521715 71 508
-1.441349 -0.466553 1.461722 -0.351741 0.817095 71 509
3.496948 1.794783 1.981509 2.246924 1.751029 71 510
0.579417 0.428136 1.242551 -0.120093 0.539511 72 511
-0.139086 -0.518067 0.82046 -1.053685 0.57203 72 512
0.815069 1.012216 1.282686 0.499558 1.073572 72 513
2.22346 1.171109 2.068417 2.284074 1.672998 72 514
2.059549 0.738439 1.440806 1.300456 2.360322 72 515
2.167261 2.13664 1.913253 1.397345 2.390815 72 516
0.249521 0.55726 -0.25849 0.226479 -0.397035 72 517
-0.942253 0.033877 -0.901982 -1.331903 0.082061 72 518
0.400244 -0.701447 0.638359 0.462245 -0.992108 72 519
1.626028 1.468063 1.028371 0.756827 1.062761 72 520
1.908791 1.410485 1.526185 1.680283 2.679291 73 521
0.822674 2.064507 1.008369 0.592735 1.347556 73 522
1.960013 2.297136 2.015909 0.975111 2.56829 73 523
0.986668 0.897928 -0.2132 0.373929 1.23459 73 524
0.303988 -0.036003 0.403144 0.551154 0.637599 73 525
-1.220691 -0.267462 -0.796684 -0.421939 -1.236544 73 526
0.847167 0.305876 -0.289844 0.173838 -0.237898 73 527
0.711775 1.433937 1.104973 0.849709 0.246895 73 528
2.330346 1.272302 1.246463 2.552442 1.533481 73 529
1.160143 1.211904 0.945302 1.576111 1.854371 73 530
2.369764 1.582643 1.498364 2.573049 2.228555 74 531
1.916741 1.992362 0.643021 1.725676 1.059443 74 532
2.229903 2.353415 0.422677 1.491124 -0.141849 74 533
1.091735 -0.046413 0.519327 0.816629 0.247383 74 534
1.573577 1.94308 0.843588 1.664924 1.7342 74 535
0.372514 0.524763 -0.088223 -0.416624 0.239304 74 536
-0.545773 -1.18475 -0.46269 -1.230523 -0.495266 74 537
-0.485643 -0.38813 0.092835 -0.52961 -0.042535 74 538
1.538132 0.84202 0.451868 1.962449 1.53137 74 539
0.373231 1.451733 0.195221 0.229943 0.738706 74 540
-0.495161 -0.581551 -0.045182 0.085919 -0.844846 75 541
2.502173 1.493471 2.135135 1.374008 1.612448 75 542
1.395413 2.530189 1.24283 0.778984 0.911871 75 543
0.318004 0.441799 0.016124 -0.019459 0.056578 75 544
4.040121 2.965984 3.062971 3.383069 3.784341 75 545
0.922532 0.042365 0.43762 -0.688778 1.090662 75 546
0.781064 1.952484 0.85233 0.547874 1.529693 75 547
-0.733487 -0.427412 -0.554271 -0.335917 -0.708707 75 548
0.14624 0.212763 0.105987 -0.3201 -0.20054 75 549
2.507074 1.765471 2.607208 2.2568 3.212578 75 550
3.25248 3.85363 2.472078 2.903334 1.72166 76 551
0.838095 -0.455796 0.040006 -0.51897 0.489233 76 552
0.183956 1.250111 0.100746 1.091398 0.322773 76 553
2.671697 2.548193 1.810361 1.984442 2.064974 76 554
1.055305 0.119376 0.743971 0.398305 0.77953 76 555
4.063011 3.288623 3.385758 2.458156 3.029917 76 556
2.305968 2.618222 1.773037 1.834031 1.302948 76 557
3.276187 3.085736 2.046676 2.023266 1.331219 76 558
-0.056968 -0.048845 -0.032282 -0.110693 -0.879113 76 559
1.842678 1.012264 0.913908 2.349222 1.704133 76 560
1.619258 0.996855 1.331371 1.107921 0.946935 77 561
2.395517 2.134261 1.681189 1.531244 1.402344 77 562
1.447974 1.261973 1.140047 1.387021 0.455045 77 563
4.661702 3.261162 2.991134 3.111705 2.834165 77 564
-1.059072 -0.530677 -0.386063 -0.658279 0.148325 77 565
2.894355 2.835318 1.967457 3.066766 1.656634 77 566
1.382569 1.247625 1.817105 0.486492 1.226842 77 567
-0.810665 0.044405 0.410791 -0.397923 -1.077125 77 568
2.375944 1.029638 1.359606 0.994586 1.057157 77 569
2.613358 3.033422 3.543464 3.150537 4.117687 77 570
2.995749 1.537028 1.07441 2.276746 1.942424 78 571
2.13033 2.348949 2.512037 2.008571 2.072957 78 572
0.063216 -0.17156 0.266607 0.584794 0.005855 78 573
1.83373 1.55695 1.860012 1.818266 1.400281 78 574
0.531681 0.57713 0.756475 1.102984 0.4602 78 575
0.29045 0.627811 0.493255 1.349089 0.440793 78 576
2.259501 1.839648 2.608592 1.143701 2.122933 78 577
3.291365 2.488774 2.124414 1.998234 3.203082 78 578
0.385728 0.450634 -0.205792 1.114023 0.541996 78 579
1.053109 -0.263378 0.647619 1.269205 0.125901 78 580
3.17771 2.075252 2.864592 1.879514 1.964409 79 581
3.573914 1.664945 1.302701 2.171107 2.27927 79 582
2.664193 2.720739 2.394277 2.803605 2.714842 79 583
1.511182 1.581015 0.962955 1.335901 0.656172 79 584
0.730632 0.119508 0.50522 0.415348 -0.242833 79 585
4.381606 3.611664 2.994982 4.118528 4.065784 79 586
2.970811 1.3856 2.531187 1.788051 2.277058 79 587
3.505407 3.107003 3.057794 3.487902 2.707392 79 588
4.130559 3.484164 2.765713 2.863198 2.982136 79 589
0.457069 0.128395 -1.24701 -0.479218 -0.985721 79 590
-0.425205 -0.41695 -0.688543 -0.291725 -0.557463 80 591
1.60782 -0.119538 0.996341 0.389951 0.866033 80 592
1.491383 1.60659 2.155686 1.925511 2.078878 80 593
-0.098341 -0.452449 0.331738 0.074699 -0.528304 80 594
0.99341 0.423592 0.454246 -0.450631 -0.089912 80 595
-0.300605 -1.07383 -0.643558 -0.713551 -0.455879 80 596
0.918744 0.851445 0.888259 0.385295 0.417309 80 597
1.605618 0.909233 0.547295 1.495379 -0.224564 80 598
0.784727 0.509942 -0.5328 0.866033 0.255084 80 599
0.598988 0.401931 0.152761 0.100064 -0.22703 80 600
1.641219 0.767582 1.708426 2.555272 0.944223 81 601
1.92322 1.25584 1.782334 1.223035 1.787885 81 602
0.067775 -0.360739 -0.236326 -0.674882 0.024746 81 603
0.637492 1.24394 1.233588 0.621784 1.20766 81 604
0.54481 0.42605 0.088589 -0.084071 -0.047278 81 605
1.244487 1.154112 1.520355 1.998548 1.798714 81 606
-2.255374 -2.407236 -1.409422 -0.515484 -1.913731 81 607
3.789227 3.346711 2.89983 3.710137 2.069489 81 608
0.83351 -0.11976 -0.224237 -0.50938 0.407185 81 609
2.365577 2.506836 1.658917 2.170496 2.801906 81 610
4.424181 3.31791 3.070521 3.621585 3.031687 82 611
2.820633 1.939751 2.217374 2.867338 2.138902 82 612
2.225346 1.846275 2.506648 1.739855 1.653867 82 613
-0.032328 0.278255 0.305765 -0.524375 0.262327 82 614
1.802246 0.961779 0.25083 1.770562 -0.396311 82 615
2.120625 2.133485 1.3784 1.02821 1.904316 82 616
3.749275 2.712107 3.823563 3.136761 3.558946 82 617
2.140793 2.706477 2.236745 2.262169 2.660773 82 618
2.586606 2.669784 1.972605 2.989223 3.278637 82 619
2.407402 2.265946 1.33463 2.727402 1.833315 82 620
0.948072 0.310063 1.187171 0.22727 0.667425 83 621
0.425045 1.163886 1.35572 0.654123 1.626256 83 622
1.840203 2.2576 1.776636 1.622252 1.724056 83 623
1.776018 1.217763 1.489198 1.509486 0.799445 83 624
2.052856 0.483944 1.199757 0.671786 1.226159 83 625
0.02805 -1.123567 -0.987157 -0.763801 -0.871029 83 626
-1.564365 -1.64294 -1.023999 -0.792119 -1.350529 83 627
1.316751 1.144991 1.247649 1.232533 1.477334 83 628
1.085868 -0.705344 -0.691073 0.012983 -0.236554 83 629
2.707657 2.404024 2.720966 2.630739 1.889755 83 630
2.21114 1.090138 2.041493 1.44908 1.412668 84 631
0.281661 0.888173 0.402082 0.564913 0.685312 84 632
1.494889 1.888878 0.847783 1.018847 1.821881 84 633
0.247077 2.140981 1.225912 0.691394 0.384915 84 634
-0.911687 -0.2214 -0.773733 -0.434171 -0.570642 84 635
3.182896 1.552284 2.482527 1.771791 1.599109 84 636
0.919385 0.513015 0.66905 0.777656 1.255418 84 637
1.507767 0.846191 1.740036 1.418839 0.738909 84 638
0.822005 0.416856 0.937647 0.399571 0.28996 84 639
3.913183 3.254111 3.584869 2.879129 2.155036 84 640
2.555715 1.983083 1.728842 1.760316 1.164174 85 641
2.938339 3.06201 2.013188 1.938647 1.572132 85 642
-0.512984 -0.76815 -0.350133 0.792188 -0.383254 85 643
4.467069 2.26678 2.337601 2.356803 3.426065 85 644
1.54365 2.222814 2.246283 2.114307 2.141677 85 645
-0.980262 -1.622026 -1.85031 -0.780293 -0.299125 85 646
-1.213455 -0.844323 -0.07867 0.050803 0.732341 85 647
3.673388 2.962312 2.141901 2.645402 3.001593 85 648
1.542018 1.151195 1.165684 1.882715 1.762456 85 649
1.807502 1.29702 1.081539 2.015337 0.68072 85 650
1.659493 1.300455 0.488737 1.197803 0.82903 86 651
-1.05801 -1.265253 -1.345328 -1.230212 -2.053389 86 652
0.406243 0.73001 0.087602 -0.410241 0.107848 86 653
0.976289 1.186156 0.197359 0.330087 0.160385 86 654
-0.753864 -0.644017 0.805294 -0.310884 0.506399 86 655
0.591134 -0.015698 -0.166079 -0.55944 0.929504 86 656
1.274777 0.875216 1.849215 2.494095 1.013333 86 657
-3.395147 -2.567151 -2.386929 -2.877669 -2.757512 86 658
-0.466543 0.000565 0.144795 0.410313 0.318818 86 659
-2.600393 -2.23237 -1.972314 -1.571594 -2.320257 86 660
2.414803 2.3375 1.989073 2.94198 3.028176 87 661
2.454617 2.378713 2.733972 2.762851 2.390582 87 662
0.751104 1.137227 0.080942 0.039954 1.116324 87 663
0.091725 -0.009585 0.935287 1.180397 0.786696 87 664
3.709048 2.179158 2.794333 2.408984 1.712576 87 665
2.865746 2.307118 1.959418 2.925781 3.24832 87 666
4.319502 2.471682 4.046958 2.252374 2.385325 87 667
3.118107 3.092938 2.541734 2.984973 2.86543 87 668
4.435165 2.301749 2.332982 3.040276 2.067326 87 669
2.281565 1.692082 2.431021 2.358245 1.361036 87 670
1.28877 1.901134 1.722781 1.108539 1.237051 88 671
-3.281081 -2.37126 -3.209009 -3.087764 -2.173564 88 672
0.971307 0.485527 0.960125 2.312738 1.656673 88 673
0.187995 -0.155986 0.861733 0.189807 -1.277669 88 674
-0.435447 -0.475281 -0.124187 0.643096 -0.896981 88 675
1.308694 0.854321 1.032744 -0.234894 0.628009 88 676
-1.378356 -1.351243 -1.103624 -0.329336 -1.813905 88 677
1.004671 1.786123 0.997385 0.91518 0.526683 88 678
-1.343445 -0.974378 -2.266123 -1.213118 -0.982328 88 679
-0.206697 0.76312 0.539051 0.969136 0.10332 88 680
1.930075 1.406905 0.980012 1.536145 1.667662 89 681
0.778758 0.819546 0.196432 -0.022077 0.352622 89 682
1.185767 1.650308 0.801583 1.233407 0.758487 89 683
2.216187 1.606194 2.762421 2.305025 2.115857 89 684
1.615849 1.629706 1.250695 1.851087 2.400034 89 685
-0.731946 -0.70433 -1.262034 -0.12325 -0.743059 89 686
1.712223 1.878147 1.191965 1.508981 0.740354 89 687
-1.998191 -2.549578 -1.655285 -2.118685 -1.185055 89 688
1.031794 0.137413 0.389792 1.369248 1.166964 89 689
0.888498 0.548144 0.235538 0.509755 1.503334 89 690
0.707394 1.081983 0.053859 -0.257 -0.583191 90 691
-0.740114 -0.57822 -1.668737 -0.964969 -0.9863 90 692
-2.092998 -0.72925 -1.014271 -0.321605 -1.496295 90 693
-0.299377 -0.400627 0.187989 -0.012249 -0.189213 90 694
-3.046897 -2.568594 -2.105641 -1.821763 -1.88556 90 695
-0.917096 -0.969749 -0.81709 -0.711576 -0.62113 90 696
-1.707697 -0.280849 -0.843889 -0.522948 -1.415649 90 697
-1.087083 0.27106 -0.206656 -0.26665 0.200206 90 698
-0.07077 -0.15809 -0.08009 0.210213 -0.773962 90 699
-1.934443 -1.811764 -2.051255 -2.368246 -1.038933 90 700
-0.991874 0.090838 -0.163576 -0.206689 -0.898127 91 701
-0.575581 -0.645518 -1.359433 -0.743997 -0.304993 91 702
0.330619 0.78452 -0.063959 1.02567 -0.086928 91 703
0.434143 1.264829 -0.11199 1.098126 0.316403 91 704
2.147395 1.431556 0.972192 2.441907 1.979533 91 705
1.604677 1.601274 1.775435 2.801279 2.557344 91 706
2.27059 1.954318 1.847932 1.375594 0.857371 91 707
1.964357 1.479589 1.534561 1.292644 1.911399 91 708
0.541614 -0.257444 -0.129277 0.176252 0.488148 91 709
0.333906 0.187613 -0.464376 -0.331858 -0.173603 91 710
1.590553 1.582396 1.362498 1.332513 0.954077 91 711
0.331939 0.99712 0.096704 -0.082027 -0.534803 91 712
2.876432 1.570096 2.998002 1.316496 2.207273 91 713
1.651433 0.571756 1.259431 1.193749 1.666498 91 714
1.011631 1.122704 1.811616 0.496601 1.18552 91 715
2.349332 2.166779 1.453642 1.201447 1.797051 92 716
0.588127 0.622899 1.215397 0.259908 1.19204 92 717
-0.155381 -0.674504 0.570155 0.0831 1.151332 92 718
4.120856 2.922854 3.139346 2.960075 3.049099 92 719
0.934712 1.73022 1.166876 1.186004 0.517471 92 720
0.846528 1.899251 -0.204063 -0.088225 -0.15194 92 721
1.32641 2.202493 1.814511 1.992391 1.688847 92 722
1.710873 1.93747 2.021643 1.129587 2.772343 92 723
-0.602631 0.352238 -0.128699 0.253009 -0.019737 92 724
2.657766 1.956629 1.89961 2.441334 2.807129 92 725
2.18159 0.933451 1.511513 1.729436 0.980792 92 726
1.245851 1.317455 1.008348 0.960667 2.505269 92 727
0.965142 0.712507 -0.191869 0.064934 1.296963 92 728
0.395163 0.217554 0.607308 -0.269754 1.383058 92 729
1.740344 1.439273 1.980331 1.328637 1.684662 92 730
0.552601 0.500739 0.521946 0.353701 0.211369 93 731
0.310075 -0.836278 -0.107862 -0.252328 -0.957346 93 732
2.560732 2.153484 2.545737 2.646706 2.937485 93 733
-0.119036 -0.708108 1.043787 0.570785 0.30296 93 734
0.504177 0.032221 0.910209 -0.256982 -0.040278 93 735
1.457549 0.628769 -0.913409 1.452329 0.809071 93 736
-0.809755 -0.780892 -0.39272 -0.100112 -0.66704 93 737
-1.744346 -1.32515 -1.523541 -1.580885 -1.777949 93 738
2.620155 0.998601 0.445261 -0.337347 0.369384 93 739
2.513257 0.816554 1.05501 1.755644 1.260854 93 740
-1.482718 -1.201854 -0.29167 -0.512104 -0.96467 93 741
-1.494923 -1.3411 -0.669076 -0.82215 -0.84017 93 742
0.878216 1.761628 0.331483 1.385659 0.954391 93 743
-1.200423 -0.80781 -1.002638 -0.931899 -1.077436 93 744
1.021714 0.995351 1.685734 0.787906 0.63483 93 745
2.096463 2.367867 1.396787 1.444207 1.216932 94 746
1.929001 1.770196 1.736476 1.24955 1.195654 94 747
-1.396953 -2.369415 -1.824159 -1.190153 -0.981491 94 748
-1.218179 -0.256692 -1.615023 -0.587703 -1.992833 94 749
-0.793961 -0.914844 -1.38825 -0.957582 -1.885444 94 750
-0.79401 -1.335238 0.047399 0.003977 0.073846 94 751
-0.158762 0.022995 -1.000801 0.528725 -0.554736 94 752
0.213124 0.025535 -0.936919 -0.669693 -0.045955 94 753
-0.726438 -0.58728 -0.021913 -0.664766 -0.757721 94 754
-0.534432 -0.658933 -0.573554 0.425772 0.176728 94 755
-1.798497 -0.557119 -0.837582 -0.275773 -0.271237 94 756
2.246364 1.49404 1.928632 1.875637 1.367719 94 757
1.632485 0.954344 1.219049 0.904184 1.355834 94 758
-0.511375 -0.148323 -0.283415 -0.165212 0.093692 94 759
-1.670122 -1.143349 -0.568233 -0.332117 -0.223525 94 760
-0.214188 -0.551543 -0.307289 0.777445 -0.429457 95 761
0.456133 0.848088 1.16651 0.516398 0.604211 95 762
3.342544 2.816569 2.730256 2.374788 2.01291 95 763
1.879522 2.108135 1.487356 1.249499 1.169012 95 764
0.62597 -0.009512 0.653628 0.786022 0.659276 95 765
2.031401 1.73314 1.762176 1.967742 2.358197 95 766
-0.289072 -0.139941 0.310388 0.131608 -0.873838 95 767
0.835382 0.177989 -0.260191 1.436549 -0.470362 95 768
3.870934 3.846086 3.580979 2.270776 2.942551 95 769
-0.727935 -1.465456 -0.550816 -0.876244 -0.952144 95 770
-0.213444 -0.047586 -0.112317 -0.699596 0.574952 95 771
3.42858 2.695949 3.069104 1.941647 2.183566 95 772
-0.589844 -0.617462 0.359747 -0.26725 0.276967 95 773
-0.091786 0.196959 -0.408756 -0.131578 0.252364 95 774
1.530312 1.044748 0.63945 1.135637 0.883641 95 775
0.951895 0.494555 0.903969 0.762666 0.115127 96 776
0.77744 -0.276794 1.357731 0.409759 0.34672 96 777
-0.118682 -1.60059 -0.314746 -0.274517 -0.583465 96 778
0.062641 -0.107688 0.146449 -0.19608 1.020413 96 779
-1.492024 -0.119456 -1.070709 -0.665568 -1.350641 96 780
2.438486 1.624084 1.38311 2.275056 2.638479 96 781
0.020366 -0.247836 -1.797014 -0.95284 -0.355155 96 782
4.404942 3.662484 3.88016 3.920962 3.632921 96 783
1.604902 2.050511 0.24668 0.068865 1.488117 96 784
3.894525 1.67734 1.945526 2.579738 1.433041 96 785
0.860508 0.469302 0.308213 0.193143 -0.118347 96 786
1.372465 0.486278 1.700495 1.794334 0.594108 96 787
0.30737 0.542874 -0.083065 -0.156531 0.391195 96 788
-0.240634 -0.796284 0.405748 -0.753322 -0.321725 96 789
1.609311 1.532204 0.974628 1.314037 0.710418 96 790
-1.752418 -0.693246 -1.162209 -0.742734 -1.132071 97 791
0.587486 1.112996 -0.371 0.39529 1.114895 97 792
0.482696 0.59661 0.464741 1.347739 0.154327 97 793
-0.141509 -0.264479 0.465969 0.619274 -0.192077 97 794
-0.452792 -1.132968 -1.237153 -0.093126 -0.267814 97 795
-0.261173 -0.22082 -0.666449 -0.100232 -1.045955 97 796
1.851233 -0.515325 0.999246 0.127372 0.809825 97 797
-1.880774 -1.904355 -1.321418 -1.34675 -1.319413 97 798
-1.659533 -1.339124 -1.400184 -1.474887 -0.650935 97 799
2.0944 2.194944 1.091054 1.155548 0.666863 97 800
0.423991 0.840317 0.955589 0.311471 1.058547 97 801
0.862876 0.872227 0.996713 0.885948 0.914502 97 802
1.640046 1.705952 1.709081 2.041592 2.266022 97 803
-0.318036 -0.076595 0.433864 -0.461172 -0.481436 97 804
-0.268784 -0.921707 0.563973 -0.517555 -0.200635 97 805
1.468977 1.40797 1.056644 2.109799 1.660418 98 806
3.085516 2.686292 2.401173 1.945986 2.849309 98 807
2.214792 2.414703 2.655591 3.280996 3.268286 98 808
-0.452352 -0.656206 -0.542839 0.46185 -0.135179 98 809
-0.35017 0.997749 0.72086 0.674671 0.777852 98 810
2.695037 1.404051 0.66797 1.394607 2.139036 98 811
-0.438991 -0.194638 -0.396648 0.603242 -1.256453 98 812
1.780216 1.24509 2.115719 0.855068 2.608438 98 813
0.909837 -0.178448 0.338091 1.003825 1.085438 98 814
-0.952915 -0.916694 -0.506068 -0.460355 -0.662175 98 815
-0.521106 -0.408805 0.833997 -0.301787 -0.588673 98 816
2.783568 2.089122 1.618414 1.501887 1.257502 98 817
-1.848998 -1.355664 -0.16898 -0.770823 0.080257 98 818
-1.800152 -0.893253 -1.290439 -0.192727 -1.124091 98 819
-0.623257 0.791651 -0.529084 -0.443078 0.220284 98 820
1.423657 2.174133 2.72315 2.224027 1.897108 99 821
0.551349 0.553325 0.602261 0.223627 -0.833046 99 822
-0.973834 -1.345909 -0.518027 -0.292628 -0.520277 99 823
-0.691397 -0.253641 -0.480489 -0.476015 -1.110909 99 824
0.690974 0.404447 0.096662 -0.128703 -0.738713 99 825
-1.268768 -1.321066 -1.332691 -1.593852 -0.644009 99 826
1.793914 1.996934 1.873683 1.498367 1.935271 99 827
3.935667 2.247674 2.65216 2.547665 2.910364 99 828
-1.919759 -0.958468 0.22889 -0.713964 -0.224216 99 829
-0.219357 0.213815 1.13157 0.449998 0.568442 99 830
3.099162 1.817729 2.542055 1.887286 1.906777 99 831
-0.681542 -0.62539 0.370766 0.0581 0.406132 99 832
-0.372422 -1.167953 -0.349703 0.2756 0.330831 99 833
-0.568619 1.508158 0.152404 -0.2091 0.08975 99 834
0.055004 0.427281 -0.373204 0.283187 0.095891 99 835
1.371768 0.234061 0.682679 0.929735 0.558575 100 836
1.412552 1.395979 1.157572 0.460237 1.096693 100 837
0.383296 0.274255 1.00588 0.883718 -0.55048 100 838
1.68577 1.96808 0.687474 1.971558 1.269459 100 839
0.983861 0.985792 0.741324 0.172043 1.286303 100 840
0.358792 -0.293794 0.503665 0.452747 0.116639 100 841
0.503805 0.077294 1.008872 0.100028 0.394012 100 842
-1.237913 -0.936384 -0.633016 -1.072246 -1.685008 100 843
1.891349 2.347562 2.246718 2.682223 1.701026 100 844
3.185558 2.546533 1.643462 2.346743 3.489933 100 845
0.85391 1.01187 0.564937 1.568802 1.34423 100 846
1.095442 1.049886 0.938837 0.97706 0.737601 100 847
0.803556 2.013369 1.310647 1.520971 1.317413 100 848
1.955153 1.348993 0.602075 0.540823 1.30709 100 849
0.415196 -0.945822 -0.035818 0.506967 0.764624 100 850
1.258045 0.135693 0.231431 0.514275 1.15866 101 851
0.92656 0.946317 1.01289 0.702485 1.514065 101 852
-0.305622 -0.871808 -0.659541 -0.089254 -0.171237 101 853
-0.159976 0.595178 -0.894312 0.219953 0.031714 101 854
0.404638 0.481779 0.059972 0.211519 0.554563 101 855
0.117882 -0.365279 0.813221 0.357871 1.259727 101 856
1.378164 1.651946 1.035044 1.600462 1.294619 101 857
0.072717 -0.200433 0.726386 0.675098 0.074304 101 858
-0.773114 -0.740399 0.092153 0.098795 -0.46694 101 859
1.770084 2.269597 2.257143 1.717904 2.241994 101 860
0.762957 0.329307 0.129282 -0.912364 0.939028 101 861
1.434809 1.07182 1.603291 0.537001 0.970311 101 862
2.173429 1.066855 1.934611 1.037086 1.549219 101 863
1.576599 0.982235 -0.211335 1.116517 1.017119 101 864
2.251259 1.900485 2.208108 2.195519 1.935751 101 865
2.873451 2.969044 2.946673 2.503473 3.162989 102 866
1.314909 1.104856 0.660119 1.695268 0.514495 102 867
0.242018 1.049809 0.609655 0.873331 0.962886 102 868
1.502402 0.201965 0.206315 1.788389 0.443376 102 869
0.916471 0.457311 0.242933 1.083219 1.238858 102 870
1.541873 1.170024 1.5166 1.626523 2.239622 102 871
0.746324 0.062427 0.09374 -0.292821 -0.512904 102 872
-0.138374 -0.1456 0.180218 -0.229971 0.310974 102 873
-0.311666 -0.556242 -0.4652 -0.8697 -1.224942 102 874
3.557124 4.350124 3.923327 4.273097 3.321953 102 875
1.458249 0.601974 0.515657 0.330296 1.079348 102 876
3.624851 2.270019 0.776251 2.478554 1.543312 102 877
1.074117 0.961367 1.595019 1.406624 0.742398 102 878
0.504255 2.033159 0.615516 1.028735 1.851532 102 879
0.528781 -0.42707 0.262584 0.021275 -0.373108 102 880
1.464546 1.029297 1.234327 2.053417 1.110077 103 881
-0.940269 -0.544455 -0.863305 -0.460855 -0.929298 103 882
3.139917 1.848434 1.297336 2.175776 1.63606 103 883
0.897482 0.933408 0.620827 1.598426 0.919638 103 884
1.773806 1.576198 0.297299 1.536519 1.146585 103 885
4.14907 1.913341 2.834038 2.52651 3.347716 103 886
2.157612 1.926458 0.78298 1.503356 2.343278 103 887
2.298183 0.845208 1.156696 1.880212 1.076761 103 888
2.045799 2.157604 2.145339 0.787194 2.539448 103 889
2.242865 3.347837 2.726808 1.988638 3.434167 103 890
3.598247 2.816877 2.669344 1.524788 1.441676 103 891
2.466448 1.032581 1.219471 1.399256 0.527591 103 892
3.434314 1.940941 1.897255 2.088658 2.839526 103 893
2.095799 1.442336 2.161429 2.5085 1.717816 103 894
3.746376 3.682358 2.952299 2.845402 2.239298 103 895
2.645026 2.843934 2.362204 2.15179 1.743142 104 896
-0.188636 -0.165143 -0.555931 -0.293373 -0.039848 104 897
2.24483 1.720618 1.47903 2.118607 0.639977 104 898
3.289184 2.886891 2.880526 2.826372 2.753786 104 899
0.163249 0.243886 0.158998 0.98904 -0.161623 104 900
0.623121 -0.615839 0.739443 1.519365 0.514614 104 901
1.012213 -0.42824 1.057888 0.136595 1.182597 104 902
1.7043 2.738965 2.69658 2.720442 2.500411 104 903
1.126347 0.141349 -0.755717 0.729334 0.580156 104 904
0.048864 1.413964 0.684331 -0.534392 0.955964 104 905
-2.068039 -2.301055 -1.496742 -0.675145 -1.776969 104 906
1.66627 0.914755 1.869621 0.836933 2.287594 104 907
1.106402 1.06403 2.382858 0.562841 1.181612 104 908
3.121794 1.899242 1.402493 2.407414 1.893226 104 909
1.201989 2.886265 1.836639 0.367853 1.263283 104 910
0.731583 0.919603 0.378414 0.768994 1.071536 105 911
-1.446596 -1.466731 -0.723594 -1.18128 -1.206291 105 912
1.853723 2.762944 1.898836 1.906678 1.784598 105 913
0.061858 -0.655696 -0.254645 0.410157 0.953855 105 914
-1.306898 -0.952731 -0.912309 0.337467 -0.948331 105 915
0.168106 -0.954917 0.515667 -0.666448 -0.578717 105 916
0.233234 0.8038 0.521585 0.119788 -0.098597 105 917
1.346242 1.551322 0.676882 1.089995 0.6328 105 918
0.993468 0.719851 0.150569 1.041107 0.618252 105 919
1.069224 0.841468 1.952404 0.701726 0.655511 105 920
1.929779 1.109967 0.80397 1.685856 0.633463 105 921
2.059695 1.207296 1.606709 1.933595 2.105764 105 922
0.172354 0.095476 -0.554595 -0.044926 -0.281858 105 923
-0.755767 0.580213 -1.021564 -0.417042 0.030514 105 924
-0.386541 -0.720354 -0.150417 0.960054 -0.57328 105 925
1.621698 0.235099 0.694209 0.561826 -0.590334 106 926
2.780261 1.734624 1.70786 1.857729 2.868164 106 927
-0.971687 -0.188082 -0.588103 -0.219878 -1.774807 106 928
1.761986 2.172186 0.163451 1.962705 1.041223 106 929
0.581599 1.379529 1.516381 1.567225 0.533185 106 930
1.203461 -0.628634 0.747344 -0.019746 -0.069787 106 931
-0.491522 -0.412086 -1.212988 -0.481715 -1.122646 106 932
-0.709545 0.492553 0.171017 -0.337685 -0.522805 106 933
-2.12529 -0.748575 -0.835658 -0.926796 -0.955388 106 934
2.364332 1.207404 1.613267 1.52815 2.88986 106 935
0.251656 -0.332755 -0.290463 -0.016602 0.162927 106 936
-0.17113 -0.347568 -0.996405 -0.030268 0.176325 106 937
0.034208 0.805799 0.416987 0.200588 0.55976 106 938
0.922078 0.310942 -0.010715 0.350528 0.073451 106 939
1.283046 0.862189 0.887776 0.375936 1.485497 106 940
-1.154715 0.307916 -0.1841 -0.605183 -0.903281 107 941
2.068398 2.144201 1.991628 2.193073 2.326355 107 942
2.267323 2.288463 1.746693 2.556482 2.038636 107 943
4.681062 3.451025 3.239742 3.350024 3.446999 107 944
1.890271 1.585862 2.403314 2.182776 2.574591 107 945
4.394094 3.124119 2.802535 1.682517 2.383933 107 946
2.22771 0.874567 1.256718 1.959653 2.03218 107 947
3.748471 1.119145 1.295758 2.779629 1.794918 107 948
0.335788 0.895543 0.475733 0.241243 0.219454 107 949
1.922668 1.793841 1.203903 1.440607 1.785025 107 950
2.937189 2.130276 1.322763 2.11935 1.712377 107 951
0.890653 0.412753 0.686856 -0.189602 1.664998 107 952
1.147784 -0.118298 -0.018418 -0.587391 0.318036 107 953
0.971433 1.33815 0.413312 1.209022 1.517671 107 954
1.130621 1.726521 1.594202 1.390549 1.660203 107 955
0.296553 0.664315 0.530877 0.452233 0.933253 108 956
2.245812 2.748468 2.307697 1.597593 2.325521 108 957
-2.104321 -1.778583 -1.992592 -1.530271 -1.179877 108 958
1.642311 2.860852 1.561951 2.07166 1.949617 108 959
0.858085 0.507664 -1.175408 -0.068682 -0.765262 108 960
0.784638 0.657672 1.334924 1.286139 0.76618 108 961
2.119985 0.993011 1.040134 1.451112 1.66707 108 962
-0.443502 -0.357522 -0.698396 -1.600331 -0.744833 108 963
2.442079 0.734307 1.124587 1.319014 1.781643 108 964
-0.84692 -0.915513 -0.230222 -1.290144 -0.64294 108 965
1.728202 1.677352 2.119205 0.301486 0.745574 108 966
-1.12981 -0.572295 0.033362 0.086129 0.199197 108 967
-1.328342 -1.002689 -0.704947 -0.662677 -1.206491 108 968
1.878389 0.68876 1.013475 1.639669 1.142172 108 969
0.704186 1.481448 0.967615 1.05061 1.017808 108 970
-0.128391 -0.343628 -0.564894 0.492357 0.062708 109 971
-0.579021 0.645371 0.667026 0.112534 0.255281 109 972
-1.393759 -0.709309 -1.547306 -0.849621 -0.649962 109 973
0.13373 0.212806 -0.491383 0.551843 -0.221381 109 974
2.45722 2.487063 2.244551 2.178909 3.007682 109 975
-0.120066 -1.074459 -0.722914 -0.177414 -0.562465 109 976
-1.770716 -2.283437 -0.595146 -2.06636 -1.157775 109 977
-0.612419 -0.957112 -0.557238 -0.60972 0.175109 109 978
-1.493154 -1.578776 -2.094763 -1.657295 -1.82254 109 979
-1.278284 -1.056921 -1.088449 -1.244325 -0.713548 109 980
3.472589 1.938992 1.771763 2.44074 1.507057 109 981
-0.823777 0.014431 0.091503 -0.004064 0.141622 109 982
0.303688 0.928738 0.392421 -0.406112 -0.212327 109 983
1.114058 0.427514 -0.358441 0.781547 0.176839 109 984
-0.874427 -0.879111 -1.145254 -0.864204 -0.26347 109 985
4.270131 3.535877 2.470557 3.933464 4.64878 110 986
2.19169 1.777687 2.407348 2.43456 2.414271 110 987
3.326266 1.741841 1.656188 1.594611 1.381378 110 988
0.234894 0.580186 -0.590087 -0.124539 0.502643 110 989
3.495068 2.321391 2.897218 3.13093 3.001701 110 990
2.964273 1.848892 2.018911 1.665505 2.761671 110 991
4.431306 3.416608 3.990429 2.735413 3.150706 110 992
2.21898 1.068299 2.373047 3.432619 2.328423 110 993
1.576655 1.122509 1.53228 1.143169 0.91129 110 994
1.29899 0.282423 2.244175 0.573787 2.061905 110 995
1.196638 0.527892 -0.597466 0.781929 0.450488 110 996
1.74871 1.302691 1.344579 2.277847 1.297199 110 997
3.825209 2.859846 2.968484 2.587826 3.631051 110 998
0.899688 0.712093 0.318548 0.230946 0.176789 110 999
3.333681 2.7052 4.033536 2.699067 3.047515 110 1000
