id	y	o	k
1	0.995658675048483	1	2
2	-0.161371215957434	4	1
3	0.969167501035684	3	0
4	-0.240812805739924	4	2
5	2.45372396134593	1	7
6	-0.72707569325926	4	1
7	-1.56018692514251	2	1
8	0.649359816969336	3	0
9	1.01709702043141	4	2
10	-0.38719162782411	3	0
11	1.89093298272664	4	0
12	1.19268803187069	1	8
13	-0.150192096583667	2	7
14	-2.08276143544273	3	1
15	-0.308112314711109	4	1
16	-0.717083944934519	4	3
17	0.734800401473934	3	0
18	-0.704828208682888	3	2
19	-0.238153879924243	3	1
20	-1.12959257616706	4	0
21	1.91687643474785	2	7
22	-1.34095458367468	3	1
23	-0.214816865664529	3	2
24	1.58240780246185	4	5
25	1.70401564297026	1	4
26	1.58510198209811	3	7
27	1.90373442459349	4	3
28	-1.99940134451242	2	0
29	-0.782437413181617	4	0
30	-0.0228371109490117	2	1
31	3.66988054263663	2	4
32	0.287518586679263	2	1
33	1.28069821867414	4	1
34	0.897193938596372	1	4
35	-0.933206156291349	4	1
36	-0.405946724793927	2	1
37	1.77017657855728	3	6
38	0.758080380125738	4	1
39	0.573428118389414	3	0
40	-0.24746456169987	4	1
41	0.266165212984874	3	2
42	0.0966110549106157	3	1
43	-0.243972161076897	3	1
44	-0.601267321792362	3	1
45	1.30098627064953	2	4
46	-1.20401273802722	4	3
47	-0.880604695406109	3	0
48	0.455010059375102	3	2
49	3.11609537808701	2	4
50	0.959108191727691	2	3
51	-0.0235040359437169	4	0
52	0.492019828750614	3	0
53	1.3915928651639	2	4
54	-1.2929935392603	3	0
55	-0.563213391151796	4	0
56	-0.214610292869611	4	0
57	-0.0169024555993611	4	1
58	1.14550468433539	2	7
59	2.00440672864131	2	1
60	3.06212239353436	2	3
61	0.230539728788208	2	1
62	1.43791001464583	2	1
63	0.0243499127328649	3	0
64	0.459208963200029	4	2
65	0.913024270617285	3	0
66	-0.803546254536773	3	0
67	0.319312393764533	3	2
68	0.162495387694846	1	0
69	0.968323356313204	4	1
70	-0.324475292586838	3	0
71	0.920919138239456	1	6
72	3.05469031502795	2	9
73	1.27116341264757	4	4
74	0.716498286472678	3	1
75	2.46719352753642	2	1
76	-0.858084151354491	1	0
77	1.9625907258877	4	0
78	2.37090692311803	2	1
79	1.36119233177307	3	6
80	2.56719996730802	2	4
81	-0.619976110117289	3	3
82	-0.496910292349759	3	2
83	0.96426076217443	2	0
84	1.1645655254167	3	4
85	0.157531399194759	3	1
86	3.04267521131633	4	3
87	-1.03173405353918	3	3
88	1.685701887604	1	5
89	0.976916674638495	3	5
90	1.71237044703461	2	1
91	2.50021222966634	4	5
92	1.87611324018486	3	4
93	2.08770080502949	3	3
94	-0.61175086745003	2	1
95	-0.3966724092649	2	2
96	1.62203172226876	4	1
97	-0.592949010187598	3	0
98	-0.737442650568513	3	3
99	-1.92372059316884	2	1
100	1.1848309294738	4	6
101	0.300847502532761	4	0
102	0.594099814070157	3	0
103	0.719089451190381	3	0
104	-0.678189032969064	4	3
105	1.15808856471699	3	0
106	0.574980403551296	2	2
107	-0.479236399145535	3	1
108	-0.547616285049533	4	3
109	-1.73983263608865	4	1
110	0.102027082030469	3	0
111	2.60202921544522	3	0
112	0.177675133507255	4	1
113	1.56184542748905	2	1
114	-0.0641947298678586	4	1
115	0.122210394937295	2	2
116	2.5616195900541	4	8
117	1.69160641515217	2	11
118	-1.07705349563309	2	1
119	2.37219542867868	4	0
120	0.314192264967906	3	0
121	0.458768858308904	4	0
122	0.46037034186652	1	3
123	-0.908883603360871	4	2
124	-0.296505723785701	4	1
125	-0.0181322748286189	4	3
126	0.43049743844126	3	3
127	1.66638597491906	2	4
128	0.10088018459899	3	9
129	0.0183603225804349	4	1
130	2.87010952684386	3	1
131	0.713611796810705	1	7
132	0.837189121867784	4	0
133	1.33192688670012	4	0
134	0.336298139709026	3	3
135	-0.0902949135265547	3	5
136	1.20441739125121	3	3
137	-1.82940584270738	1	2
138	-1.1258625768962	3	1
139	2.40121259538179	3	1
140	-2.16626242120386	3	1
141	0.691060049897366	1	6
142	2.17541708922132	1	6
143	1.39025156524856	2	3
144	0.489163208822341	4	2
145	2.175612102755	2	4
146	-1.26365137046358	4	0
147	1.05879113179741	2	0
148	2.29613450572484	2	2
149	0.627552876112183	2	6
150	0.721326983523739	3	1
151	1.07824329973388	2	9
152	-0.616970395196253	3	2
153	1.59603462540548	2	2
154	1.74223904746023	2	6
155	1.77068033361614	2	4
156	1.73499797098886	4	2
157	1.34180446107457	3	7
158	2.70823250088849	2	8
159	0.93616953442367	4	2
160	-0.166824435971198	2	0
161	0.146006417018308	3	2
162	0.00328207538043648	1	6
163	-0.960241160403272	4	0
164	0.399389460852197	3	1
165	1.13355856589898	3	3
166	0.987635910169957	2	3
167	-1.15778457190939	3	2
168	0.512653733330323	3	1
169	-0.900307815510375	4	1
170	3.18064436657218	1	6
171	0.783926801836217	2	6
172	1.19188369263657	2	1
173	1.63219143825734	4	2
174	1.58970654884769	4	2
175	0.317282878006462	3	1
176	0.333088512001164	4	0
177	2.52169558449509	3	2
178	2.37589494887901	1	4
179	1.61401850304861	3	7
180	0.61692250557833	2	0
181	1.25265894948886	4	0
182	-0.0794030508781794	3	0
183	0.819249616484292	2	3
184	1.06720312985574	2	0
185	1.39458486380617	2	7
186	0.211565922602652	3	0
187	2.04722945812922	3	9
188	2.08384380563785	2	5
189	0.634750706476992	2	1
190	-0.441903979377315	2	3
191	0.145600478824159	4	0
192	0.671002323120694	2	1
193	2.60512838832911	3	3
194	0.24657855500602	4	2
195	-0.445259967556074	2	1
196	-0.11008931037432	1	1
197	1.27802513346545	2	6
198	-0.660578427173273	3	2
199	1.08322478283372	4	8
200	1.11125552120773	2	6
201	2.01193128067782	3	1
202	-1.99757413350665	4	1
203	0.0235412849716137	4	2
204	1.58120967740699	4	2
205	1.37232894342909	3	3
206	1.0869543453465	1	1
207	0.974152718663542	3	5
208	0.837161648255925	4	0
209	0.661546445262141	4	1
210	-0.678994968707934	2	2
211	0.637237432047077	1	7
212	2.17417442051694	1	5
213	1.25252756684069	2	6
214	0.00245134041875634	4	0
215	0.706757143266577	4	1
216	1.52212972117947	2	2
217	-0.443060688484141	4	0
218	1.12037427957219	2	3
219	0.742420122088653	4	0
220	-1.22612497108417	4	1
221	-0.151370487734714	2	0
222	1.24282888646899	4	1
223	0.695987089547993	4	0
224	1.66433162120139	3	7
225	0.607755093217053	2	1
226	-0.487045687682936	2	0
227	1.61676237278344	3	2
228	1.65817272559858	1	4
229	2.12104553400684	2	4
230	-0.733326182440446	4	1
231	-1.16572454681952	3	0
232	-0.0627647282781553	4	0
233	0.13663492055198	2	0
234	0.404332875683052	3	0
235	1.23031176119415	4	3
236	1.33471080530775	4	3
237	1.93105145186671	1	4
238	0.260599648771134	2	1
239	-0.360992152662801	4	1
240	1.38213483309356	3	3
241	1.55925088708035	3	6
242	0.0339298259493541	4	2
243	-0.397375253395235	4	0
244	1.23316452744191	2	3
245	-1.80665566780943	4	1
246	1.71210003290786	3	5
247	1.21079265341961	2	0
248	1.1719207889068	3	2
249	0.818012697426975	3	5
250	-0.26075235834293	3	2
251	1.07923543905862	3	2
252	1.1561531631561	3	4
253	-0.368508780346848	3	2
254	0.342327630808515	1	1
255	-0.0815508548483534	4	0
256	0.660087067417539	4	0
257	0.742800298531866	4	0
258	2.04503276155664	1	4
259	0.507062527951652	4	0
260	1.4296610256014	4	0
261	-0.141453028840887	1	13
262	2.23081778838328	1	5
263	0.653366614077649	4	0
264	1.64372111270341	2	8
265	0.837950259982335	4	1
266	2.10028531107813	4	0
267	-1.19904043457344	3	3
268	-0.952088539524853	4	1
269	1.37482214233573	3	3
270	2.28812580461459	3	6
271	0.761229231100843	1	4
272	-2.15745012454827	4	0
273	0.36355000833574	2	8
274	0.698189096641084	1	9
275	-1.16548116418239	4	1
276	-0.142473365669408	4	1
277	0.285205943490498	4	4
278	0.122444285903949	3	2
279	-0.598996854571567	4	2
280	-1.11458529055664	3	0
281	-0.403083153236508	4	0
282	3.06672676963838	1	7
283	2.39747364071165	1	5
284	-0.133146980278	4	0
285	1.21277083276249	4	2
286	-1.36007317761525	4	0
287	0.0389551617106391	4	3
288	0.710733655750197	3	1
289	0.829070535737191	4	2
290	-0.609061895715835	3	1
291	0.518122771086818	3	2
292	0.976568786466067	3	0
293	-1.24015527406304	4	1
294	1.7930687631297	4	4
295	-0.06351287825195	4	1
296	1.74234062177752	4	5
297	2.53175537389091	2	5
298	0.802057316575591	4	2
299	1.58035861612137	2	4
300	-0.398740248767326	1	5
301	2.56623295131856	3	4
302	-0.717319696517326	2	1
303	1.71307103940513	2	1
304	-2.37179930778061	3	1
305	-0.0053714179489142	3	8
306	-0.461310880034342	4	0
307	0.0410408854264901	4	2
308	0.941021132444805	3	0
309	1.36604319760527	2	6
310	1.3992238155615	2	3
311	1.1264613633288	1	3
312	1.32359409114435	2	5
313	2.57663168210831	1	5
314	0.461215576627719	1	1
315	1.54237622088241	2	5
316	1.45106458688009	1	12
317	1.21066694047503	2	11
318	-1.77932134866816	4	2
319	1.68056619136956	1	6
320	0.26171101029427	4	1
321	0.109297550689474	3	1
322	2.28556657689684	3	5
323	0.173844679253407	3	2
324	2.07567851786685	3	6
325	1.52945668493404	2	0
326	2.48049149627154	2	4
327	-0.352605589178813	4	0
328	1.24112616021739	2	11
329	-0.420977457479102	2	1
330	-0.608121082385929	2	0
331	-0.536258568846838	3	0
332	1.2295171846916	2	10
333	1.16726999390628	1	1
334	0.704215692301637	4	2
335	1.98814603119549	2	3
336	-0.388399682778444	4	0
337	2.42496422813824	1	8
338	0.705245198599476	1	4
339	1.82602113993823	1	10
340	2.37624635605364	2	3
341	2.76908607710615	4	0
342	0.738539726670148	3	2
343	-0.582798608470211	1	1
344	1.56527518275419	2	8
345	0.317900949579043	1	2
346	1.83242801287488	2	5
347	1.49053073907915	4	0
348	-0.301365980625029	3	1
349	1.16663436990155	4	0
350	1.04949997628313	3	0
351	0.97380287162778	1	9
352	-0.52339285035633	4	2
353	0.60996157111978	2	3
354	1.85674403192924	3	2
355	2.2505180408827	3	4
356	-0.547619344214481	4	2
357	1.13504919549707	2	1
358	1.17900200836529	2	0
359	0.0924896054070551	3	0
360	0.830505687034484	3	7
361	2.47401527329565	2	8
362	1.04313531010843	4	3
363	1.93349581962774	2	5
364	0.0611157105098357	3	0
365	2.05140534893496	2	7
366	0.697977546740966	4	0
367	-0.794345782616241	3	1
368	1.57333146603417	3	4
369	2.1492561480918	2	7
370	0.0694760571647282	3	0
371	0.0674819462174761	3	5
372	2.26461612748221	4	2
373	0.48175870513535	3	3
374	1.91397636888523	4	2
375	0.275316896367943	4	1
376	0.40821327676497	4	1
377	1.24489396495652	1	3
378	0.656937147270406	1	12
379	1.62040364203757	3	7
380	-0.394806649679255	3	0
381	-0.94849998340053	3	0
382	-0.931376918660129	4	1
383	-1.6621957996621	4	0
384	-1.80997723049449	3	0
385	-1.05793032393337	3	2
386	0.291960608797105	4	2
387	-0.53846473458547	2	3
388	-0.566596357447354	4	1
389	-2.77330931301029	3	0
390	0.251017916262652	3	1
391	1.06613180555608	3	2
392	0.253698813898048	4	1
393	1.57411039222625	4	2
394	0.573678755899949	3	2
395	1.75371551363452	1	4
396	-0.918521230219881	3	1
397	0.593993891693393	4	1
398	-1.0258472324882	4	1
399	1.08718354674899	3	4
400	0.866093928528893	1	6
401	1.52284085790428	3	0
402	0.22139423129468	4	1
403	3.19056176558966	2	4
404	-0.463158956345429	4	1
405	0.588859877854409	3	8
406	1.68736758805309	2	7
407	0.754778103492255	2	3
408	1.64472903030658	4	7
409	1.8191380676926	2	4
410	0.38241257559238	3	2
411	2.49375068286571	4	9
412	-0.15205226427237	2	1
413	1.60821229544693	2	0
414	1.58088232385436	3	5
415	1.5125361207001	4	1
416	1.8777929638734	4	0
417	0.935520189535308	3	1
418	2.62067848622788	3	4
419	1.51808739948853	4	4
420	1.24491714664338	3	3
421	1.47523056874681	1	4
422	1.98447828058805	2	4
423	0.714642598477119	4	2
424	0.236025555852061	3	1
425	0.0640220607587907	4	2
426	0.541652345844425	2	7
427	2.20995462159922	1	10
428	-0.0481830242486619	3	3
429	1.2924434506177	2	6
430	-1.02693598262754	3	1
431	0.0208693033577827	3	1
432	1.45022791407625	3	0
433	1.24404563782857	4	2
434	1.92687965857154	3	5
435	1.53083417949192	2	8
436	1.82329565457863	2	6
437	1.53147396812949	1	8
438	1.11838368308835	2	4
439	-0.717747463114101	3	2
440	2.60836291924655	4	7
441	0.967403580510906	3	4
442	0.031223026063937	3	2
443	1.04810733342869	2	0
444	-0.688347582250163	4	1
445	-0.105734974261595	2	3
446	-1.36815095525418	2	0
447	-1.23412122350768	4	0
448	0.661559037691524	3	2
449	3.06545552900204	2	4
450	0.402812230499004	4	1
451	3.32308649878457	1	5
452	2.0018450270108	2	5
453	0.748409462575957	4	2
454	0.639546112534859	4	4
455	-1.95131534694482	3	0
456	0.418469485948327	3	1
457	0.724827671375305	2	2
458	1.668515997098	3	4
459	-0.350212563410144	3	1
460	0.662722161557644	3	0
461	1.1774319483701	3	2
462	-0.215149379066655	4	0
463	0.645225770560422	2	2
464	0.218635354873942	2	4
465	0.862655229903145	2	7
466	0.278689108052033	2	4
467	1.99799798189353	2	1
468	2.33793915899412	2	5
469	-0.74441122935048	4	0
470	0.736522937685601	2	0
471	0.353263352175455	3	2
472	1.31059405753299	4	4
473	-1.4359684548072	4	0
474	0.478036407591819	3	1
475	1.47205977575684	2	6
476	1.93400472649084	4	1
477	0.313368114373991	2	0
478	1.26455103507089	2	6
479	1.50207205042978	3	9
480	-1.52703331901567	2	1
481	1.50732302275087	2	7
482	1.28088645116981	2	5
483	1.19995821392675	2	5
484	0.768158363310437	1	2
485	-1.42328006055215	4	0
486	-1.99840249735097	2	1
487	1.98932043664856	1	2
488	0.485482999367132	2	3
489	-1.05120025362814	3	2
490	1.97509077199492	2	6
491	0.446405124389152	2	0
492	2.07547871477485	2	5
493	0.971847266078056	2	8
494	2.1281571261894	3	0
495	0.866491210514051	3	0
496	2.34884809783379	2	5
497	2.97775266984339	2	3
498	1.62631430137082	2	4
499	2.431287138448	2	5
500	0.779091863444552	3	0
501	2.11664202117869	2	3
502	1.59119876615921	3	8
503	-0.699471402022664	3	1
504	0.304506484958328	2	4
505	1.48740809870163	4	1
506	-0.133656068544768	4	1
507	2.1368932735211	3	0
508	2.00123808003241	4	2
509	-0.00441438538399559	4	0
510	1.98111941187406	3	3
511	0.270055622622691	4	3
512	1.57532914377636	4	1
513	-1.90207940992863	4	1
514	-0.38574579253034	4	0
515	1.57442368147508	1	8
516	3.40447464703957	2	6
517	0.943178250501216	2	6
518	-1.99318970978709	4	1
519	-0.630553366357131	3	0
520	0.353468642315016	1	0
521	0.0529064271979621	2	1
522	-0.29896369583473	4	2
523	-0.201154404093746	4	2
524	-1.54275652884335	3	1
525	0.0825451019095582	1	3
526	3.0264874789849	2	5
527	-1.05683711092981	1	3
528	2.56741155750189	2	4
529	2.80297561523031	2	10
530	2.38842653192141	2	7
531	-0.574995287945051	2	1
532	1.33562481718721	2	5
533	1.28110539811758	2	9
534	0.295584816396804	4	0
535	-1.8785651834717	4	1
536	0.311900621113739	3	8
537	1.63009027410573	2	4
538	0.623491697962901	1	1
539	0.50797295021388	4	2
540	0.76187810023678	4	0
541	0.355168128542595	4	1
542	0.353930567981656	3	1
543	-0.930272618634579	2	1
544	0.870341024385655	4	0
545	2.94955082585122	4	4
546	-0.692850654991241	3	1
547	0.26564605565945	4	0
548	2.03413509731178	2	3
549	1.48256727983166	4	2
550	-0.722776336791095	3	0
551	0.10814628652626	4	0
552	1.49169071828782	2	5
553	2.1878814889545	3	2
554	-0.0209915587104945	4	1
555	0.975895889246579	3	2
556	-0.264292928910156	3	2
557	-0.859353561090937	4	2
558	1.89711058618702	2	3
559	0.317091882196421	4	0
560	-1.86195897827083	4	1
561	1.87762908091326	2	5
562	1.13326991416349	4	0
563	2.83541817906327	4	0
564	-0.978486650490488	4	0
565	1.46674387619438	4	1
566	1.60193799415485	2	5
567	0.633451027075018	4	2
568	2.36619826084387	2	6
569	2.75762110063048	1	8
570	1.17854492366407	2	1
571	2.39434649745847	3	8
572	-0.692606516366729	4	1
573	2.42704411962435	2	4
574	0.503501827207709	3	2
575	-0.713598728050128	3	2
576	-2.1543133911763	4	1
577	0.450351038914155	4	0
578	1.66752735008899	1	8
579	2.18053380965041	3	9
580	1.30207128770046	3	2
581	1.00365934221092	4	2
582	0.480045937060558	3	5
583	1.0167970354404	1	5
584	1.58786069783798	2	4
585	-1.40908888253506	4	2
586	-1.95313944391846	2	1
587	0.0567581018499006	3	0
588	1.53521196453432	4	1
589	-0.58384702295779	1	0
590	2.26695965409025	2	9
591	1.12965990170666	4	1
592	-1.32990744123819	1	1
593	0.587062433204921	3	0
594	0.81108106223646	2	0
595	1.00728876051057	1	4
596	1.66218066956106	4	3
597	0.557419189296945	4	1
598	-0.860282147643863	4	1
599	0.329869688474271	4	2
600	2.19955008422154	3	3
601	1.35149214189795	3	1
602	-1.80315929372509	4	1
603	0.53977841779877	4	3
604	0.581656571000853	4	0
605	1.38017318306949	4	0
606	0.402711440357043	4	0
607	0.390456246842114	2	0
608	-1.24478359743119	2	0
609	0.506152858742247	4	0
610	2.16577197620565	3	2
611	-0.582226035273448	3	2
612	0.875134541856816	2	5
613	-0.791857682914447	4	0
614	3.05002329494031	1	4
615	-0.870532647929302	4	0
616	1.80182227710805	4	0
617	1.53353963392895	1	7
618	0.888471294107846	4	2
619	0.300345839826371	4	0
620	0.901407062608467	1	6
621	-0.909802651686361	3	4
622	0.963627285851812	3	1
623	0.635746953665259	4	0
624	-0.968023812094766	4	0
625	2.37328900907715	3	3
626	2.84745350561868	3	7
627	0.735313876643882	3	1
628	2.33905017513729	3	7
629	3.07876134643208	2	7
630	-0.742260029321267	3	0
631	2.35454377687591	2	4
632	1.23756268195102	4	2
633	1.3989677694637	3	0
634	1.47309810399277	2	4
635	2.18661887730338	3	0
636	0.235151881686825	2	2
637	-0.168147876245545	4	2
638	-0.431537528172374	1	1
639	0.598499613840556	3	1
640	1.26717155142366	3	3
641	0.950525307095373	3	3
642	1.82660228612419	2	9
643	-0.526445183059309	4	0
644	0.75107937611701	2	1
645	0.777041347298228	2	6
646	0.560566667240881	3	6
647	2.22159930119019	1	2
648	1.6362345061026	1	4
649	3.08389006772102	1	3
650	0.460875828254641	3	1
651	-1.0152466800752	3	2
652	0.114125345505466	4	0
653	1.28686069187744	3	1
654	1.26947554708182	3	3
655	0.900548018344935	3	1
656	0.0153487724658813	4	0
657	0.745451820843313	2	1
658	1.45816704074581	1	4
659	0.0611748592637839	3	0
660	1.3887278647514	2	5
661	1.14738705702435	4	2
662	-1.03081586532618	4	0
663	0.81810313586509	4	0
664	-1.15563777666044	3	0
665	1.35829220990591	3	8
666	1.38828762505235	1	6
667	-0.730327487390059	2	1
668	2.07886600403046	3	3
669	-0.925541737082644	4	1
670	1.97531066251056	3	0
671	-0.663748615845379	3	0
672	-0.0865476659304074	3	2
673	-1.421345963138	4	1
674	-0.306490077944847	3	0
675	1.58695108927333	3	1
676	2.12041094159428	4	1
677	0.165913243059737	4	1
678	-0.488608925354607	3	0
679	0.0448260217454671	2	2
680	0.247967795410385	4	0
681	0.839015599723892	4	1
682	0.680506669247328	1	4
683	0.187699763634833	4	2
684	-0.148558106457663	1	5
685	-0.380125806826779	2	1
686	-2.08000474535699	4	0
687	1.89917812970224	2	6
688	1.55524161529792	4	1
689	1.93424883555441	2	4
690	-1.33631814565213	4	2
691	-2.25998324984038	4	1
692	-1.0886147141882	3	0
693	0.939875240029537	2	7
694	2.45567118959771	1	5
695	1.42943427805726	4	5
696	0.88444424963045	1	3
697	0.669047200605063	4	1
698	-0.876155889446937	4	0
699	1.09896101798026	3	7
700	-1.14297557937048	4	0
701	0.0994004903559674	3	2
702	0.0714289527979202	4	1
703	0.414155963540942	3	7
704	0.537671741113359	3	7
705	-0.387605956768926	2	1
706	-0.355224174247344	3	1
707	0.400273139291818	4	2
708	-0.305504614944	3	0
709	-1.08165113949544	4	2
710	-0.397647666714992	4	0
711	1.31578996623194	3	7
712	0.669812461512801	4	2
713	-2.78718012289694	4	0
714	1.14431742042849	2	1
715	1.47762460985404	2	0
716	-0.194667905847151	4	4
717	0.848925585875908	4	1
718	-0.875477922029546	4	1
719	1.83853433970373	2	3
720	2.12553144156699	3	1
721	2.69782546379338	2	6
722	1.97237300815676	2	7
723	-1.97116944953287	3	1
724	-1.00916103908181	3	0
725	2.17005307758683	2	6
726	0.406853150459868	2	6
727	0.855479823995055	4	1
728	2.50324945829396	1	2
729	1.26897623608912	2	4
730	1.41081735119181	4	0
731	-2.52746838336333	2	3
732	1.12695668464	3	2
733	0.332948606585299	2	7
734	1.6011628131576	2	6
735	0.0284214806207369	3	1
736	1.20421657226934	2	7
737	0.492139909907586	3	0
738	-0.00667927152731392	3	0
739	0.800037450734992	2	3
740	-1.71710381280951	4	1
741	1.46231767826676	2	6
742	1.12501007611714	4	1
743	1.5414254960266	4	1
744	-0.284708910626406	1	2
745	0.064973518513341	3	2
746	0.895400795849399	3	1
747	0.892681576436105	3	1
748	1.07321520990295	1	0
749	-0.992927235749743	4	0
750	-0.67459984371635	4	1
751	0.166542663593203	2	7
752	3.42958219494974	2	2
753	-0.816303914544491	4	0
754	-0.553610561056509	1	1
755	2.10626081198941	2	1
756	1.99898655022989	3	2
757	-0.753025581415816	3	1
758	2.77398625858984	2	8
759	1.22948968734118	2	6
760	0.878040552633176	4	0
761	-0.488424800420555	3	0
762	1.13885835937139	4	0
763	-0.210421222163193	2	1
764	1.00341943902733	3	2
765	1.94459326731765	2	11
766	2.34726469769235	4	2
767	0.500972982634338	4	0
768	2.11123600557297	1	10
769	0.769864074320776	2	1
770	1.26573169737021	1	5
771	-1.34394747669728	3	1
772	1.22248141732297	3	8
773	1.06064436544857	1	0
774	-0.663296655385942	2	0
775	2.31603177449712	3	7
776	0.908862467433327	3	2
777	2.9263331928174	2	6
778	-0.290279243767495	3	2
779	1.9749875711757	3	3
780	0.257865011190573	4	1
781	-0.25494503757043	4	0
782	1.71476354523914	3	4
783	0.444098551798715	4	1
784	-0.00454427193715426	3	0
785	2.12679511128282	2	4
786	1.86734399929312	1	4
787	-0.145986589881622	4	0
788	0.502783120789685	4	1
789	0.831966449042164	3	0
790	1.30475528136278	3	4
791	1.88553585932795	2	8
792	1.58628040760882	3	4
793	-1.60053147252551	4	0
794	0.771879185669489	4	10
795	-1.32059181699334	3	1
796	1.66120008855508	2	10
797	1.00543579583948	3	1
798	2.09237872565452	3	4
799	-0.575177366077901	2	1
800	1.26098076506708	4	7
