id	o1	o2	k
1	3	2	0
2	2	4	3
3	2	2	0
4	3	2	0
5	3	1	1
6	2	2	6
7	2	3	0
8	3	2	1
9	2	4	0
10	1	3	2
11	3	1	1
12	2	1	0
13	1	2	0
14	2	5	2
15	3	5	1
16	3	2	1
17	3	3	1
18	2	5	0
19	2	5	0
20	3	2	1
21	2	3	2
22	1	5	3
23	2	2	9
24	3	4	1
25	3	1	1
26	3	4	4
27	3	4	1
28	1	1	0
29	2	4	4
30	1	2	3
31	1	1	0
32	3	3	0
33	2	2	8
34	1	3	8
35	3	3	0
36	3	5	1
37	2	1	7
38	3	1	4
39	1	3	4
40	3	4	2
41	2	5	2
42	1	2	6
43	3	3	2
44	2	1	0
45	2	5	7
46	1	2	0
47	1	1	13
48	2	3	8
49	2	2	1
50	3	2	0
51	3	4	1
52	3	3	0
53	2	5	1
54	2	5	4
55	2	1	3
56	3	2	0
57	3	2	0
58	3	3	4
59	1	2	7
60	2	3	2
61	3	2	7
62	1	2	8
63	2	2	7
64	3	2	0
65	2	1	0
66	2	1	1
67	2	2	0
68	1	2	5
69	3	2	1
70	2	1	0
71	1	2	0
72	2	3	0
73	3	2	0
74	1	4	1
75	2	5	2
76	2	3	3
77	3	2	1
78	1	2	0
79	3	1	0
80	3	1	0
81	2	3	9
82	2	3	4
83	2	3	3
84	2	2	1
85	3	2	1
86	3	5	1
87	3	4	1
88	3	1	1
89	2	4	4
90	3	5	1
91	2	1	2
92	3	1	0
93	1	3	3
94	2	5	3
95	3	1	1
96	2	3	2
97	1	5	0
98	2	3	0
99	3	1	0
100	3	2	1
101	3	1	0
102	3	2	3
103	2	2	4
104	1	4	5
105	2	4	1
106	2	1	8
107	2	3	5
108	1	3	0
109	2	5	1
110	2	3	0
111	1	3	8
112	2	3	8
113	1	3	4
114	3	5	0
115	3	3	1
116	2	3	2
117	2	5	2
118	3	4	0
119	2	5	1
120	3	3	8
121	2	3	8
122	3	3	1
123	2	4	3
124	1	1	0
125	1	4	1
126	1	4	9
127	3	1	0
128	3	1	0
129	2	5	4
130	3	1	0
131	3	3	3
132	3	1	0
133	2	2	2
134	2	4	3
135	2	3	0
136	3	1	0
137	3	2	1
138	1	4	2
139	2	3	5
140	1	2	5
141	2	3	1
142	2	2	0
143	1	2	2
144	2	2	8
145	3	5	1
146	2	3	1
147	2	2	0
148	3	4	4
149	2	3	1
150	2	5	11
151	3	1	0
152	2	5	2
153	2	1	0
154	3	2	0
155	3	2	0
156	3	5	1
157	2	1	0
158	1	3	1
159	2	3	1
160	2	5	1
161	3	2	3
162	3	3	2
163	1	5	2
164	1	2	8
165	3	1	3
166	3	3	0
167	2	5	1
168	2	4	2
169	2	1	0
170	2	2	5
171	2	2	3
172	2	1	0
173	1	4	4
174	2	4	1
175	1	4	2
176	3	5	1
177	2	4	1
178	2	4	3
179	2	2	1
180	3	1	2
181	1	2	0
182	2	2	1
183	3	5	1
184	3	2	0
185	3	1	10
186	2	1	1
187	3	2	2
188	3	2	0
189	3	3	0
190	3	3	0
191	3	2	0
192	1	1	10
193	2	2	7
194	3	5	5
195	2	5	3
196	2	2	3
197	1	5	2
198	3	2	0
199	1	2	7
200	3	3	3
201	3	2	0
202	1	4	1
203	3	4	4
204	1	1	5
205	3	3	0
206	3	1	0
207	2	5	2
208	3	5	10
209	3	2	1
210	3	2	1
211	3	1	0
212	3	3	2
213	2	1	8
214	3	1	4
215	2	3	1
216	3	1	0
217	2	3	9
218	1	3	3
219	3	2	0
220	3	2	1
221	3	1	2
222	1	4	7
223	2	1	0
224	1	4	4
225	3	1	0
226	2	5	0
227	2	1	3
228	3	2	1
229	2	4	10
230	2	2	7
231	2	2	5
232	2	3	3
233	3	1	0
234	2	2	0
235	3	2	3
236	3	2	0
237	2	1	1
238	1	2	0
239	3	2	1
240	2	1	0
241	2	5	1
242	3	5	3
243	2	2	4
244	3	2	2
245	3	3	1
246	2	2	0
247	3	1	0
248	1	2	0
249	2	3	0
250	1	4	3
251	2	3	5
252	2	1	4
253	2	5	2
254	3	1	0
255	3	2	1
256	2	2	7
257	3	2	5
258	3	1	7
259	2	2	7
260	1	3	1
261	2	2	0
262	2	1	7
263	2	2	1
264	3	2	0
265	2	1	0
266	3	2	0
267	1	3	1
268	2	3	8
269	3	4	0
270	2	2	6
271	1	2	7
272	2	2	5
273	1	3	4
274	3	1	0
275	2	4	3
276	3	2	1
277	2	5	0
278	3	1	0
279	3	2	10
280	2	2	1
281	2	2	3
282	1	3	5
283	2	2	0
284	3	2	0
285	2	3	1
286	2	1	12
287	2	5	3
288	2	1	0
289	1	3	8
290	2	3	5
291	1	4	9
292	2	3	0
293	1	2	5
294	2	3	1
295	3	5	1
296	3	1	0
297	3	3	1
298	3	1	1
299	2	2	2
300	2	5	2
301	3	1	0
302	3	1	0
303	3	3	7
304	3	2	0
305	2	2	3
306	2	3	2
307	2	3	9
308	3	1	1
309	3	5	2
310	3	1	2
311	1	2	8
312	3	2	7
313	3	2	0
314	3	1	0
315	3	2	8
316	3	3	3
317	2	2	0
318	2	3	5
319	3	2	0
320	2	1	0
321	2	1	6
322	3	1	1
323	2	4	2
324	2	1	1
325	1	5	2
326	3	1	0
327	3	3	3
328	3	1	0
329	3	4	3
330	3	2	3
331	2	2	3
332	3	4	1
333	3	1	0
334	3	2	9
335	3	3	1
336	3	2	0
337	3	1	1
338	3	1	0
339	3	2	1
340	3	2	0
341	3	2	0
342	2	4	1
343	3	4	1
344	2	2	0
345	2	2	0
346	3	1	0
347	2	4	2
348	3	5	0
349	2	1	5
350	2	5	5
351	3	2	0
352	2	5	6
353	2	3	3
354	2	2	0
355	3	2	0
356	3	1	0
357	3	1	6
358	2	4	5
359	2	4	1
360	2	2	1
361	1	4	4
362	1	2	8
363	3	1	0
364	2	3	0
365	3	4	3
366	2	1	0
367	1	1	5
368	1	2	0
369	3	1	2
370	2	4	2
371	3	1	0
372	3	1	0
373	3	2	8
374	2	2	1
375	2	2	0
376	3	1	0
377	1	2	4
378	3	2	5
379	3	2	0
380	2	4	2
381	2	3	1
382	2	2	3
383	3	3	7
384	2	4	7
385	2	2	0
386	2	2	8
387	2	2	1
388	2	1	4
389	2	2	0
390	3	2	0
391	1	2	8
392	2	2	3
393	1	3	0
394	2	3	7
395	2	3	3
396	3	1	1
397	3	4	2
398	3	4	1
399	2	1	2
400	2	5	0
401	3	5	1
402	2	3	7
403	2	5	4
404	3	2	1
405	2	3	5
406	2	3	0
407	1	2	6
408	3	3	0
409	2	3	1
410	3	3	5
411	2	2	8
412	2	2	8
413	2	1	0
414	3	2	0
415	3	2	0
416	2	3	6
417	3	2	0
418	3	1	0
419	2	2	4
420	2	1	8
421	3	5	1
422	2	4	5
423	2	5	1
424	3	4	1
425	3	3	5
426	3	1	0
427	3	1	0
428	2	4	2
429	3	5	3
430	1	1	2
431	2	1	5
432	2	1	0
433	2	4	5
434	2	1	1
435	3	2	0
436	1	4	4
437	1	5	0
438	1	1	4
439	3	2	3
440	3	2	0
441	3	1	0
442	2	3	12
443	2	1	0
444	2	2	0
445	3	1	1
446	2	2	2
447	3	4	4
448	2	2	8
449	1	3	4
450	3	1	1
451	2	2	1
452	3	1	0
453	2	1	1
454	1	3	3
455	2	5	1
456	3	2	0
457	3	1	0
458	3	2	1
459	2	3	0
460	2	2	0
461	3	1	2
462	2	2	3
463	3	2	0
464	2	4	7
465	2	4	3
466	2	4	1
467	2	4	3
468	3	4	1
469	2	3	7
470	2	1	0
471	1	2	2
472	2	4	3
473	1	1	9
474	2	1	2
475	3	2	0
476	2	3	1
477	2	5	2
478	2	1	1
479	3	1	0
480	1	2	7
481	3	1	0
482	3	5	3
483	3	1	1
484	1	2	7
485	2	3	8
486	3	5	2
487	2	2	1
488	2	2	6
489	2	1	7
490	2	2	9
491	1	4	0
492	3	2	0
493	3	1	0
494	2	2	12
495	1	2	0
496	2	4	3
497	3	2	2
498	3	1	5
499	3	1	1
500	3	1	0
501	2	2	0
502	3	4	1
503	2	2	4
504	3	1	0
505	3	2	6
506	3	3	1
507	3	5	3
508	3	1	1
509	1	2	4
510	2	5	1
511	2	1	10
512	3	1	0
513	1	5	3
514	2	1	1
515	2	2	2
516	3	2	3
517	1	4	2
518	3	3	2
519	2	5	4
520	3	2	0
521	3	4	4
522	2	2	10
523	3	1	4
524	3	3	2
525	3	1	2
526	2	2	1
527	3	2	0
528	3	1	0
529	2	1	1
530	2	2	5
531	3	1	1
532	3	2	0
533	3	2	10
534	1	3	7
535	1	1	9
536	1	3	11
537	3	1	0
538	1	2	2
539	2	3	8
540	3	2	0
541	3	1	1
542	1	1	10
543	1	1	0
544	2	2	10
545	2	4	2
546	3	1	0
547	3	2	2
548	2	5	4
549	1	2	2
550	1	4	3
551	2	1	6
552	1	2	1
553	3	1	0
554	1	1	0
555	2	5	3
556	3	2	0
557	1	5	1
558	3	5	2
559	2	5	2
560	3	4	1
561	2	2	1
562	2	2	0
563	3	2	2
564	1	2	3
565	3	1	2
566	2	3	2
567	2	1	1
568	2	2	7
569	3	1	0
570	1	2	3
571	2	5	1
572	1	2	2
573	3	2	3
574	2	5	0
575	1	2	4
576	2	2	0
577	2	5	2
578	3	2	0
579	3	4	1
580	3	5	1
581	2	2	0
582	2	4	2
583	3	4	3
584	1	2	7
585	2	3	3
586	1	2	5
587	2	1	0
588	2	4	2
589	2	4	2
590	1	4	2
591	3	2	0
592	1	2	5
593	2	3	6
594	1	2	1
595	3	2	2
596	3	3	1
597	3	1	0
598	3	3	2
599	2	5	8
600	2	2	7
601	1	1	0
602	2	4	0
603	3	2	9
604	1	3	10
605	2	1	1
606	2	1	0
607	1	4	1
608	3	1	0
609	1	4	7
610	3	1	0
611	2	1	0
612	2	2	1
613	3	2	2
614	1	5	1
615	3	3	1
616	2	3	2
617	2	3	1
618	2	4	4
619	2	3	3
620	2	1	0
621	3	3	0
622	2	5	2
623	2	3	7
624	3	2	0
625	2	2	0
626	3	2	0
627	1	1	10
628	2	2	1
629	3	3	6
630	3	5	8
631	1	1	5
632	2	4	3
633	3	1	0
634	3	2	1
635	2	2	0
636	3	2	2
637	3	1	0
638	1	1	1
639	2	2	0
640	3	2	0
641	3	2	0
642	3	3	0
643	2	1	0
644	1	1	5
645	3	1	0
646	1	4	0
647	2	5	1
648	1	2	2
649	3	4	4
650	3	2	0
651	2	2	0
652	3	2	1
653	3	1	0
654	2	1	2
655	3	3	1
656	3	4	1
657	3	1	1
658	3	4	1
659	3	1	0
660	3	3	2
661	3	5	3
662	2	1	0
663	2	4	12
664	2	4	0
665	2	3	2
666	3	4	1
667	3	5	0
668	1	3	5
669	3	3	2
670	3	2	0
671	1	2	1
672	1	1	3
673	2	2	0
674	2	2	0
675	3	2	2
676	3	2	0
677	2	5	1
678	1	4	3
679	1	1	0
680	3	3	0
681	2	4	4
682	3	1	0
683	3	1	4
684	1	2	2
685	3	2	2
686	3	1	0
687	2	1	0
688	2	5	5
689	2	5	4
690	3	1	2
691	2	1	1
692	2	4	1
693	2	5	2
694	1	4	6
695	1	5	1
696	2	3	4
697	2	5	3
698	2	2	4
699	3	5	3
700	1	1	9
701	2	1	0
702	1	1	5
703	3	1	0
704	3	2	1
705	3	3	0
706	3	2	1
707	1	2	5
708	3	2	0
709	1	3	3
710	1	3	10
711	2	1	0
712	2	2	1
713	3	5	2
714	3	4	0
715	3	3	1
716	2	1	3
717	2	4	0
718	3	4	1
719	3	2	0
720	2	5	1
721	3	4	2
722	3	2	0
723	2	2	0
724	2	5	2
725	2	4	6
726	2	2	0
727	3	3	0
728	1	3	3
729	2	4	2
730	3	3	3
731	3	2	5
732	2	4	4
733	1	3	6
734	3	2	0
735	1	1	5
736	1	2	1
737	3	1	1
738	3	3	1
739	1	4	2
740	3	4	3
741	3	3	2
742	1	3	0
743	3	2	7
744	2	1	0
745	2	2	0
746	2	1	1
747	1	2	12
748	1	4	1
749	1	5	0
750	2	2	1
751	3	3	6
752	2	1	6
753	2	2	2
754	2	2	8
755	2	2	7
756	3	1	1
757	3	2	0
758	2	2	4
759	3	5	0
760	1	2	0
761	1	4	1
762	1	4	2
763	1	3	7
764	3	3	5
765	3	2	1
766	3	2	3
767	1	2	6
768	2	4	1
769	1	1	1
770	3	2	2
771	3	3	0
772	1	1	1
773	2	4	2
774	2	5	2
775	1	3	0
776	3	5	1
777	3	1	0
778	2	2	3
779	3	1	1
780	2	5	2
781	3	4	2
782	3	3	5
783	3	1	0
784	2	3	3
785	3	2	2
786	3	2	1
787	3	2	0
788	2	2	3
789	2	2	8
790	2	3	1
791	3	2	0
792	3	2	3
793	2	4	6
794	2	5	0
795	3	2	0
796	3	1	0
797	3	3	1
798	1	1	7
799	1	3	5
800	1	3	3
801	3	1	0
802	2	2	6
803	3	2	0
804	3	2	0
805	1	5	1
806	2	2	0
807	2	4	5
808	2	1	3
809	2	2	6
810	2	5	2
811	2	2	1
812	2	4	1
813	3	2	2
814	2	3	2
815	3	1	0
816	3	1	0
817	3	2	0
818	3	2	0
819	3	3	1
820	2	2	1
821	2	1	0
822	3	4	2
823	2	4	4
824	2	5	3
825	3	2	1
826	1	1	1
827	3	4	1
828	3	1	2
829	3	3	1
830	2	3	9
831	2	3	1
832	1	2	9
833	3	1	0
834	1	4	5
835	2	5	3
836	3	2	1
837	3	1	0
838	2	3	5
839	1	2	6
840	3	1	1
841	2	4	4
842	3	2	1
843	3	2	1
844	3	2	4
845	3	2	0
846	2	1	10
847	3	2	4
848	1	2	1
849	1	2	5
850	3	4	3
851	3	1	0
852	3	1	0
853	1	5	1
854	3	5	3
855	2	1	4
856	3	1	2
857	2	3	1
858	2	3	10
859	2	1	0
860	2	2	5
861	3	3	3
862	3	2	0
863	3	1	0
864	1	4	3
865	3	2	11
866	3	2	1
867	1	2	0
868	1	2	2
869	3	2	3
870	2	5	2
871	3	1	0
872	2	2	2
873	3	1	0
874	2	2	10
875	3	1	0
876	2	4	0
877	3	2	0
878	2	5	2
879	3	3	0
880	3	1	0
881	3	1	0
882	1	2	2
883	2	4	3
884	3	3	0
885	3	1	0
886	2	3	1
887	3	3	4
888	3	1	2
889	2	2	3
890	3	1	1
891	3	5	1
892	2	2	0
893	1	4	5
894	2	2	0
895	1	3	0
896	2	1	8
897	2	2	2
898	2	4	0
899	2	5	3
900	3	2	1
