id	k1	k2
1	1	1
2	1	0
3	4	1
4	9	1
5	3	0
6	4	0
7	2	2
8	0	3
9	7	0
10	1	1
11	4	2
12	1	1
13	1	1
14	0	2
15	0	1
16	2	2
17	2	5
18	3	0
19	6	0
20	3	0
21	4	0
22	1	3
23	0	1
24	1	3
25	3	1
26	2	1
27	7	0
28	2	1
29	7	1
30	0	2
31	3	0
32	1	0
33	1	6
34	3	1
35	0	4
36	4	2
37	0	5
38	1	1
39	1	3
40	4	2
41	0	4
42	1	3
43	3	2
44	1	1
45	5	3
46	2	1
47	5	1
48	2	1
49	5	2
50	3	1
51	2	1
52	0	6
53	0	4
54	4	0
55	1	1
56	1	5
57	8	0
58	1	2
59	1	2
60	1	6
61	5	3
62	0	2
63	3	0
64	1	3
65	2	2
66	4	0
67	3	1
68	5	5
69	2	0
70	1	3
71	0	1
72	10	2
73	2	1
74	1	3
75	2	4
76	0	3
77	1	2
78	0	3
79	1	3
80	1	1
81	1	3
82	1	4
83	0	3
84	5	0
85	3	1
86	2	0
87	4	1
88	0	1
89	4	0
90	1	2
91	6	0
92	4	0
93	2	2
94	2	5
95	0	1
96	1	3
97	1	2
98	0	3
99	4	0
100	2	6
101	0	2
102	3	0
103	1	3
104	0	2
105	1	2
106	5	1
107	0	2
108	0	1
109	1	3
110	4	0
111	1	2
112	9	2
113	1	2
114	0	5
115	2	4
116	6	0
117	3	3
118	4	3
119	1	5
120	2	2
121	2	1
122	0	2
123	7	1
124	6	2
125	0	2
126	6	0
127	1	3
128	1	0
129	2	1
130	2	2
131	4	0
132	4	1
133	3	1
134	1	2
135	1	5
136	3	2
137	0	1
138	6	1
139	1	2
140	0	1
141	0	4
142	1	0
143	1	3
144	0	2
145	2	0
146	6	2
147	0	2
148	0	3
149	4	2
150	6	0
151	5	2
152	1	6
153	2	1
154	1	1
155	3	5
156	0	3
157	0	5
158	1	3
159	3	0
160	1	5
161	0	1
162	1	0
163	4	1
164	4	0
165	0	2
166	2	1
167	1	4
168	1	2
169	1	3
170	0	5
171	1	2
172	2	1
173	0	2
174	3	2
175	1	1
176	2	3
177	0	4
178	0	5
179	4	1
180	1	2
181	2	3
182	4	0
183	3	0
184	5	0
185	1	3
186	0	6
187	2	1
188	2	0
189	7	1
190	0	0
191	2	1
192	5	0
193	1	2
194	5	0
195	0	3
196	1	2
197	2	2
198	0	2
199	1	3
200	5	4
201	4	1
202	3	4
203	5	2
204	0	5
205	5	1
206	1	2
207	0	5
208	5	1
209	7	2
210	1	2
211	2	0
212	2	4
213	2	2
214	0	0
215	4	0
216	4	0
217	1	2
218	0	2
219	1	0
220	4	0
221	0	3
222	0	3
223	1	6
224	1	5
225	9	1
226	0	6
227	1	2
228	0	3
229	5	0
230	4	0
231	5	1
232	5	2
233	3	1
234	3	0
235	4	3
236	2	0
237	5	0
238	2	1
239	0	3
240	1	1
241	1	2
242	5	0
243	3	0
244	4	2
245	2	0
246	0	1
247	1	6
248	0	3
249	1	5
250	1	1
251	8	1
252	4	0
253	0	2
254	5	1
255	1	6
256	6	0
257	4	0
258	2	2
259	4	1
260	1	2
261	5	1
262	1	1
263	1	6
264	2	2
265	2	4
266	5	0
267	1	7
268	6	0
269	0	4
270	9	1
271	5	1
272	1	2
273	5	2
274	1	2
275	8	2
276	6	1
277	1	5
278	3	0
279	2	1
280	2	2
281	0	2
282	4	1
283	5	0
284	2	0
285	4	0
286	2	1
287	0	3
288	2	3
289	2	3
290	5	2
291	0	3
292	0	3
293	5	1
294	0	1
295	0	2
296	0	2
297	0	2
298	9	0
299	4	1
300	0	5
301	1	1
302	1	4
303	3	2
304	1	6
305	8	0
306	2	2
307	2	1
308	0	2
309	5	1
310	1	4
311	6	2
312	4	3
313	0	4
314	6	1
315	3	2
316	5	2
317	7	0
318	1	2
319	1	6
320	1	2
321	0	2
322	5	1
323	0	2
324	4	2
325	0	6
326	5	2
327	8	0
328	0	0
329	1	2
330	3	1
331	3	4
332	1	3
333	2	1
334	2	4
335	2	1
336	3	0
337	4	1
338	4	1
339	9	0
340	1	0
341	3	0
342	1	3
343	1	1
344	0	6
345	1	5
346	0	4
347	0	3
348	1	2
349	0	1
350	0	2
351	1	4
352	0	2
353	2	4
354	1	3
355	2	0
356	2	0
357	5	0
358	1	1
359	5	1
360	2	4
361	0	1
362	0	5
363	0	0
364	2	2
365	0	5
366	0	2
367	1	1
368	3	0
369	6	1
370	6	0
371	4	2
372	0	0
373	5	2
374	1	3
375	2	3
376	1	7
377	1	3
378	0	1
379	0	6
380	1	2
381	0	3
382	4	0
383	1	0
384	2	3
385	2	2
386	5	0
387	1	3
388	0	0
389	6	0
390	4	1
391	3	2
392	1	3
393	6	1
394	0	5
395	0	3
396	3	1
397	7	1
398	1	3
399	6	1
400	1	2
401	0	2
402	4	1
403	0	2
404	2	3
405	0	9
406	5	1
407	7	1
408	1	2
409	0	4
410	0	1
411	5	0
412	6	0
413	6	1
414	1	2
415	1	5
416	0	4
417	1	4
418	1	2
419	0	2
420	3	1
421	1	5
422	0	4
423	1	3
424	0	5
425	6	1
426	0	4
427	2	6
428	2	0
429	1	3
430	4	0
431	1	2
432	2	2
433	0	2
434	7	1
435	2	1
436	2	5
437	1	3
438	5	1
439	0	3
440	4	1
441	1	3
442	0	1
443	3	1
444	3	0
445	1	4
446	6	3
447	2	5
448	4	0
449	4	0
450	4	0
451	1	2
452	2	7
453	1	5
454	1	4
455	2	5
456	0	2
457	1	1
458	3	6
459	1	2
460	2	2
461	8	2
462	3	0
463	2	1
464	3	0
465	2	4
466	1	2
467	2	0
468	5	0
469	5	1
470	4	0
471	0	2
472	7	0
473	2	3
474	5	2
475	2	3
476	5	2
477	1	1
478	1	1
479	3	0
480	7	0
481	1	6
482	0	3
483	2	0
484	1	1
485	5	3
486	4	1
487	6	0
488	0	1
489	0	1
490	2	2
491	4	4
492	4	3
493	5	1
494	0	0
495	1	4
496	0	2
497	0	6
498	3	3
499	2	2
500	3	1
501	5	2
502	1	1
503	0	3
504	3	2
505	2	1
506	0	3
507	1	4
508	6	0
509	0	1
510	5	2
511	2	1
512	0	2
513	2	2
514	1	3
515	1	3
516	0	7
517	4	1
518	5	1
519	1	2
520	5	0
521	2	2
522	4	2
523	0	2
524	2	3
525	7	1
526	4	0
527	1	1
528	4	0
529	7	1
530	4	0
531	0	2
532	0	1
533	0	2
534	2	2
535	0	0
536	3	1
537	4	1
538	3	0
539	1	4
540	0	3
541	4	1
542	0	3
543	1	3
544	0	2
545	4	2
546	0	1
547	7	2
548	0	2
549	5	1
550	6	2
551	9	0
552	7	1
553	8	1
554	0	1
555	1	3
556	6	0
557	1	4
558	0	4
559	1	1
560	0	2
561	9	1
562	0	3
563	6	0
564	1	3
565	5	3
566	4	1
567	0	4
568	4	0
569	6	1
570	4	1
571	7	0
572	4	1
573	6	1
574	3	0
575	5	0
576	2	4
577	2	4
578	0	8
579	3	1
580	2	3
581	3	0
582	3	2
583	4	3
584	11	1
585	1	3
586	3	2
587	1	3
588	4	0
589	3	0
590	1	3
591	0	2
592	0	0
593	0	2
594	3	0
595	1	6
596	8	2
597	0	5
598	0	3
599	1	8
600	2	4
