id	o1	o2	o3
1	3	2	4
2	4	1	5
3	3	1	3
4	3	2	3
5	1	2	2
6	2	2	3
7	3	3	2
8	1	2	5
9	4	1	3
10	3	2	5
11	4	1	2
12	4	2	2
13	4	1	4
14	3	2	5
15	4	1	5
16	2	3	4
17	3	1	3
18	3	2	2
19	4	1	4
20	3	2	2
21	2	1	3
22	1	2	3
23	3	2	2
24	3	1	5
25	3	1	3
26	2	3	2
27	1	3	3
28	4	1	5
29	4	1	4
30	3	2	5
31	3	3	5
32	1	2	2
33	3	3	2
34	4	1	2
35	3	1	3
36	1	2	3
37	4	1	2
38	3	1	3
39	3	1	4
40	4	1	1
41	3	2	2
42	3	3	2
43	4	1	5
44	2	2	2
45	4	1	4
46	3	2	4
47	4	2	5
48	4	3	3
49	3	2	5
50	2	1	5
51	1	2	3
52	1	2	5
53	4	1	3
54	3	1	5
55	3	2	2
56	4	2	2
57	4	2	4
58	1	1	2
59	4	1	4
60	2	3	2
61	2	1	2
62	2	1	3
63	1	2	2
64	4	1	4
65	2	3	2
66	1	1	2
67	3	2	4
68	4	1	5
69	4	1	1
70	2	2	2
71	4	2	5
72	4	1	3
73	3	1	3
74	3	3	2
75	2	1	2
76	4	2	3
77	4	2	5
78	2	1	5
79	2	2	3
80	1	2	1
81	3	3	1
82	3	1	2
83	3	1	1
84	4	3	5
85	3	1	3
86	1	3	3
87	4	1	5
88	3	2	3
89	2	1	3
90	2	2	5
91	4	1	5
92	3	3	4
93	2	1	3
94	1	2	3
95	1	1	2
96	1	1	1
97	2	1	2
98	2	1	5
99	4	1	2
100	4	1	2
101	1	2	3
102	4	2	4
103	2	2	2
104	2	2	3
105	3	1	3
106	4	1	5
107	4	3	2
108	2	1	4
109	4	2	2
110	4	3	4
111	3	1	2
112	4	2	2
113	4	1	3
114	4	1	3
115	2	2	5
116	4	3	5
117	4	1	4
118	3	1	4
119	1	2	5
120	4	2	5
121	4	1	2
122	4	2	5
123	1	2	4
124	1	1	3
125	3	1	4
126	4	1	4
127	2	2	4
128	4	1	5
129	4	2	5
130	4	1	4
131	4	2	2
132	1	1	3
133	3	2	4
134	4	1	3
135	4	2	2
136	2	2	2
137	3	1	4
138	3	2	1
139	4	1	5
140	2	3	3
141	4	1	4
142	1	3	1
143	3	2	2
144	3	1	3
145	2	2	5
146	2	2	5
147	3	2	5
148	3	2	1
149	4	3	5
150	4	1	5
151	4	2	4
152	3	1	5
153	4	2	2
154	1	3	4
155	4	2	2
156	4	1	3
157	3	2	5
158	1	1	3
159	4	1	5
160	2	1	3
161	2	2	3
162	3	1	2
163	2	2	3
164	3	1	5
165	4	1	4
166	2	1	4
167	4	1	4
168	3	2	5
169	4	1	4
170	3	2	2
171	1	2	3
172	4	1	4
173	4	2	2
174	4	1	4
175	2	1	3
176	3	1	4
177	4	1	2
178	2	1	3
179	4	1	3
180	1	2	2
181	3	1	5
182	1	1	3
183	3	1	2
184	4	2	3
185	4	1	4
186	4	1	4
187	4	2	1
188	3	1	5
189	4	2	5
190	1	1	3
191	3	1	3
192	2	3	4
193	4	2	4
194	4	2	2
195	3	1	3
196	4	2	4
197	2	1	1
198	2	2	2
199	3	2	2
200	1	1	1
201	1	1	2
202	4	2	4
203	3	1	5
204	3	3	2
205	2	2	3
206	3	1	5
207	3	2	3
208	4	1	2
209	4	2	3
210	2	2	2
211	4	2	5
212	4	1	4
213	1	1	1
214	2	1	5
215	2	2	1
216	3	1	3
217	4	1	4
218	4	1	2
219	3	2	1
220	3	3	3
221	4	1	3
222	4	1	3
223	4	2	5
224	2	2	1
225	3	2	1
226	3	2	3
227	4	1	5
228	4	1	4
229	4	2	4
230	4	1	4
231	2	2	4
232	3	2	2
233	3	2	3
234	4	2	4
235	3	1	3
236	3	2	3
237	4	2	4
238	4	2	3
239	3	1	1
240	4	1	3
241	4	2	4
242	3	1	2
243	3	3	5
244	4	1	5
245	4	1	3
246	4	2	4
247	3	2	4
248	3	1	4
249	3	1	3
250	2	1	4
251	4	1	1
252	2	1	2
253	2	3	3
254	3	1	3
255	3	3	4
256	4	2	1
257	4	3	5
258	4	1	3
259	4	1	3
260	2	2	1
261	3	1	4
262	1	2	1
263	3	2	1
264	3	2	3
265	2	1	3
266	1	3	2
267	3	2	3
268	4	1	4
269	4	2	3
270	2	3	3
271	2	2	2
272	3	1	4
273	4	2	5
274	4	1	3
275	3	1	5
276	3	2	3
277	3	1	5
278	3	1	2
279	2	2	3
280	1	1	3
281	4	2	4
282	4	2	3
283	1	1	3
284	1	3	2
285	4	1	3
286	3	3	1
287	1	2	3
288	4	3	1
289	3	1	5
290	3	2	5
291	4	1	4
292	3	1	3
293	1	1	3
294	3	3	2
295	3	2	5
296	4	2	4
297	3	1	3
298	3	1	5
299	3	2	4
300	3	1	1
301	3	2	4
302	3	2	1
303	1	2	3
304	2	2	4
305	3	2	3
306	3	2	4
307	4	1	4
308	2	2	2
309	3	2	4
310	2	3	4
311	3	2	5
312	3	2	5
313	3	2	2
314	4	1	5
315	3	1	5
316	4	1	3
317	3	1	4
318	3	1	4
319	3	2	5
320	2	1	2
321	3	1	5
322	4	2	5
323	4	1	3
324	3	2	3
325	4	1	1
326	4	2	5
327	4	3	1
328	3	2	2
329	4	1	4
330	4	3	4
331	4	1	1
332	3	1	1
333	4	2	4
334	3	3	1
335	3	2	3
336	1	2	5
337	4	1	3
338	4	1	4
339	4	1	5
340	4	1	3
341	3	1	4
342	1	1	2
343	4	3	5
344	4	1	3
345	1	2	2
346	1	3	3
347	4	1	3
348	4	1	5
349	2	2	1
350	2	3	1
351	3	2	3
352	1	2	2
353	4	2	2
354	2	1	2
355	1	1	1
356	4	2	3
357	3	3	4
358	2	2	2
359	3	1	2
360	1	2	4
361	4	1	2
362	2	3	3
363	3	3	3
364	4	2	5
365	4	1	2
366	3	2	5
367	4	1	5
368	4	1	2
369	2	3	5
370	2	3	2
371	4	1	4
372	4	3	4
373	1	2	2
374	1	2	5
375	4	1	4
376	3	2	5
377	1	2	3
378	3	2	5
379	2	2	3
380	3	2	1
381	4	1	5
382	4	1	5
383	4	1	4
384	1	2	1
385	4	1	4
386	2	1	3
387	2	3	2
388	1	2	1
389	3	1	5
390	2	2	1
391	1	1	3
392	4	2	5
393	4	2	1
394	3	2	5
395	4	1	4
396	3	1	5
397	1	2	4
398	4	1	4
399	2	1	3
400	1	3	2
401	4	2	2
402	2	1	3
403	2	2	2
404	3	2	3
405	4	2	5
406	4	1	3
407	4	2	2
408	2	1	2
409	2	2	3
410	2	2	5
411	4	2	1
412	2	1	3
413	4	1	5
414	2	1	5
415	4	2	4
416	3	3	1
417	4	3	1
418	2	3	1
419	1	1	3
420	4	1	2
421	3	2	4
422	2	1	4
423	1	3	2
424	1	2	3
425	1	3	1
426	4	3	2
427	2	1	4
428	4	1	3
429	4	1	2
430	3	1	3
431	3	3	2
432	4	1	4
433	3	1	3
434	4	1	2
435	2	1	2
436	4	2	5
437	4	1	4
438	4	2	4
439	4	1	5
440	4	1	3
441	1	2	3
442	4	1	4
443	4	1	1
444	4	1	3
445	2	2	4
446	2	2	2
447	3	3	1
448	3	1	4
449	3	1	5
450	2	1	1
451	4	2	1
452	4	1	4
453	4	1	3
454	2	2	3
455	2	2	5
456	4	1	5
457	3	1	5
458	4	1	3
459	1	2	3
460	4	1	3
461	1	1	1
462	4	2	4
463	4	2	4
464	3	1	5
465	1	2	1
466	4	1	4
467	2	1	5
468	2	2	2
469	1	2	4
470	1	2	5
471	3	3	2
472	4	1	4
473	3	2	4
474	3	2	2
475	3	3	2
476	4	1	5
477	4	2	4
478	4	2	5
479	4	2	5
480	2	2	2
481	4	2	3
482	4	2	5
483	3	2	4
484	4	2	4
485	4	1	5
486	3	1	2
487	2	2	4
488	3	1	2
489	2	2	1
490	1	2	1
491	1	1	4
492	1	2	2
493	4	1	5
494	1	1	3
495	3	2	5
496	4	1	5
497	1	1	3
498	4	1	4
499	4	2	2
500	3	2	2
501	3	1	4
502	3	2	4
503	1	1	3
504	1	1	4
505	3	1	5
506	3	2	5
507	4	1	4
508	3	3	3
509	2	3	4
510	4	2	5
511	3	2	5
512	4	2	2
513	1	2	4
514	4	1	4
515	3	2	4
516	2	2	5
517	4	1	5
518	1	1	5
519	4	1	2
520	3	3	4
521	4	2	5
522	4	1	3
523	2	2	5
524	3	1	5
525	3	2	4
526	4	2	3
527	2	1	1
528	1	2	3
529	4	1	5
530	1	2	2
531	4	3	2
532	3	1	2
533	3	2	4
534	1	2	2
535	4	2	3
536	3	2	5
537	3	3	3
538	4	1	5
539	2	1	3
540	4	2	5
541	4	2	4
542	2	2	3
543	4	1	4
544	4	2	5
545	2	2	5
546	3	2	2
547	1	2	3
548	4	1	2
549	4	3	3
550	3	2	2
551	2	2	4
552	1	2	2
553	4	1	4
554	1	2	4
555	3	2	2
556	3	3	2
557	2	3	1
558	3	2	4
559	4	1	5
560	3	2	3
561	2	1	4
562	2	1	3
563	3	3	1
564	3	2	4
565	4	2	5
566	4	2	5
567	4	1	5
568	4	1	4
569	1	1	2
570	4	2	5
571	1	2	2
572	3	3	1
573	4	2	4
574	4	2	3
575	4	1	4
576	4	2	4
577	4	1	3
578	4	1	4
579	4	1	4
580	3	1	5
581	4	1	4
582	1	2	3
583	4	2	5
584	4	1	5
585	2	1	2
586	3	2	3
587	3	3	3
588	3	1	3
589	1	1	1
590	1	2	5
591	2	1	4
592	3	2	2
593	2	1	1
594	1	2	4
595	3	1	5
596	4	2	4
597	4	1	5
598	3	3	3
599	4	1	5
600	4	1	3
601	2	1	1
602	4	1	3
603	4	3	3
604	4	1	5
605	4	2	5
606	3	1	5
607	4	2	5
608	3	1	4
609	3	1	1
610	2	3	4
611	4	1	2
612	2	2	5
613	2	1	5
614	1	1	3
615	3	1	4
616	4	1	3
617	4	1	3
618	4	2	2
619	1	1	3
620	4	1	4
621	4	1	3
622	2	2	4
623	2	2	3
624	2	1	3
625	3	1	5
626	3	1	2
627	4	2	2
628	3	1	2
629	3	1	2
630	2	2	1
631	3	1	5
632	4	2	4
633	3	2	4
634	4	1	5
635	2	2	5
636	4	1	3
637	3	2	5
638	4	1	3
639	4	3	4
640	3	3	5
641	1	2	4
642	4	1	2
643	1	3	1
644	3	1	5
645	4	1	5
646	4	2	4
647	3	2	4
648	4	1	4
649	4	2	2
650	4	1	5
651	3	2	4
652	2	2	2
653	3	2	2
654	3	3	5
655	2	2	3
656	4	3	4
657	4	1	2
658	2	1	1
659	3	3	4
660	4	1	3
661	4	1	4
662	1	1	2
663	4	2	4
664	1	2	4
665	1	1	3
666	4	1	5
667	2	3	4
668	3	2	5
669	3	2	1
670	1	2	2
671	4	2	3
672	2	2	2
673	3	1	4
674	2	3	3
675	3	1	2
676	3	1	2
677	3	2	3
678	2	1	2
679	1	1	3
680	2	2	1
681	3	2	5
682	3	2	3
683	4	1	5
684	4	1	3
685	4	1	5
686	2	2	2
687	1	2	1
688	3	1	3
689	4	2	3
690	4	1	4
691	2	3	4
692	4	1	5
693	4	2	4
694	4	1	3
695	3	1	4
696	4	2	4
697	3	2	3
698	4	3	1
699	4	1	3
700	2	2	3
