id	y	o	k	g
1	0.884228814325693	4	0	1
2	-1.99492151175704	4	1	1
3	2.21098752710499	3	4	1
4	0.519774952716547	3	2	1
5	0.0245841653367624	1	0	1
6	0.45915441835271	3	1	1
7	0.150967701478692	4	2	2
8	0.197675885581809	4	1	2
9	0.93405218938479	3	0	2
10	0.694216200774497	4	1	2
11	2.43739685297269	4	2	2
12	-0.00456952508849689	3	5	2
13	2.60625704597255	1	1	3
14	0.567249061436328	1	4	3
15	-1.16816801629173	3	9	3
16	-1.47882210989088	4	1	3
17	-1.33354396977728	3	3	3
18	0.995540967712346	2	5	3
19	0.12150072251568	4	1	4
20	1.72784070033384	2	5	4
21	2.59254298721714	4	4	4
22	0.956664872919793	1	1	4
23	1.09423450164278	3	6	4
24	-0.359068891285344	4	3	4
25	1.49638872389588	1	3	5
26	3.2241076137184	2	6	5
27	0.957187909109279	4	0	5
28	0.397700017455708	1	4	5
29	2.00314924748912	1	3	5
30	0.289221309584	4	1	5
31	1.52147991098603	4	0	6
32	0.111801236980148	4	0	6
33	1.81100530224772	1	6	6
34	2.55044557612047	1	1	6
35	0.776636493005115	4	1	6
36	-1.01607906551764	4	2	6
37	0.799916947277873	3	1	7
38	0.577847028372575	1	6	7
39	-1.10768109289549	3	0	7
40	-1.54184385111207	2	2	7
41	0.277937764074061	2	5	7
42	-0.412424611407631	3	0	7
43	0.551917467449377	4	0	8
44	0.820405860885761	4	3	8
45	-0.201188824497427	4	1	8
46	-0.138432054596822	4	0	8
47	0.056573971437138	4	4	8
48	-0.451531157843919	3	3	8
49	2.04225352577922	1	4	9
50	0.215811477860823	2	1	9
51	0.389969873695704	2	7	9
52	0.183695466000386	2	1	9
53	-1.80050128671788	3	2	9
54	0.495275379268274	2	1	9
55	2.23614432770653	2	4	10
56	0.884172664981165	1	5	10
57	-0.476377961355718	4	2	10
58	1.36313022150942	2	8	10
59	-0.0606795217150726	4	2	10
60	1.70259692321237	1	3	10
61	0.628045309624681	4	0	11
62	-0.451491974770985	3	2	11
63	-0.973152522690578	3	2	11
64	3.51856183821793	2	3	11
65	0.710116984907959	3	0	11
66	1.31489463559913	3	2	11
67	1.83655010692679	2	8	12
68	4.33706743358375	3	2	12
69	3.14723638627671	4	5	12
70	2.60373826581525	3	3	12
71	-1.44831245734426	1	2	12
72	2.21348647448933	4	3	12
73	-0.954839189326782	3	1	13
74	1.37976111382789	2	1	13
75	-0.339960156682001	3	0	13
76	0.136217915690592	4	6	13
77	0.13974526231728	2	6	13
78	0.909229994761426	3	6	13
79	-1.07908298815047	4	3	14
80	-1.56951846300788	4	1	14
81	0.565644060044401	4	1	14
82	-3.20058407304448	2	1	14
83	3.4509032104213	2	5	14
84	-0.526928903388755	4	3	14
85	0.503113537671596	3	5	15
86	4.42192113580471	3	2	15
87	-0.496654293421769	4	0	15
88	0.453321364421846	2	4	15
89	0.650235292130292	3	1	15
90	-2.1359164332608	2	1	15
91	2.37035093618468	1	2	16
92	2.31829306487745	4	5	16
93	1.89208227772493	2	1	16
94	2.79852711849902	2	4	16
95	-0.574183132904519	2	0	16
96	1.85712751962519	3	4	16
97	0.570330910947342	4	0	17
98	-0.0329802605133224	4	4	17
99	1.38065689505878	2	7	17
100	0.774728429803231	2	3	17
101	0.745209910781902	1	4	17
102	2.07308948004332	1	4	17
103	3.13024599717707	2	4	18
104	1.2407911003177	1	1	18
105	1.81378346998847	2	3	18
106	0.128614148700027	3	4	18
107	1.66482682511559	3	1	18
108	1.38383342852302	3	3	18
109	0.763401649828824	1	0	19
110	3.02910702816209	3	3	19
111	-1.05473007496368	4	3	19
112	0.892643177755151	2	5	19
113	2.4438575738939	1	8	19
114	0.206247276192317	3	9	19
115	-0.846499201670456	4	0	20
116	2.10329901336314	2	4	20
117	0.558017983554153	4	2	20
118	-1.37890622565419	4	1	20
119	0.967830406901254	4	0	20
120	1.25423311749944	3	1	20
121	0.519072823302074	4	1	21
122	1.91205376374787	2	7	21
123	1.40436086258559	2	2	21
124	2.95802349763311	2	1	21
125	1.04684817801853	3	1	21
126	1.9057895051787	4	3	21
127	0.58151532981599	4	3	22
128	-0.625221974258475	3	3	22
129	-0.879905062699369	3	2	22
130	1.09630960320357	1	5	22
131	2.40025091248742	1	3	22
132	-0.0871590158936852	3	1	22
133	1.4861725629852	1	6	23
134	1.7200129259882	2	4	23
135	2.69971393114446	1	8	23
136	1.4664633607985	3	1	23
137	1.71557142514549	2	1	23
138	1.42141782811049	1	2	23
139	0.476803610106319	3	1	24
140	0.616623191374108	4	6	24
141	-0.127716927129532	3	5	24
142	1.33110798744942	2	5	24
143	1.61987166262144	3	7	24
144	3.80540972490808	3	5	24
145	-0.997134767034184	4	2	25
146	-2.15240250584852	2	1	25
147	2.66702529224951	2	5	25
148	0.430557639873339	1	3	25
149	1.03229171863485	3	2	25
150	-0.348799035480133	3	2	25
151	0.902403001680447	4	5	26
152	-0.0550522095121056	4	1	26
153	2.30858333528112	2	1	26
154	-0.764148303664766	4	0	26
155	-0.00131850483635192	4	1	26
156	-0.186947943948057	2	2	26
157	-0.0411798919337871	2	3	27
158	0.541839600184681	4	2	27
159	0.60916014617832	4	2	27
160	0.761072791915078	3	1	27
161	2.94440988504472	1	4	27
162	1.82780282516228	1	3	27
163	-0.615335512477766	3	4	28
164	-0.822936634302837	3	3	28
165	1.2593433631725	2	4	28
166	1.19599647235123	3	3	28
167	-0.11312674917949	2	7	28
168	1.66332517724848	4	1	28
169	2.80197831112846	3	5	29
170	0.175348746837146	4	2	29
171	2.71231512139337	2	2	29
172	0.984495069094316	1	3	29
173	1.34092539737958	2	5	29
174	-0.723420532600706	3	0	29
175	2.06021991283554	2	6	30
176	-0.246043430438822	2	2	30
177	-1.18826911395409	3	2	30
178	0.152076962954935	4	2	30
179	0.788355163721511	2	6	30
180	3.74890742716013	2	3	30
181	0.442867571726161	4	1	31
182	-0.592445657647587	2	2	31
183	-1.64498470191401	4	1	31
184	-1.18293501899784	4	4	31
185	1.78309175815631	4	3	31
186	-0.435111976018855	4	1	31
187	-0.470196097158951	3	0	32
188	0.730632582374495	2	2	32
189	2.03614935870025	2	1	32
190	2.80718109041447	1	5	32
191	1.39080998596505	3	8	32
192	2.78264896994059	3	2	32
193	1.23320645642827	1	6	33
194	1.3023125826357	4	0	33
195	1.42418627977247	3	5	33
196	0.708474073818283	4	3	33
197	0.388883082881462	4	7	33
198	1.1838840714782	2	2	33
199	0.762323444667855	1	3	34
200	2.15614635815021	3	6	34
201	1.91249316369461	3	0	34
202	0.948359008708533	2	1	34
203	1.22812442224507	1	4	34
204	0.78748377168101	1	5	34
205	1.21469254260663	3	1	35
206	-0.602774824346598	4	0	35
207	-0.336442551005091	3	0	35
208	2.25528812017421	4	3	35
209	2.12914675576237	1	1	35
210	1.55830041291439	4	1	35
211	0.973405864645956	3	3	36
212	0.585975479698604	4	1	36
213	-2.30151049956801	3	2	36
214	-0.426518503398806	2	2	36
215	1.12564798841287	3	3	36
216	1.45243438875624	3	8	36
217	1.51949827441154	1	1	37
218	0.81119253875974	3	1	37
219	-0.0450458969015195	1	5	37
220	0.093126687612904	3	1	37
221	-1.56382432484937	3	3	37
222	-0.601888224141027	2	0	37
223	-0.363832242911815	4	0	38
224	0.637599751836253	3	3	38
225	1.83155314862125	3	2	38
226	-0.691113789836485	3	2	38
227	0.281075668588813	3	0	38
228	-0.402235593973526	3	1	38
229	0.58814807961329	3	2	39
230	0.00519485686528443	2	5	39
231	2.01967578989074	3	5	39
232	-0.549524932563298	4	1	39
233	2.20194821741344	2	2	39
234	0.752411081565011	2	5	39
235	1.45378393042282	2	4	40
236	0.879632335729943	3	0	40
237	0.465690922568422	4	1	40
238	-0.395241651907308	4	2	40
239	1.07251452301466	3	2	40
240	0.99557119186272	4	4	40
241	1.98986093469033	2	5	41
242	1.86104406681417	3	5	41
243	-0.216778294688685	4	3	41
244	2.81828683931445	4	3	41
245	0.595974593253282	4	1	41
246	1.30238366814105	2	1	41
247	-1.32700863990905	4	2	42
248	-0.750137216503905	2	1	42
249	0.0407690614121856	4	2	42
250	-0.63226393150842	4	1	42
251	-0.421513310823423	3	2	42
252	-1.28479706508993	3	3	42
253	2.33376439921441	3	4	43
254	-0.138117980084411	4	3	43
255	0.75181680178991	4	6	43
256	0.640424673400957	2	1	43
257	-0.088596280727031	3	2	43
258	0.0645031804239223	4	0	43
259	0.454651649281047	4	2	44
260	-0.60196461223049	4	0	44
261	-0.258590299779298	2	1	44
262	-1.55256725995046	2	0	44
263	-0.0908095237981289	4	0	44
264	0.866222104855757	2	0	44
265	0.720449262344192	4	0	45
266	1.17676154307496	4	1	45
267	0.862920858448119	4	3	45
268	0.971428860828465	4	1	45
269	2.58696647499107	1	3	45
270	1.19174651136573	2	6	45
271	0.0500439274939544	3	2	46
272	-2.61677624128381	4	1	46
273	1.87852305918222	4	2	46
274	-0.674876339002393	4	3	46
275	-0.105582117316697	4	2	46
276	-0.888313089099748	4	3	46
277	-0.141581895381613	4	1	47
278	0.96564624110971	3	7	47
279	0.676123469043574	4	3	47
280	1.38556295872275	3	6	47
281	0.72530689518497	4	2	47
282	0.431162329554137	3	5	47
283	0.892716427309207	2	0	48
284	0.885563321135274	3	4	48
285	-1.46672868909024	4	1	48
286	1.94116387878084	1	4	48
287	-0.763049312725824	4	1	48
288	-0.677872976861905	3	0	48
289	-0.548632454391182	2	3	49
290	0.189497554509304	4	2	49
291	1.01830309934975	2	5	49
292	1.65641853830396	3	2	49
293	1.43935396977083	4	4	49
294	1.38578977183592	3	5	49
295	1.08898368001678	1	4	50
296	1.07138622537998	3	2	50
297	1.13802236468611	4	2	50
298	-0.204820672691282	2	0	50
299	0.99774415896175	4	0	50
300	0.0099722457802951	4	2	50
301	-1.0129744000344	3	2	51
302	0.799732636583782	1	1	51
303	0.67069619361147	4	3	51
304	1.71336856933751	2	5	51
305	0.0936212986243299	3	0	51
306	1.31611374490292	2	3	51
307	-0.558306256458359	4	1	52
308	1.50695282967047	2	6	52
309	-0.181666178135869	3	3	52
310	1.13603659081512	4	1	52
311	1.09653221234762	3	9	52
312	0.621452791373878	4	4	52
313	0.123741371415582	2	0	53
314	-0.20196442803742	4	4	53
315	0.197040158773934	3	2	53
316	0.325886591517317	4	1	53
317	-0.133771399573286	4	2	53
318	0.481711564555044	3	2	53
319	-0.0186088729363617	4	1	54
320	1.61432026661026	4	1	54
321	0.665872827109793	3	3	54
322	-1.06066663794956	4	3	54
323	-0.244787459168089	4	2	54
324	1.89102952165019	1	1	54
325	-0.633007773727096	4	2	55
326	1.94138500413447	3	2	55
327	0.852659975572833	2	1	55
328	-1.06327284549054	4	1	55
329	2.12481732873348	4	7	55
330	2.3652273048602	4	3	55
331	2.78228844266787	1	4	56
332	2.12671657629299	4	2	56
333	1.97978242918374	2	3	56
334	2.05323714721318	2	0	56
335	0.532641702685779	2	3	56
336	3.09262033238642	3	8	56
337	0.432626165000819	4	0	57
338	-1.11804908488084	4	0	57
339	2.05430907850151	2	1	57
340	0.749624498342554	3	1	57
341	-0.511079616719973	2	5	57
342	-1.00430541109758	2	2	57
343	0.693312777862107	4	0	58
344	1.20402792767132	2	3	58
345	0.977055457057672	4	2	58
346	1.5844107400971	3	2	58
347	1.19391017850559	4	6	58
348	1.39794313136069	3	5	58
349	0.00962985013042107	4	3	59
350	0.339370256923717	3	2	59
351	1.53887098862978	4	2	59
352	-0.778621905972103	3	2	59
353	0.634418446286484	3	2	59
354	1.15884996367471	2	5	59
355	0.605521499298293	4	2	60
356	0.175079569145432	4	1	60
357	1.08061317529856	2	3	60
358	0.3942108107457	3	3	60
359	-1.18365149179691	2	0	60
360	-0.376498257452818	4	1	60
361	1.05100115543891	1	5	61
362	1.72982060172555	3	4	61
363	2.11128724496074	3	4	61
364	2.91056374432214	2	2	61
365	2.590995809469	1	4	61
366	0.812772332052381	2	4	61
367	0.277301517652047	1	4	62
368	0.925179796809416	4	3	62
369	2.07705483106271	4	1	62
370	-0.0532829384225931	3	2	62
371	-1.51155493870273	2	1	62
372	-1.45645399301861	3	1	62
373	0.414802345620233	3	3	63
374	2.09392982336932	2	6	63
375	0.682029903575839	2	6	63
376	-1.57048994493698	1	1	63
377	1.78589342558285	3	2	63
378	0.114530904138362	4	3	63
379	1.53229277105232	3	3	64
380	0.919381946313878	3	5	64
381	1.46882569710579	2	8	64
382	1.92373416972008	3	3	64
383	2.78774868296248	2	2	64
384	0.157884303564602	4	10	64
385	1.82815642781237	4	3	65
386	1.92582222844361	3	2	65
387	1.24536031678317	3	5	65
388	1.67548641567851	4	3	65
389	2.56450918894226	3	3	65
390	2.43267783841163	4	3	65
391	-0.588893090172257	4	0	66
392	0.6251832001595	3	0	66
393	2.39419432899227	4	0	66
394	1.46455073785281	2	5	66
395	-0.949885811172234	4	1	66
396	0.971314068375008	4	2	66
397	-0.0563140746177119	4	3	67
398	0.906647657854953	3	2	67
399	0.112176286315662	4	2	67
400	1.94578983007338	1	4	67
401	1.86985072559673	3	6	67
402	2.04429044685697	2	7	67
403	1.17265078384757	3	3	68
404	0.564552412982553	3	7	68
405	-0.168762892515196	4	4	68
406	2.03115139674151	3	1	68
407	2.51676860526064	2	5	68
408	1.87784113054	1	3	68
409	-0.551938111111189	3	4	69
410	1.44404172620236	2	3	69
411	-0.934746640708163	2	3	69
412	2.81335441825566	2	2	69
413	1.32628259350249	4	0	69
414	2.22709603437958	1	6	69
415	2.4229620947284	4	3	70
416	1.16997182916021	2	5	70
417	1.56252732949587	2	3	70
418	0.00878460979043691	4	2	70
419	-0.628597636805772	3	1	70
420	0.709694536899743	4	1	70
421	-0.479898245898207	4	1	71
422	-0.59411460237156	4	1	71
423	-0.963486233752784	3	0	71
424	-0.386122535329132	2	2	71
425	1.35374405307471	4	0	71
426	1.50342096482155	1	5	71
427	1.9948430875781	4	2	72
428	0.119967057217365	3	3	72
429	0.0479619422880064	4	6	72
430	0.486511143950194	4	0	72
431	1.6684789042887	2	3	72
432	0.181063486674228	4	2	72
433	0.764971542377348	4	1	73
434	2.12567646967998	4	0	73
435	-1.82040247297137	4	3	73
436	-1.25052967401181	4	1	73
437	0.634790812502648	3	4	73
438	0.0325242713979346	3	6	73
439	1.20837428769361	2	4	74
440	2.37079634331654	1	3	74
441	1.4227888556245	4	6	74
442	1.59530698107342	2	4	74
443	1.73492797384573	1	8	74
444	1.71399139472644	3	2	74
445	1.30910890829217	3	5	75
446	1.11088615513716	1	4	75
447	1.33155472919803	2	3	75
448	-0.482424071017774	4	2	75
449	2.2469298216583	1	3	75
450	2.7849898117118	1	6	75
451	3.39394456212337	2	2	76
452	0.567647874778249	2	6	76
453	1.81606135159964	1	5	76
454	-0.135733447723573	3	1	76
455	1.26362853584174	2	4	76
456	-0.646429139821584	4	1	76
457	0.117680992190721	4	1	77
458	-0.25825962478639	2	1	77
459	-0.649298539282282	3	5	77
460	-0.148550552165176	2	3	77
461	0.161752988646858	3	2	77
462	1.61130228573643	3	3	77
463	0.630006740199481	2	6	78
464	-0.552096154406327	2	3	78
465	1.37553914219693	2	1	78
466	1.22006032224128	2	2	78
467	0.982186093025881	1	4	78
468	2.71555584046334	3	2	78
469	1.28375873925898	1	1	79
470	1.91552389759435	2	2	79
471	0.13145666469078	2	1	79
472	3.71271487684531	2	2	79
473	1.09141109432201	3	4	79
474	-0.026000463156685	2	0	79
475	0.936378263405469	4	0	80
476	1.41919923565073	2	7	80
477	-0.134479910857157	4	3	80
478	0.104463938041884	4	0	80
479	0.808681372070067	4	1	80
480	1.33850460871613	4	2	80
481	1.09336057166003	4	1	81
482	-0.448916277259966	4	2	81
483	0.498243263345963	3	2	81
484	1.68257778066364	3	3	81
485	-0.0286267429334735	4	1	81
486	0.70582459229009	4	1	81
487	-1.7744902789151	2	1	82
488	0.839729990881896	3	0	82
489	-0.307454655227856	4	0	82
490	0.887802563275054	1	2	82
491	1.79828404456556	2	1	82
492	-0.0758356172663473	3	0	82
493	-1.08600612557786	4	2	83
494	0.98964384350999	2	1	83
495	-0.668008820488684	4	3	83
496	0.261690602634194	3	2	83
497	1.50469556574891	2	1	83
498	-0.593742894182693	3	1	83
499	-0.159085194887511	1	9	84
500	2.05211921013788	1	0	84
501	0.340167954115093	2	2	84
502	1.15899325127827	1	5	84
503	0.454256050740014	2	1	84
504	0.70434462610931	3	2	84
505	0.846653369720358	3	7	85
506	2.15189115478982	3	4	85
507	2.31505577974093	2	3	85
508	0.813547056686293	4	2	85
509	2.50589014030841	3	2	85
510	0.900557871392187	2	3	85
511	-0.84935863194063	4	1	86
512	1.94476763312157	4	3	86
513	-0.620712043647173	4	3	86
514	1.32680380234575	3	3	86
515	0.0684345573044693	3	5	86
516	1.72851456712881	1	6	86
517	0.59050480609537	3	2	87
518	2.04103676839204	3	1	87
519	0.145303365668108	4	0	87
520	-1.37322781126636	4	1	87
521	2.2995983992762	3	4	87
522	0.347671790664801	2	3	87
523	2.54978987541315	2	4	88
524	0.944135760769215	3	1	88
525	1.36376472966439	1	5	88
526	2.21472926331807	2	5	88
527	1.63189666721829	2	7	88
528	1.23020995942995	3	3	88
529	-1.6804032018207	3	0	89
530	0.589655042135332	2	2	89
531	-1.06243779677379	4	4	89
532	-1.02444289407569	3	4	89
533	2.8556035044284	3	1	89
534	-0.0866900893104263	4	1	89
535	-0.0235261647433183	2	1	90
536	0.392094877508773	3	3	90
537	-1.36839711309592	3	1	90
538	1.90869288820077	4	2	90
539	0.883269980305244	4	1	90
540	1.90121768666967	3	3	90
541	0.23152554590991	3	3	91
542	-0.0924323850958732	3	2	91
543	-0.191893730674608	3	2	91
544	-1.1724919387817	4	1	91
545	0.130729734163667	4	2	91
546	-0.792853550873493	4	0	91
547	1.62460477981369	2	1	92
548	0.501775773534296	3	3	92
549	1.13978901215716	1	3	92
550	-1.01091077057451	4	2	92
551	0.794314493772054	2	4	92
552	1.56971404592547	1	8	92
553	0.288813794641071	3	1	93
554	1.93728284652373	1	2	93
555	-0.20723965419898	3	2	93
556	1.32850153783869	3	6	93
557	2.10132041033808	2	3	93
558	2.29414982309176	3	5	93
559	0.760151111009297	4	1	94
560	0.93318869683007	3	2	94
561	2.54503612347102	3	3	94
562	-2.09093393385194	4	3	94
563	-0.999130749018346	2	4	94
564	1.27194506983296	2	5	94
565	1.06997720124014	1	4	95
566	0.179363580259027	2	2	95
567	0.762585249382102	3	1	95
568	0.306562532276238	2	2	95
569	-1.88271499109724	2	1	95
570	1.55611443571085	4	0	95
571	-0.408191456220488	2	1	96
572	-1.85029634011891	4	1	96
573	-1.51951090300651	3	2	96
574	1.76089468902443	1	3	96
575	-1.4206124669999	4	0	96
576	-0.758255881100465	3	1	96
577	0.0870422384398002	2	1	97
578	2.05070369982433	1	1	97
579	0.00945325287193821	3	6	97
580	0.679425149669496	3	5	97
581	2.19228978640027	3	1	97
582	0.685903472687792	4	1	97
583	1.08553752623982	4	2	98
584	-0.160117902316706	2	4	98
585	2.28623476971121	2	1	98
586	0.454385898767385	4	1	98
587	0.261514379831713	2	4	98
588	0.298508387907276	1	0	98
589	1.08196244981084	4	3	99
590	0.339751112525492	4	1	99
591	1.98204331510512	2	3	99
592	1.29836475921038	4	0	99
593	2.41098458929455	3	3	99
594	3.26987397129694	2	1	99
595	2.38764294775944	2	8	100
596	-0.912693695112152	1	1	100
597	2.06464270240603	2	2	100
598	0.222940889551835	4	1	100
599	1.90341716013357	3	3	100
600	1.17710728146189	2	5	100
601	0.730692780192118	3	3	101
602	1.94600962132368	2	3	101
603	1.63440857470274	2	4	101
604	3.05064301160806	1	2	101
605	0.705172989902441	1	2	101
606	0.90218442741455	1	2	101
607	2.05696747598385	3	1	102
608	1.1022000094478	3	2	102
609	0.419292712912367	4	1	102
610	-1.41037813140099	2	1	102
611	1.23348526905104	2	2	102
612	1.72728126896846	1	7	102
613	-1.35090511147262	2	0	103
614	-0.478872287662019	4	4	103
615	-1.0524731331326	4	1	103
616	0.24977184329909	4	1	103
617	-2.38015786605004	3	2	103
618	0.823585548155334	2	0	103
619	-1.57790394805522	2	3	104
620	1.21883084589176	1	4	104
621	1.45445320587705	4	5	104
622	1.27030139641619	4	0	104
623	0.591242817726699	4	4	104
624	-0.286888197375499	2	1	104
625	0.679613514601571	4	1	105
626	-0.577283623757876	4	3	105
627	0.414885507282731	4	0	105
628	2.16168373808618	1	3	105
629	0.643514065647467	3	4	105
630	-1.95523283614566	4	2	105
631	2.48402525163475	1	2	106
632	1.79650507341441	3	6	106
633	1.2990072475253	1	5	106
634	0.521988414200193	4	0	106
635	1.14997631647382	4	2	106
636	0.168164531132763	1	3	106
637	0.652363280224503	4	6	107
638	-2.41142731243168	4	1	107
639	2.30260242756305	1	4	107
640	0.754239331314868	1	3	107
641	0.0566745720588264	3	4	107
642	1.62849433448161	2	5	107
643	-0.170622484997973	4	1	108
644	0.97796243819476	3	0	108
645	0.224773976424729	2	0	108
646	0.780639033194498	4	1	108
647	2.16893243674684	2	5	108
648	-0.0746901007735987	3	0	108
649	0.731617002607891	4	2	109
650	0.169126909849531	1	5	109
651	1.23066021200623	3	2	109
652	1.33702305376796	2	4	109
653	1.14541482634915	4	3	109
654	1.48321567837602	1	5	109
655	0.80806282742745	4	5	110
656	1.78578776517178	4	0	110
657	2.49644066805784	4	2	110
658	-0.864783217301337	3	1	110
659	-0.622084581554434	4	2	110
660	0.265486978350993	3	3	110
661	2.52892811949847	4	3	111
662	1.14987602996374	4	3	111
663	3.68441880746713	3	2	111
664	-1.4909755968058	3	1	111
665	0.542931996384784	3	1	111
666	-1.02469895305302	4	0	111
667	1.3687312103521	2	4	112
668	2.20851403467737	4	6	112
669	0.585318754710194	3	5	112
670	0.785955523017845	1	6	112
671	0.464084725858676	3	1	112
672	2.88653508352424	3	4	112
673	-0.399775660000212	4	4	113
674	2.36546779752224	3	4	113
675	1.44750853227415	1	5	113
676	1.49269281556797	2	1	113
677	1.25903800499049	4	0	113
678	-1.94032687130331	4	1	113
679	-0.782252078492046	3	3	114
680	-1.65363020018788	4	0	114
681	-0.0944068116381398	3	2	114
682	-0.409333872131551	3	2	114
683	0.423943481347055	3	1	114
684	-1.01471970292749	2	1	114
685	0.218537529907511	4	2	115
686	1.09538500512467	2	5	115
687	1.61042370418542	2	6	115
688	-2.09897874143688	4	2	115
689	0.681757145795892	4	2	115
690	1.09289706624682	3	3	115
691	-2.1546029022906	2	1	116
692	3.25083391482679	3	6	116
693	1.70387398650212	1	2	116
694	2.37519707166252	1	8	116
695	2.88766435939916	2	2	116
696	0.884412215658983	4	5	116
697	-0.610746217314963	4	1	117
698	0.903296461584573	2	4	117
699	0.647401708558508	4	0	117
700	0.267192351504983	2	5	117
701	1.34269845136595	1	2	117
702	0.671745958881797	4	4	117
703	1.20563671904364	3	5	118
704	2.87961339010348	3	4	118
705	-0.288985419298543	3	4	118
706	1.68610152718916	1	5	118
707	0.807766087724348	4	4	118
708	1.42223911961513	3	3	118
709	1.30792079659003	4	3	119
710	-0.927253080908024	1	1	119
711	-0.634121650761519	4	3	119
712	0.0884466161387425	3	0	119
713	-1.41318833085107	4	2	119
714	-0.0356478529151299	4	2	119
715	0.621798368214459	4	2	120
716	1.76696786332715	1	6	120
717	-0.594285666127942	3	0	120
718	-2.16708946686792	3	0	120
719	1.48680488564392	3	1	120
720	1.06555227692901	4	1	120
