id	y	k
1	1.60975440469646	8
2	0.203422208025761	0
3	1.98639545244795	3
4	-0.0998585201947189	2
5	-0.0833442744077887	3
6	0.396765086772162	3
7	-0.537885622675307	1
8	2.05323993568935	7
9	0.602354308139072	0
10	0.715166793431812	3
11	0.00684052653251125	0
12	1.48016290304829	8
13	-0.0991442057537791	0
14	1.95027597275179	8
15	2.17333499104664	12
16	-1.23629423752588	4
17	0.396885958514119	2
18	0.698959767377836	14
19	-0.109076551018333	1
20	0.284973893384254	6
21	-0.527561174513544	2
22	-0.721050606194046	5
23	3.116145460437	14
24	-0.420582040143984	1
25	2.30289412476944	7
26	-0.109753475781588	1
27	0.0303296908451494	4
28	-0.29868444177863	0
29	1.60210753197561	16
30	2.22028039190135	5
31	1.24852510178628	1
32	-0.926522556768811	4
33	-0.528799395480314	3
34	1.56833549062671	5
35	-0.382669540089298	0
36	0.882528048933185	8
37	0.58334858243963	1
38	0.275488548200218	3
39	-0.31572057734103	2
40	0.645420947074667	12
41	0.735695029596402	7
42	-0.309616814341729	1
43	1.62643310689668	6
44	-0.122737587942491	2
45	0.805019531967945	2
46	0.851602226063921	7
47	0.670429851668309	8
48	0.215189595653716	1
49	0.539144004480004	3
50	-0.134084525056754	4
51	0.483199259113833	3
52	-1.32134575310908	1
53	1.53284910604661	9
54	1.70760315689631	5
55	-0.83839286711473	1
56	2.79679988097918	6
57	1.58833718140218	4
58	-0.0252539734711755	2
59	1.72296544871705	0
60	2.02800716261774	2
61	1.29567632383701	14
62	1.16235958019215	12
63	0.898524859495896	7
64	1.04635912441957	12
65	-1.23492234584151	1
66	-1.16367208588305	0
67	-0.745139833508813	2
68	-0.219984967171903	5
69	-0.248726875430451	0
70	-0.65132372180555	2
71	1.53933316211972	2
72	1.32513449686478	6
73	0.486509489633445	2
74	0.870995664610048	3
75	-0.328596495904975	0
76	-1.91272498039616	1
77	1.09476188104384	8
78	0.778961450638688	0
79	-0.141593683464124	6
80	-1.59240831246545	2
81	0.328205524707345	14
82	2.0955209316219	9
83	0.250348968375267	1
84	1.62842725462252	6
85	0.754460328827098	6
86	1.96821375965189	1
87	-1.71048981682993	3
88	1.80102787930188	1
89	2.75905060318274	7
90	1.8800822426225	8
91	-2.02516202813136	0
92	1.30980011843575	6
93	1.31732488406362	4
94	-0.74395199935276	1
95	1.75855617132056	8
96	-0.875086215253263	1
97	2.31873845700834	6
98	0.27093556666292	1
99	-0.129693568907417	4
100	1.39772234590653	9
101	0.816843668276461	7
102	1.17785144600214	8
103	2.71576546171526	7
104	0.963928673351851	2
105	0.906450594791824	1
106	-0.902408887214962	0
107	0.801992071679947	1
108	-0.495545926978657	2
109	1.32918831489665	12
110	1.80735617009423	0
111	1.2702982627337	4
112	-0.153266051890131	11
113	-0.0171610548201344	11
114	-0.885429538247012	1
115	0.394689273311381	8
116	0.448559811445467	2
117	0.416817285177997	6
118	1.54876903084849	15
119	0.217804691987713	4
120	-0.589771211982393	0
121	3.04869809891551	10
122	2.52365347386959	4
123	0.864591458552139	0
124	3.23748588102226	9
125	1.42332520796111	4
126	-1.18380353528374	1
127	-0.163149170644841	1
128	1.98112561336168	6
129	0.396943536857017	2
130	1.02935764479424	0
131	-0.0984337220263272	7
132	-0.276728913717075	7
133	-0.0631233539784921	0
134	-1.07414953697103	1
135	1.1402529560505	6
136	1.55413777926661	1
137	-0.754392953758359	1
138	0.623998272691065	3
139	-0.490865381891469	3
140	0.281931891014644	6
141	-0.962282806382044	2
142	0.272098491291658	1
143	-1.280970104138	1
144	-0.685987124183297	3
145	-0.44000203455529	0
146	2.35087366910251	11
147	-1.30309297633479	0
148	0.369843480099388	2
149	-0.910828707067325	0
150	1.30177464585898	3
151	0.376193008055861	0
152	0.177661102619725	2
153	-0.245988846618392	2
154	-1.35726826315632	0
155	0.807689893064052	5
156	0.588147977860106	0
157	0.881272184877663	1
158	-0.44726336382145	1
159	2.57945575357242	7
160	-2.85481032409356	1
161	1.5035632147928	1
162	0.865222800483408	3
163	2.53545277581501	8
164	-0.50742294919405	0
165	1.53459792039923	7
166	0.414404825306327	0
167	0.701474611860133	5
168	-1.58749054505196	0
169	-0.0039927770213648	2
170	1.93170859040546	0
171	1.45127127669598	2
172	0.578927820054972	5
173	1.82363299629448	1
174	2.55436372830176	6
175	0.407730394203867	2
176	-1.16614471848738	1
177	1.30236487058118	1
178	0.445851788934836	2
179	0.828146643042324	7
180	1.14929299917427	3
181	0.0827854140120044	1
182	0.568264271848795	2
183	0.554475802543682	10
184	1.17401111302534	6
185	-0.80478366332871	1
186	0.470884426735831	8
187	-0.556685791111989	1
188	-1.08590746563551	6
189	-0.29724116550751	1
190	-0.496862198514459	4
191	-2.74164416841612	5
192	-1.52176504361542	0
193	-0.740880189304014	1
194	-0.0749833571768082	7
195	-0.5881156017039	2
196	-0.879928017201327	0
197	0.648754869928676	1
198	0.753365581473026	2
199	1.40329714930713	8
200	0.280975639434219	1
201	-0.477650815404724	3
202	0.798850318044719	0
203	0.519234045756215	3
204	-1.73645107563577	2
205	0.471158408201342	8
206	1.03707045403108	8
207	0.12985639127596	1
208	0.881000591910832	4
209	1.06720486038995	3
210	-0.525663817850705	1
211	-0.764908666900288	3
212	1.36437368304805	0
213	-0.707021440183681	0
214	1.08898323437003	14
215	-0.26740859331883	4
216	-1.60453641893687	0
217	-0.656879802091879	5
218	0.411220689813306	11
219	0.710438668510954	5
220	-2.31529527191718	1
221	0.167491865001649	1
222	1.12254491985209	5
223	2.20866176460604	10
224	0.428133951675464	3
225	2.99854819427237	7
226	2.19878234586984	12
227	2.63035960034617	5
228	-0.934402964228238	1
229	-0.948986964086245	1
230	2.9233606007894	18
231	0.0403714977700384	3
232	0.798987313392956	12
233	0.691076884679214	0
234	-1.20297308308721	4
235	0.508071909045472	6
236	0.551342521017586	1
237	-0.191593662557223	8
238	1.16454612275489	8
239	2.30434669988163	5
240	-1.66761354690027	2
241	0.382255987657332	0
242	0.244485200563881	0
243	-1.41879968223459	4
244	0.0554486181671276	3
245	0.784775579043935	5
246	2.02246934561572	0
247	2.32296141106391	5
248	3.39556397682598	4
249	-1.06797011387183	3
250	-2.02989598873325	1
251	1.59343646991937	2
252	-0.379540089188639	1
253	-1.31249062084824	3
254	-2.96133313442402	1
255	1.74780989704469	2
256	-1.0725191974338	0
257	-0.479927277853742	0
258	2.02830999178418	7
259	-0.889258372187566	4
260	0.25790745579285	5
261	2.69922733476452	7
262	-1.07905209327647	0
263	0.424748462336345	9
264	1.41618378014696	1
265	0.442002644946369	0
266	2.17269789513868	17
267	1.31847488099392	3
268	0.17491006071533	3
269	0.75761308065796	2
270	1.07897168877461	4
271	-0.196510357572936	4
272	0.937541382852152	7
273	-0.0147571923764024	4
274	-0.711471886688769	1
275	1.84791548523449	14
276	-0.29643026534541	0
277	1.1867433991798	3
278	0.938929822475618	0
279	1.84499872708258	12
280	1.50887754896083	3
281	3.17388015616935	9
282	-0.926591919179227	2
283	-1.30878089836894	1
284	0.325746622858517	1
285	-0.04669349388941	5
286	0.678688057945417	9
287	0.0248200249655853	1
288	3.35955856861672	12
289	0.719309113984098	0
290	-1.25020655024531	2
291	1.91141695328197	3
292	-0.375589436386952	0
293	1.38997323931965	7
294	-0.0775439878148891	1
295	-0.983731144198158	0
296	1.76307484026217	5
297	2.79513825520563	2
298	0.523464133239067	1
299	0.218827560003497	4
300	1.58292153333228	5
301	-0.0165038663973549	9
302	-1.45683762859234	1
303	1.10971057055129	3
304	0.829976230254263	1
305	0.908115503213615	1
306	1.83049444785363	7
307	2.39599584922002	5
308	1.16162885617983	1
309	-0.790463397614112	2
310	0.980366271066985	6
311	-0.739887269891845	1
312	1.24912999802513	4
313	2.54304918747444	7
314	2.56414130305682	8
315	0.0239205872574034	0
316	0.597896882724635	1
317	1.41095258533036	6
318	2.56452223189501	1
319	0.59948615564191	7
320	0.286950082240938	3
321	0.252876383620519	6
322	2.27683927630169	14
323	-0.947825340605032	0
324	2.64188947232896	8
325	-0.723421982991992	3
326	0.127540259656854	2
327	1.52089305188536	8
328	0.397971615538362	6
329	2.08290461305054	10
330	1.1314199743858	3
331	-0.399742517543303	3
332	-0.420092666535066	6
333	1.13442553480625	3
334	1.88784701647945	8
335	0.851949655845447	1
336	-0.588243192494654	1
337	0.817712315701682	2
338	2.26345639984866	8
339	1.10695840131429	16
340	-1.0984250692962	1
341	0.00766079163007394	9
342	1.33907857168628	5
343	1.00527589883846	13
344	-0.667575644635205	0
345	0.0454709772023931	3
346	0.0460973512838698	2
347	0.672997226339274	0
348	-1.07340388100098	3
349	0.880177757715375	2
350	1.37740200120194	0
351	2.93325122724282	3
352	2.29873291779941	15
353	0.0638355731977331	3
354	1.86561293010453	0
355	2.46409553392759	3
356	0.203348603128091	1
357	-0.363683389315398	2
358	0.749607375346378	4
359	0.208207809133684	4
360	0.688164837495955	9
361	0.544183649516839	0
362	0.419108167334133	0
363	0.815212053932384	7
364	1.54776563486347	3
365	0.825458001596041	1
366	-0.16739438530191	4
367	1.64489235323986	16
368	1.79026805089605	6
369	-1.03175402613459	2
370	1.49458863425053	10
371	-0.133988230889814	1
372	1.3597359187869	0
373	0.0894775669288635	5
374	-0.695405796582253	1
375	0.355902563002307	0
376	0.181529248267345	1
377	2.29076752288262	9
378	0.643526913763	1
379	1.07423622212422	3
380	0.114441151550021	5
381	0.938398949672103	7
382	1.48318830391108	9
383	0.853999113218962	0
384	0.345799963006066	8
385	-0.0179118901395825	3
386	1.05224954699431	2
387	0.5066605626273	13
388	0.049927581958186	1
389	1.47220689769931	7
390	0.731277859708944	17
391	0.716260657267693	0
392	2.72563364249722	6
393	1.12968745657858	2
394	-0.719081086809035	2
395	-0.114489094899461	3
396	-2.09446151593008	1
397	1.29799100857243	1
398	-0.407645292752449	4
399	0.884802300180725	9
400	1.60890867772534	4
401	-0.450156752820985	6
402	1.09594328668323	2
403	0.893431791997355	1
404	3.01571741829493	4
405	1.32599425252104	12
406	-0.386953805246833	2
407	0.318153652371574	0
408	-0.704103879020118	4
409	-0.916115789198415	1
410	1.28235514805507	0
411	1.72927795393413	0
412	2.12025641505958	10
413	-0.306638945583259	4
414	1.15793656026748	9
415	0.210965820214673	4
416	-0.694707167978905	14
417	0.898920607289487	5
418	2.34073902341503	11
419	-0.231543305239295	2
420	1.84898830018484	6
421	-0.995284532820907	1
422	-1.30459238698354	1
423	-1.81558403367925	0
424	2.5544437740577	4
425	-1.32105569844167	3
426	1.73915898401487	0
427	0.45186839673446	0
428	0.622547102302118	6
429	-0.215939283612852	6
430	0.225051857358411	0
431	0.816210073638922	0
432	0.00506598095190435	5
433	-1.14852285315446	3
434	2.30319666022743	0
435	0.742258752443715	9
436	-0.517981140148128	8
437	-1.36893618920555	0
438	1.00035056097998	12
439	2.09582219476643	9
440	-0.582048514937496	7
441	-0.968986422033585	10
442	2.93731150240483	14
443	0.015358421486402	1
444	0.704393092514749	2
445	-0.259970562656843	9
446	1.63023542697305	8
447	-0.401006272851929	2
448	0.811102567104609	1
449	1.51537676742815	8
450	-0.889092034315262	1
451	-0.806443875388302	2
452	1.85737192894349	20
453	-0.337338342618234	0
454	0.605100601622305	0
455	0.963399718430254	5
456	2.25154250241164	4
457	-0.0692161715870845	2
458	-0.22849530195148	0
459	2.79323213838114	4
460	-0.861467342336614	1
461	1.26655825614406	4
462	1.41289528009769	0
463	1.78370620960917	2
464	1.78250954369057	9
465	0.0502308478427437	1
466	2.66054636572224	3
467	-2.62970879871284	3
468	1.83175116768998	17
469	-0.75302749503782	3
470	-0.0515545369212399	1
471	-0.0802553048704945	1
472	2.22456675010047	3
473	0.437680453736204	3
474	0.277574722793483	4
475	2.74005075140691	22
476	0.162421313895357	3
477	2.76899210754222	5
478	-0.518490871940683	6
479	1.17356817194687	1
480	-0.739358905484929	4
481	-0.791052545480614	0
482	-1.0108960466622	1
483	1.39648527424004	3
484	1.06126435547785	1
485	0.798023880476099	7
486	0.74229486779071	1
487	0.593745704675937	0
488	-1.69240905234319	0
489	-0.212963956931041	1
490	0.19434384966655	0
491	-1.48791955578812	1
492	1.90041814325013	0
493	-0.638633941943881	0
494	-0.272673527903782	1
495	-0.410804838648815	5
496	0.985599489418935	3
497	1.70848294380783	13
498	0.837295906097037	1
499	2.34436372150791	4
500	1.5620806378889	0
501	2.13731370413298	1
502	-1.09975640523729	0
503	1.84727226647794	4
504	0.389429164365872	8
505	3.8355858293099	18
506	-1.14516929091552	1
507	0.331383430179216	5
508	-0.229091107381206	0
509	0.0218272181499211	2
510	0.589504882185147	3
511	-1.51909587061883	4
512	-1.00878087125014	1
513	0.438727708732594	0
514	-0.4030757715845	3
515	0.994402963503197	2
516	-1.72439173881089	0
517	-0.604511105546942	3
518	-1.54418204115675	2
519	2.57658740575253	13
520	0.0247516435148819	2
521	1.26572751209117	1
522	0.0624471983743176	4
523	1.09768894051473	8
524	2.50875129357067	9
525	1.31026419400062	1
526	-0.415172808463	2
527	0.610153676319471	3
528	-1.15509796302709	5
529	-0.520152991935238	0
530	0.207480081593387	1
531	-0.63927251118568	2
532	1.6073629005941	3
533	1.34079382854592	1
534	3.06058721950466	8
535	-1.42971152055647	0
536	0.128342192355159	0
537	-0.440266695670318	0
538	2.2080135188681	11
539	-0.514353051891094	3
540	1.75180280234257	8
541	-0.0725010091782345	3
542	0.832185119509952	0
543	0.387348492385191	11
544	-0.00298524683341927	14
545	2.62563081141784	6
546	1.19881874430736	7
547	0.258042032250079	0
548	1.62615209277901	0
549	0.973479668616909	7
550	1.89648789086491	5
551	4.34939455578557	17
552	-1.86048027126485	7
553	1.55836818600977	6
554	-0.825006525933053	4
555	2.6131347110392	13
556	-1.60502497620456	2
557	1.05399484119806	1
558	2.17756647127185	6
559	0.234727198385045	21
560	-0.693325495849796	1
561	-0.928124407619663	0
562	-1.04832298428024	0
563	2.83621391753943	6
564	-2.39850073362577	5
565	-1.2153658699002	2
566	-0.78519513189105	0
567	0.530947752639144	12
568	1.9197447242547	0
569	1.63844951426789	1
570	-0.143366738004842	6
571	0.342784793427515	3
572	1.74867095067822	8
573	1.81329925031552	0
574	1.58310300804453	1
575	-0.224245513318749	5
576	-1.10095865592018	5
577	1.56030865422916	7
578	2.75451536132511	15
579	0.407395005669686	5
580	-0.364240857884802	3
581	-0.210645591943424	3
582	1.7995977698499	7
583	1.25305029803887	0
584	1.34903526330187	6
585	-2.05971524647519	0
586	0.802413294656688	6
587	-0.494463745392524	0
588	-2.70375535775139	0
589	2.45813514969022	3
590	0.449131840874096	0
591	0.134820378354902	3
592	-0.755531208448234	2
593	-0.409486307824645	0
594	0.990687619806531	3
595	-0.358863770963359	1
596	1.86433329583927	6
597	1.48182249839397	13
598	0.0427408355771666	0
599	-0.66748914192994	2
600	0.348057285382247	1
601	0.532918198718723	9
602	2.43999988766948	12
603	1.96504552119152	5
604	2.08363848307529	0
605	0.588976688349998	0
606	1.19678812622606	5
607	0.0935952965991798	1
608	0.466472885500793	0
609	-0.699340236960406	4
610	3.34743794483381	10
611	1.9541100235829	8
612	1.17875078500591	3
613	0.864421761741264	0
614	1.16182883789669	3
615	0.800342247729335	0
616	2.66220980396749	13
617	-1.33373523526577	2
618	-0.272406669691798	0
619	0.52816458980048	6
620	-0.763311479003806	1
621	1.26527380204983	0
622	1.18768782956715	0
623	0.0110014866674765	1
624	0.231945738762894	3
625	-1.28606300331582	0
626	0.340174290717489	4
627	-1.68920781508929	0
628	1.2063211904531	0
629	0.575346921061778	11
630	-0.440780474689449	0
631	1.19434068236785	1
632	1.11385644836965	12
633	-0.862620016019357	1
634	-0.356637616167485	0
635	1.63076235691568	2
636	-0.155962245167546	0
637	-0.127432843611266	1
638	1.48312397876594	2
639	1.02764838345392	5
640	2.92886484796343	9
641	0.651415881164641	7
642	1.71278696677007	8
643	1.22430953350468	6
644	3.33963886930123	8
645	0.383064592281049	13
646	0.747744795759976	2
647	1.99486329484464	15
648	0.595018195137928	7
649	0.709799171465168	3
650	1.25627089222249	6
651	0.754005370745163	8
652	-2.75895848084283	2
653	1.98554460033808	7
654	1.90700631825397	4
655	-0.135428679851867	0
656	1.39678769510971	25
657	-0.0508010475259625	1
658	-0.115157167734996	2
659	1.60613004485164	7
660	0.177297155848866	3
661	1.22221187396871	7
662	-0.454550118025047	7
663	0.866912358262066	1
664	-0.473659554123591	1
665	-0.467280000521707	8
666	2.05993802448867	2
667	0.751038433057541	13
668	1.67703986838156	1
669	1.24897868321967	2
670	0.394889970803499	3
671	2.12894046086554	5
672	2.23945201351938	6
673	0.47667775569606	1
674	1.65499003390437	15
675	-1.38069142024075	3
676	-0.235625889046232	0
677	0.313862399910674	19
678	0.355712335060952	1
679	2.20450160263617	9
680	0.383924179114459	0
681	-0.433416097639926	0
682	0.175708440102328	3
683	-1.42038658498634	2
684	2.03765371229906	7
685	-0.821231367647695	5
686	-1.08344278907287	2
687	0.563607074556985	2
688	-0.096471731422444	1
689	1.77478920986995	3
690	0.672829956167324	4
691	1.07514728145872	0
692	-0.23309039629051	1
693	0.995307044683601	1
694	0.75428653801998	2
695	3.17533469109124	1
696	1.62270028685459	4
697	0.724643051799754	0
698	1.67779371268185	4
699	1.61350222898442	10
700	3.72821794881105	7
701	2.13795459006528	12
702	-0.58053798811693	1
703	1.90348693809176	5
704	1.80500113856667	11
705	1.19652538411829	11
706	1.93898666174229	6
707	1.95850518525368	6
708	0.329748317040895	1
709	0.0393785178781187	4
710	-0.22240913105522	2
711	-1.84757869169785	4
712	1.24712535745754	1
713	0.0393237771323911	1
714	0.728833191329908	7
715	-0.433048077046549	8
716	2.42432367045972	6
717	-0.66921461508714	3
718	0.0376118360322659	12
719	-1.06846365003636	4
720	-0.508592660729065	4
721	1.34193250416471	10
722	-0.212540719424466	8
723	-0.215040865351181	0
724	0.209197990967115	0
725	0.663410135014478	7
726	2.30545752919898	3
727	0.692765457733681	11
728	1.60294616444108	1
729	2.09063069456882	1
730	0.537412759050464	1
731	-0.556710640421695	6
732	-0.122179280671729	1
733	0.798176655144208	0
734	-0.0928556290717444	0
735	-1.55151267286068	2
736	2.49492355417938	20
737	0.914878681958423	2
738	1.91549592892117	7
739	0.436213387003586	2
740	0.731217828811719	2
741	0.369625686117597	3
742	0.45175866134343	1
743	0.0890921504099037	2
744	-0.0642417000066946	0
745	1.52750590374034	1
746	2.57681313836964	7
747	-1.49709975448512	0
748	0.955474561388995	8
749	-0.637232307213923	4
750	-2.57509755520364	1
751	1.22075563828749	12
752	0.0974091728079881	1
753	-2.19001178669172	5
754	-0.215364176040765	1
755	0.827401230914752	3
756	-1.12375303790285	1
757	0.824258415654597	3
758	1.49102818240512	1
759	1.34886793303303	7
760	-1.30864110034026	3
761	0.359455624369255	3
762	1.16019303442669	5
763	1.38789104877866	0
764	-0.609194085340866	2
765	2.5909164380233	7
766	0.316768730357146	0
767	-1.86576770242685	0
768	-0.0879627038657915	2
769	1.0863709706581	4
770	2.35444605468628	9
771	1.20765549264384	3
772	0.327805208551074	1
773	0.268759829504114	0
774	-0.0068450590055154	1
775	3.37851201712192	4
776	-0.884349752183802	3
777	1.50440487307186	2
778	0.515774549151758	2
779	0.938075040266956	0
780	0.00555179371477773	1
781	0.601605273588786	17
782	0.934780897196728	7
783	-0.461907463528476	2
784	0.242925828063085	6
785	2.31130850627916	8
786	3.17743694191203	6
787	1.2763619357677	2
788	1.09713077495986	0
789	1.57165598159614	0
790	2.66778227926426	18
791	-1.03896703007345	1
792	0.270501517512374	1
793	0.0877791889678942	0
794	2.03349854505983	13
795	0.297031035200326	5
796	2.56334297539861	14
797	0.496334316010622	0
798	0.401428823322443	1
799	0.296418503022603	18
800	0.952776122821295	1
801	-0.0352946540259397	0
802	-0.204220706842291	7
803	2.92031381988068	6
804	-1.23115542243371	1
805	-0.553232506502573	2
806	-0.77582295575706	0
807	1.1213047797913	2
808	-0.516913824877306	5
809	3.26974724794978	12
810	-0.919705055622148	1
811	2.43885549809095	11
812	1.29320049767814	17
813	-1.02881691337894	2
814	1.05916444491403	2
815	2.16770655630118	10
816	2.21383475529158	18
817	1.83622165232757	5
818	1.09166554128036	4
819	-0.276587916352443	3
820	-0.0261161031416157	0
821	3.38872156994273	4
822	0.62336269983159	16
823	0.263352805733985	2
824	-0.774010981313763	2
825	1.76377682417192	4
826	1.38021262384558	7
827	-0.319883283961653	1
828	1.10492891484418	5
829	0.0204967804732934	5
830	2.22467370716526	9
831	-0.742440931727961	3
832	3.080976925594	12
833	2.05817864614104	6
834	0.471028596268448	2
835	0.584190510173935	0
836	-1.69925365947819	1
837	0.299414716479305	0
838	-1.11597796020742	4
839	-0.508781708970595	0
840	3.00851483850655	7
841	0.36671310749922	8
842	3.14268644401398	12
843	0.518741914709128	2
844	0.987382104604549	0
845	-0.996661779477492	6
846	3.21917879567336	7
847	1.16615369141257	0
848	-0.365066659088285	0
849	2.59201846429751	3
850	2.38388786369544	1
851	1.05216076961789	0
852	1.96980930802762	4
853	2.50047148923341	11
854	1.71661341019796	8
855	1.01770019541565	5
856	1.0582553424741	22
857	2.30092464663709	16
858	0.117560123598607	6
859	0.16992340486739	3
860	-0.258770677769078	0
861	0.6794709796557	0
862	0.806123663851677	12
863	0.480486190231538	1
864	1.3088685467509	11
865	1.74434289104766	3
866	0.00975081735105231	1
867	2.01199599455548	4
868	-0.33192481022997	0
869	1.94778302414883	8
870	-1.38002861537851	2
871	0.685047174143634	3
872	2.64334130054881	7
873	1.61076348899574	2
874	2.05361790505005	8
875	1.33573044084961	4
876	0.426367849046634	2
877	1.10468791433591	0
878	0.907135342971377	1
879	-1.58424845557744	1
880	2.65606565391143	2
881	0.942023776724306	0
882	0.187370505168887	4
883	0.978257260139826	7
884	0.0624247580531766	0
885	1.87048677183812	3
886	0.522870688019055	0
887	-1.9453394444991	1
888	-1.28430409445252	0
889	-0.673353078265373	0
890	-0.290699920534304	3
891	2.62853823395602	14
892	1.78486389018263	20
893	-1.38269378789691	1
894	2.27008043587484	6
895	2.25250006031946	7
896	0.137783429286261	2
897	-0.0821052338695596	1
898	0.0730104908338055	0
899	2.04450138583327	2
900	0.933888737958658	2
901	-0.48481779757915	2
902	1.51535266476908	6
903	1.3689381953364	13
904	1.24289226781263	7
905	-1.30124196882777	10
906	2.38529316081804	6
907	1.13765650510361	6
908	-1.04783931546706	6
909	1.03606108188269	16
910	-1.4302388116688	2
911	-0.225392613536537	0
912	1.86814764497037	14
913	0.549159462992519	1
914	0.214348029146369	3
915	-0.800879682496835	0
916	-1.7260271607391	4
917	1.69976164538799	4
918	1.90396112471734	11
919	1.7634099606892	2
920	1.88224014994233	0
921	-0.858436017955382	4
922	2.00795071630265	8
923	1.49807669617147	1
924	2.28266530766988	2
925	1.81337487826752	5
926	1.59664451552061	2
927	3.00624154008862	6
928	1.45454422336499	5
929	-0.827252504866942	3
930	-0.100305783699474	0
931	0.412461145010235	11
932	2.61512125416923	4
933	1.4245089815412	7
934	-0.570441636904112	1
935	-0.691906150937752	1
936	1.84238425583443	1
937	1.3603770951659	1
938	0.865828900778501	6
939	-0.241868462024113	2
940	1.01358477169408	11
941	1.16728317531947	1
942	-0.178566625805465	1
943	-0.3837650733641	1
944	0.289580067710791	15
945	0.509712165844822	3
946	0.43462805791175	0
947	-1.04539912440995	0
948	0.760353248552712	14
949	1.94767371814653	2
950	-1.1336924897341	4
951	1.74665509269225	1
952	2.13242396804372	7
953	0.646498468270566	5
954	0.415580531633823	0
955	1.07783482739285	5
956	3.07528975533293	7
957	-0.498502397387794	3
958	1.18260223883542	2
959	-0.357627196491953	0
960	1.05883004417654	1
961	2.67202472834275	12
962	0.389938188093756	10
963	1.43991930615689	20
964	-1.24369323967857	2
965	1.28340343419148	2
966	1.21189421989964	4
967	-0.694999506513228	5
968	-1.63904684040711	0
969	1.09424714600612	7
970	1.42842126843255	7
971	-1.73154827097409	0
972	1.02183745628116	3
973	-0.0934386230684174	0
974	-1.4480430887563	6
975	1.34164643853171	6
976	1.76806383173491	10
977	-0.83065646613027	0
978	-2.17262843257398	0
979	0.312656444182177	4
980	0.30430440033986	2
981	0.2928749199401	9
982	2.11185733606464	1
983	2.84613238580822	10
984	0.70426724748474	0
985	-0.485078267672092	0
986	2.28398168135838	11
987	-0.27904610542486	4
988	2.22348114332803	2
989	1.29962275981844	4
990	0.768313871753101	2
991	0.378739950301426	13
992	0.56211614431036	2
993	1.4329619188183	2
994	2.33362306280268	4
995	0.870297723054603	13
996	-1.8125232026448	1
997	-1.08458618654208	0
998	0.170070116542923	3
999	1.52618289816967	7
1000	2.0269903785972	7
1001	3.28125841840837	5
1002	2.61593685575448	11
1003	0.301202316840824	3
1004	0.888186719386407	0
1005	-0.0670033436447791	3
1006	0.144316698209268	1
1007	3.05819736191822	5
1008	-1.11354040358069	2
1009	2.10623512147743	9
1010	1.04718007516573	0
1011	0.63041012337562	3
1012	2.50495546185424	7
1013	-0.215756381132596	4
1014	-0.371168914317318	0
1015	0.465000310935717	15
1016	-0.760161523594083	4
1017	0.57758456473256	2
1018	-0.159065505786128	1
1019	-0.174103665011133	5
1020	-0.115835769275063	1
1021	1.73549089029038	0
1022	0.469963110772699	0
1023	1.00342112014476	12
1024	-1.15096657055659	7
1025	-1.14715839820979	2
1026	0.725769558872142	4
1027	-2.00760353807804	2
1028	-0.799496645237168	3
1029	-0.497985610375422	1
1030	-1.15095834561159	1
1031	-0.790061641461758	5
1032	1.43955657300376	2
1033	-1.75727529776184	1
1034	2.69649235829161	6
1035	-2.44342145478959	2
1036	2.45414930018501	4
1037	0.732126231636042	7
1038	0.313994634531481	0
1039	0.0681461188880491	1
1040	0.982315764391774	4
1041	-1.33440895403788	5
1042	-0.8996610052408	1
1043	-1.74920128525897	1
1044	0.183889428526108	2
1045	-0.100274365255935	1
1046	0.303697072116915	1
1047	0.377813718364241	10
1048	2.61534594768728	2
1049	1.66124367393596	0
1050	1.60716960985115	6
1051	2.59504030877669	1
1052	2.62664462820193	2
1053	-0.248127238058289	1
1054	2.27192108821799	2
1055	2.58730619433671	7
1056	-1.89265689022346	0
1057	-1.49292924337536	3
1058	0.293348817773531	1
1059	1.27644447582901	8
1060	-0.0504850316404109	0
1061	1.19855771875408	0
1062	0.856641927705856	1
1063	-0.270368980214954	0
1064	0.0865917587620888	6
1065	2.13468940192979	3
1066	1.90299389920278	1
1067	2.73501207079197	10
1068	-1.26123710772228	3
1069	-1.32367161272624	1
1070	0.537964579756204	7
1071	0.0121967787739054	0
1072	-0.34399996584444	2
1073	1.27199088656324	6
1074	-2.16325629271451	2
1075	0.239636027817047	0
1076	0.998302225361847	7
1077	-0.147049579673722	4
1078	0.944163823386314	6
1079	0.00875519678043348	1
1080	0.542511900283358	0
1081	-0.0844322177540118	6
1082	-1.1839795503148	3
1083	-0.114028894582143	0
1084	0.712735173800977	3
1085	0.678782035007776	1
1086	-0.477910795618868	1
1087	0.247307435988235	0
1088	1.5832568815283	14
1089	1.36914235694605	1
1090	2.09165045435233	5
1091	2.11181523695509	1
1092	0.612258261708639	3
1093	2.11409817128291	7
1094	1.82824297692811	4
1095	-1.88091176075953	3
1096	-0.379595780505065	3
1097	0.502347947939184	3
1098	-1.08453196230495	2
1099	-1.29943398660344	2
1100	1.74250214020168	1
1101	0.660293810827819	0
1102	0.0505204427087013	0
1103	-0.889598288498295	2
1104	0.38928343673849	0
1105	-0.579861441244398	3
1106	0.268564444961316	5
1107	-0.305976140070979	10
1108	1.62309705774606	1
1109	0.170956013082279	4
1110	0.799032284552634	14
1111	-0.983350668117622	1
1112	1.90977431768269	11
1113	-1.38692779058182	5
1114	0.837410388049822	10
1115	0.289464075324362	2
1116	0.567429256234104	1
1117	0.493078845486617	3
1118	-0.0566886180386446	1
1119	-0.141996856426758	0
1120	1.01282008052063	1
1121	0.0537044491453009	8
1122	0.175008639464191	0
1123	0.263133376018497	12
1124	0.868649233417978	1
1125	1.54418822227795	4
1126	0.540710867025284	12
1127	3.16942010189294	6
1128	-0.374665062400764	1
1129	1.89964431667033	6
1130	1.46715698700139	5
1131	2.68313777308214	4
1132	1.70126504602697	4
1133	1.41369605539741	4
1134	-0.926873860678704	1
1135	-0.925499796487408	0
1136	-0.464520589830989	1
1137	1.07721175853143	4
1138	1.79490242448932	4
1139	0.577419179521066	10
1140	1.39980637303346	5
1141	0.831320315210662	0
1142	-0.435627810906248	1
1143	1.07974429863063	1
1144	0.475638464975173	7
1145	0.429368240150975	2
1146	-0.240955935528399	1
1147	1.81051113636919	2
1148	0.067204234255647	3
1149	-1.48125575902846	1
1150	0.152400092541697	0
1151	1.43996463271015	6
1152	1.15790467445298	13
1153	2.36903027390134	5
1154	-0.530872262316474	6
1155	3.7579207206036	12
1156	-0.482903947014023	4
1157	0.348106833126181	7
1158	0.945802986658277	1
1159	-1.35681780948689	0
1160	-0.76256359568061	0
1161	2.22450130123782	6
1162	-0.961025517899211	0
1163	-1.08328221301	1
1164	-0.979560702794472	0
1165	-0.960036296410717	4
1166	0.107020405024882	2
1167	-1.77806510297731	3
1168	1.41739108142531	2
1169	1.2285260060447	5
1170	1.46178512915134	5
1171	-0.961822394259643	2
1172	0.415281054495334	1
1173	1.68673747374959	1
1174	1.93548544476639	14
1175	-1.03621088607605	0
1176	-1.71284333808174	3
1177	-0.480643462193735	19
1178	-2.38684327264219	2
1179	1.24774040761065	2
1180	-1.25260509301342	4
1181	0.435932604441868	3
1182	1.23779359898426	1
1183	0.231883234349347	2
1184	0.405082502606744	1
1185	0.771401808447242	1
1186	0.834523428651052	5
1187	2.99628758479254	3
1188	-0.0901706829893155	2
1189	0.438682962939041	0
1190	-1.43586802812251	0
1191	0.669985617806893	1
1192	-0.978704274945637	1
1193	1.19924231741501	7
1194	0.907256331099247	0
1195	2.90450727402215	11
1196	-0.672181621647608	5
1197	0.57656935576321	6
1198	-0.151739277164814	1
1199	1.27782870519981	14
1200	0.723911249610785	1
