id	o	k
1	2	4
2	4	1
3	4	2
4	2	3
5	1	9
6	2	3
7	2	9
8	2	3
9	1	2
10	1	6
11	4	1
12	1	6
13	1	13
14	3	1
15	1	4
16	4	0
17	2	13
18	3	5
19	2	3
20	3	4
21	2	6
22	3	0
23	2	3
24	2	5
25	3	1
26	4	3
27	3	0
28	2	7
29	3	4
30	2	12
31	3	1
32	3	2
33	3	4
34	2	9
35	4	0
36	2	2
37	2	3
38	1	0
39	2	7
40	2	5
41	4	7
42	4	4
43	1	0
44	3	0
45	4	0
46	3	1
47	4	2
48	4	1
49	2	1
50	1	10
51	3	1
52	3	2
53	4	3
54	3	6
55	3	4
56	3	0
57	3	1
58	2	4
59	3	1
60	3	0
61	3	0
62	3	0
63	3	1
64	1	1
65	2	12
66	4	0
67	2	0
68	3	1
69	1	1
70	3	2
71	3	3
72	4	10
73	4	0
74	2	2
75	2	2
76	2	3
77	4	0
78	2	6
79	3	5
80	2	5
81	2	4
82	4	2
83	1	11
84	1	9
85	1	2
86	4	3
87	1	0
88	2	0
89	3	1
90	1	6
91	2	3
92	3	0
93	2	3
94	1	6
95	3	7
96	2	2
97	3	0
98	4	2
99	4	1
100	2	4
101	3	6
102	2	8
103	4	4
104	2	1
105	3	1
106	2	5
107	2	1
108	4	2
109	2	10
110	2	8
111	3	7
112	1	3
113	3	0
114	4	5
115	4	0
116	4	8
117	3	1
118	1	4
119	4	1
120	4	0
121	1	14
122	3	0
123	3	1
124	4	0
125	4	0
126	4	1
127	3	7
128	3	1
129	2	2
130	4	1
131	1	11
132	4	5
133	2	3
134	4	4
135	3	3
136	1	5
137	1	7
138	4	1
139	1	4
140	1	0
141	2	1
142	2	0
143	3	0
144	1	0
145	3	12
146	4	0
147	1	3
148	4	1
149	3	1
150	1	4
151	2	0
152	1	1
153	3	0
154	4	0
155	2	8
156	2	0
157	4	0
158	2	5
159	4	5
160	2	3
161	2	5
162	1	2
163	3	1
164	1	2
165	3	1
166	1	2
167	3	1
168	4	4
169	1	0
170	3	6
171	2	1
172	3	1
173	1	2
174	2	8
175	4	0
176	2	19
177	2	4
178	2	9
179	4	3
180	4	7
181	2	1
182	4	5
183	4	9
184	1	0
185	4	0
186	4	5
187	3	1
188	3	1
189	4	0
190	3	2
191	2	1
192	3	0
193	3	6
194	1	3
195	4	0
196	3	2
197	2	2
198	4	0
199	3	6
200	4	0
201	1	8
202	2	9
203	1	4
204	2	5
205	4	2
206	2	1
207	4	7
208	2	7
209	1	6
210	2	4
211	1	4
212	4	3
213	4	0
214	1	1
215	4	3
216	4	0
217	2	15
218	4	3
219	4	0
220	2	5
221	3	2
222	2	3
223	1	9
224	3	3
225	4	0
226	2	0
227	4	1
228	2	16
229	3	0
230	1	7
231	3	14
232	4	3
233	1	3
234	4	0
235	3	0
236	3	1
237	4	7
238	4	3
239	3	5
240	2	4
241	2	1
242	2	7
243	1	1
244	4	0
245	3	0
246	4	9
247	2	3
248	1	4
249	1	2
250	2	4
251	1	1
252	3	0
253	3	0
254	2	2
255	4	1
256	2	1
257	1	13
258	4	0
259	2	0
260	4	0
261	4	3
262	2	5
263	1	9
264	2	4
265	4	0
266	1	0
267	4	1
268	3	0
269	2	0
270	1	6
271	4	0
272	4	0
273	1	3
274	2	1
275	3	1
276	2	3
277	3	11
278	4	0
279	3	4
280	2	1
281	3	0
282	2	0
283	3	1
284	3	1
285	2	12
286	3	5
287	3	1
288	3	2
289	4	3
290	1	2
291	4	0
292	3	0
293	2	3
294	4	0
295	2	12
296	4	5
297	2	0
298	3	2
299	1	0
300	4	1
301	3	2
302	4	1
303	3	0
304	3	3
305	3	5
306	2	4
307	4	6
308	2	4
309	4	1
310	4	4
311	4	2
312	4	0
313	3	0
314	3	2
315	3	2
316	4	1
317	3	1
318	3	0
319	2	2
320	2	1
321	2	0
322	2	1
323	1	1
324	2	7
325	2	6
326	1	3
327	1	1
328	2	10
329	3	2
330	3	2
331	3	0
332	4	3
333	1	4
334	2	5
335	1	1
336	4	2
337	1	4
338	3	7
339	3	0
340	2	4
341	4	1
342	1	0
343	1	3
344	3	5
345	4	2
346	1	12
347	4	1
348	3	3
349	2	6
350	4	1
351	3	6
352	1	8
353	4	3
354	2	12
355	4	1
356	3	0
357	2	1
358	3	3
359	1	2
360	4	3
361	1	18
362	4	1
363	2	8
364	4	1
365	3	9
366	2	3
367	4	1
368	2	8
369	4	4
370	2	5
371	4	2
372	4	2
373	4	3
374	2	2
375	3	0
376	1	4
377	1	5
378	3	0
379	4	1
380	4	1
381	3	2
382	3	0
383	2	7
384	3	2
385	4	1
386	3	2
387	4	2
388	2	12
389	3	2
390	2	5
391	1	0
392	2	1
393	2	1
394	3	1
395	4	0
396	4	1
397	4	1
398	4	2
399	3	1
400	3	4
401	1	12
402	3	2
403	4	3
404	3	1
405	3	4
406	3	2
407	1	3
408	3	1
409	2	6
410	2	1
411	4	3
412	3	1
413	3	3
414	3	3
415	4	0
416	3	3
417	2	1
418	2	0
419	3	7
420	3	0
421	2	1
422	4	7
423	3	3
424	4	9
425	1	6
426	4	2
427	3	1
428	1	4
429	4	1
430	2	1
431	3	1
432	1	1
433	4	0
434	1	2
435	3	1
436	2	0
437	3	3
438	4	3
439	3	13
440	4	0
441	4	2
442	4	5
443	3	5
444	4	1
445	3	5
446	1	10
447	4	12
448	4	2
449	3	1
450	3	0
451	3	1
452	2	3
453	4	0
454	3	0
455	2	12
456	1	1
457	3	0
458	3	2
459	4	2
460	3	2
461	3	1
462	1	4
463	2	20
464	2	3
465	2	2
466	2	3
467	3	6
468	3	2
469	3	4
470	4	2
471	3	1
472	3	0
473	4	2
474	2	13
475	1	8
476	4	0
477	2	6
478	2	2
479	3	5
480	3	7
481	3	1
482	4	2
483	3	26
484	1	2
485	3	4
486	3	3
487	1	6
488	4	1
489	3	5
490	4	2
491	4	7
492	4	2
493	2	6
494	4	2
495	3	5
496	2	8
497	2	5
498	3	2
499	3	0
500	1	5
501	3	2
502	4	1
503	1	3
504	1	0
505	1	2
506	3	1
507	2	4
508	2	0
509	1	1
510	2	2
511	2	8
512	3	1
513	3	1
514	3	1
515	2	4
516	4	4
517	2	15
518	2	0
519	4	0
520	2	3
521	4	3
522	4	0
523	4	2
524	3	2
525	4	1
526	4	8
527	1	0
528	2	1
529	1	1
530	3	2
531	2	2
532	1	10
533	1	2
534	2	5
535	2	5
536	3	0
537	3	1
538	4	0
539	1	8
540	1	5
541	3	0
542	1	0
543	2	11
544	3	3
545	4	1
546	3	0
547	1	2
548	4	2
549	3	1
550	4	2
551	3	2
552	4	1
553	3	0
554	1	16
555	3	4
556	2	4
557	4	0
558	3	2
559	3	6
560	4	4
561	2	0
562	4	7
563	3	5
564	3	0
565	4	5
566	3	2
567	4	0
568	2	1
569	4	0
570	2	1
571	4	0
572	1	4
573	1	2
574	4	0
575	2	0
576	4	8
577	4	7
578	3	5
579	2	2
580	3	9
581	2	7
582	4	0
583	1	1
584	1	3
585	1	2
586	2	0
587	1	2
588	4	2
589	4	6
590	4	1
591	3	2
592	3	9
593	2	3
594	4	2
595	4	2
596	2	2
597	4	4
598	4	6
599	4	1
600	3	3
601	4	3
602	2	5
603	3	2
604	4	1
605	3	1
606	3	13
607	3	1
608	2	2
609	2	8
610	4	2
611	3	8
612	3	1
613	2	1
614	4	4
615	3	2
616	3	0
617	2	0
618	3	1
619	3	1
620	2	1
621	3	0
622	1	11
623	2	9
624	2	4
625	4	0
626	1	7
627	1	3
628	1	3
629	2	0
630	1	0
631	3	3
632	2	8
633	4	0
634	1	1
635	4	1
636	2	4
637	4	0
638	4	0
639	3	6
640	3	1
641	4	1
642	4	0
643	4	1
644	4	0
645	2	16
646	4	2
647	3	0
648	2	1
649	4	4
650	4	3
651	3	6
652	1	6
653	3	6
654	1	0
655	4	4
656	3	0
657	3	0
658	2	0
659	2	1
660	1	10
661	3	1
662	4	4
663	2	14
664	2	4
665	1	3
666	3	0
667	3	1
668	2	3
669	4	0
670	1	4
671	2	6
672	4	2
673	4	0
674	4	0
675	4	11
676	2	4
677	2	2
678	4	0
679	3	0
680	2	5
681	2	9
682	1	9
683	3	1
684	4	4
685	2	5
686	3	0
687	2	4
688	2	3
689	2	8
690	4	0
691	2	2
692	1	10
693	4	0
694	1	10
695	4	0
696	4	0
697	2	4
698	4	1
699	2	4
700	2	6
701	4	0
702	2	1
703	2	1
704	3	1
705	2	2
706	3	0
707	3	5
708	4	4
709	1	3
710	3	1
711	3	0
712	1	2
713	3	0
714	3	10
715	2	13
716	4	1
717	4	3
718	2	5
719	4	3
720	2	7
721	3	7
722	4	1
723	4	0
724	4	1
725	4	9
726	3	3
727	4	2
728	2	8
729	2	9
730	3	0
731	4	4
732	1	6
733	3	2
734	2	1
735	2	6
736	1	3
737	3	1
738	2	11
739	2	8
740	3	5
741	1	0
742	4	4
743	4	2
744	4	2
745	4	1
746	1	1
747	3	3
748	3	2
749	2	8
750	2	4
751	3	6
752	3	1
753	2	2
754	2	10
755	4	6
756	3	0
757	3	1
758	4	4
759	3	5
760	3	2
761	4	0
762	4	1
763	1	13
764	3	3
765	2	0
766	2	1
767	3	5
768	2	0
769	2	1
770	1	7
771	2	1
772	2	7
773	3	6
774	4	1
775	3	5
776	4	4
777	2	1
778	4	3
779	3	0
780	4	0
781	4	3
782	4	2
783	4	2
784	3	13
785	2	3
786	2	1
787	4	3
788	2	0
789	2	8
790	3	3
791	4	2
792	2	8
793	1	10
794	2	1
795	1	4
796	1	5
797	2	6
798	4	0
799	4	1
800	3	1
801	2	6
802	1	2
803	3	12
804	2	2
805	4	4
806	4	1
807	1	4
808	3	0
809	4	1
810	4	0
811	1	3
812	4	2
813	4	2
814	1	4
815	3	2
816	3	0
817	2	1
818	2	5
819	2	0
820	1	3
821	3	6
822	2	8
823	4	0
824	2	1
825	3	0
826	1	4
827	1	7
828	4	6
829	3	0
830	3	1
831	4	3
832	4	0
833	3	0
834	4	1
835	4	0
836	3	3
837	2	11
838	1	2
839	3	1
840	4	1
841	2	5
842	2	3
843	1	2
844	3	4
845	1	8
846	2	4
847	4	2
848	2	8
849	1	2
850	3	5
851	2	3
852	2	1
853	2	2
854	2	5
855	4	2
856	2	0
857	1	5
858	1	2
859	2	3
860	2	1
861	2	5
862	4	1
863	3	3
864	4	2
865	3	3
866	4	1
867	1	3
868	2	3
869	4	2
870	2	11
871	3	0
872	1	3
873	3	0
874	1	7
875	2	1
876	3	14
877	3	1
878	3	0
879	1	8
880	4	1
881	3	0
882	4	0
883	2	10
884	1	10
885	3	1
886	4	2
887	4	3
888	4	4
889	3	2
890	4	2
891	4	5
892	1	2
893	1	3
894	2	1
895	4	1
896	4	0
897	1	1
898	4	1
899	2	1
900	2	5
901	4	1
902	2	1
903	1	12
904	1	2
905	4	0
906	4	2
907	1	2
908	4	1
909	3	4
910	4	1
911	1	5
912	2	10
913	1	15
914	2	5
915	4	3
916	3	1
917	1	3
918	3	1
919	3	3
920	2	1
921	1	4
922	3	1
923	2	9
924	2	4
925	3	0
926	2	8
927	2	9
928	1	2
929	4	0
930	2	3
931	3	2
932	3	3
933	4	4
934	2	17
935	2	0
936	1	10
937	2	1
938	2	20
939	4	0
940	4	4
941	4	1
942	2	8
943	3	0
944	2	7
945	4	1
946	3	2
947	1	3
948	3	0
949	4	0
950	3	1
951	4	0
952	3	2
953	3	0
954	4	1
955	2	0
956	1	6
957	1	0
958	4	1
959	4	0
960	3	2
961	4	0
962	3	3
963	2	1
964	1	5
965	3	1
966	4	2
967	2	4
968	4	5
969	1	9
970	3	1
971	4	3
972	3	5
973	2	7
974	4	1
975	2	0
976	4	2
977	4	1
978	2	7
979	2	0
980	4	14
981	3	4
982	4	5
983	1	3
984	3	1
985	2	7
986	2	0
987	4	3
988	4	1
989	4	5
990	4	0
991	4	0
992	3	2
993	4	1
994	4	13
995	2	4
996	3	9
997	4	2
998	4	6
999	1	12
1000	4	1
