g	y1	id	g	F1	F1_std	GClass#1	GClass#2	GClass#
1	1.10182050561556	1	1	   -0.161462	    0.438343	    0.925206	   0.0747942	1
1	1.15885306417674	2	1	   -0.161462	    0.438343	    0.925206	   0.0747942	1
1	-1.49013634721132	3	1	   -0.161462	    0.438343	    0.925206	   0.0747942	1
1	-0.0920778934125054	4	1	   -0.161462	    0.438343	    0.925206	   0.0747942	1
2	3.76801595530635	5	2	    0.922915	    0.406513	    0.999997	 3.36885e-06	1
2	2.77742768226873	6	2	    0.922915	    0.406513	    0.999997	 3.36885e-06	1
2	4.05752431018093	7	2	    0.922915	    0.406513	    0.999997	 3.36885e-06	1
2	-0.347293257006458	8	2	    0.922915	    0.406513	    0.999997	 3.36885e-06	1
2	2.5097895823162	9	2	    0.922915	    0.406513	    0.999997	 3.36885e-06	1
2	0.915831338303108	10	2	    0.922915	    0.406513	    0.999997	 3.36885e-06	1
3	-0.270747098479218	11	3	   -0.869516	    0.226736	   0.0549257	    0.945074	2
3	-0.354026981706829	12	3	   -0.869516	    0.226736	   0.0549257	    0.945074	2
3	0.0365963480258295	13	3	   -0.869516	    0.226736	   0.0549257	    0.945074	2
3	-0.829625713814542	14	3	   -0.869516	    0.226736	   0.0549257	    0.945074	2
3	0.469329156427726	15	3	   -0.869516	    0.226736	   0.0549257	    0.945074	2
3	-1.21653280758532	16	3	   -0.869516	    0.226736	   0.0549257	    0.945074	2
3	-0.687796872997548	17	3	   -0.869516	    0.226736	   0.0549257	    0.945074	2
3	-0.979945483767879	18	3	   -0.869516	    0.226736	   0.0549257	    0.945074	2
4	2.09009131889877	19	4	   -0.422081	    0.349762	           1	 5.42911e-09	1
4	-2.48714986618397	20	4	   -0.422081	    0.349762	           1	 5.42911e-09	1
4	-1.43651078881641	21	4	   -0.422081	    0.349762	           1	 5.42911e-09	1
4	0.945713594493016	22	4	   -0.422081	    0.349762	           1	 5.42911e-09	1
4	0.912195436939087	23	4	   -0.422081	    0.349762	           1	 5.42911e-09	1
4	-0.868619004030988	24	4	   -0.422081	    0.349762	           1	 5.42911e-09	1
4	-2.50124104208367	25	4	   -0.422081	    0.349762	           1	 5.42911e-09	1
4	0.76116789865936	26	4	   -0.422081	    0.349762	           1	 5.42911e-09	1
4	1.68270911557776	27	4	   -0.422081	    0.349762	           1	 5.42911e-09	1
4	-0.33417127959023	28	4	   -0.422081	    0.349762	           1	 5.42911e-09	1
5	-0.344540070593721	29	5	   0.0654716	      0.3502	     0.37936	     0.62064	2
5	1.45276104905095	30	5	   0.0654716	      0.3502	     0.37936	     0.62064	2
5	0.359624283938723	31	5	   0.0654716	      0.3502	     0.37936	     0.62064	2
5	1.04140045249351	32	5	   0.0654716	      0.3502	     0.37936	     0.62064	2
6	0.481095258500554	33	6	    0.555442	    0.406046	    0.954836	   0.0451644	1
6	0.707649280374049	34	6	    0.555442	    0.406046	    0.954836	   0.0451644	1
6	1.88899146068401	35	6	    0.555442	    0.406046	    0.954836	   0.0451644	1
6	3.58870109038572	36	6	    0.555442	    0.406046	    0.954836	   0.0451644	1
6	1.2332283012353	37	6	    0.555442	    0.406046	    0.954836	   0.0451644	1
6	1.42259524572778	38	6	    0.555442	    0.406046	    0.954836	   0.0451644	1
7	-0.0197768170836354	39	7	    0.510887	    0.371695	    0.946937	   0.0530631	1
7	1.25216712763386	40	7	    0.510887	    0.371695	    0.946937	   0.0530631	1
7	1.99300692241927	41	7	    0.510887	    0.371695	    0.946937	   0.0530631	1
7	2.28281235952112	42	7	    0.510887	    0.371695	    0.946937	   0.0530631	1
7	0.72816161987269	43	7	    0.510887	    0.371695	    0.946937	   0.0530631	1
7	-0.0749851420067291	44	7	    0.510887	    0.371695	    0.946937	   0.0530631	1
7	2.59704245388962	45	7	    0.510887	    0.371695	    0.946937	   0.0530631	1
7	2.13177716237263	46	7	    0.510887	    0.371695	    0.946937	   0.0530631	1
8	-0.340195351932932	47	8	   -0.103835	    0.349762	           1	 1.95188e-08	1
8	2.28043768747195	48	8	   -0.103835	    0.349762	           1	 1.95188e-08	1
8	-0.705121591618111	49	8	   -0.103835	    0.349762	           1	 1.95188e-08	1
8	-0.658050879032679	50	8	   -0.103835	    0.349762	           1	 1.95188e-08	1
8	-2.10285848460238	51	8	   -0.103835	    0.349762	           1	 1.95188e-08	1
8	1.99259078524061	52	8	   -0.103835	    0.349762	           1	 1.95188e-08	1
8	-0.540945044405513	53	8	   -0.103835	    0.349762	           1	 1.95188e-08	1
8	1.99326194031453	54	8	   -0.103835	    0.349762	           1	 1.95188e-08	1
8	2.38305109259108	55	8	   -0.103835	    0.349762	           1	 1.95188e-08	1
8	-0.636581249379936	56	8	   -0.103835	    0.349762	           1	 1.95188e-08	1
9	2.43252025262271	57	9	      0.1405	    0.435508	    0.906417	   0.0935827	1
9	-0.531516063761937	58	9	      0.1405	    0.435508	    0.906417	   0.0935827	1
9	0.77068294209845	59	9	      0.1405	    0.435508	    0.906417	   0.0935827	1
9	0.658032315113625	60	9	      0.1405	    0.435508	    0.906417	   0.0935827	1
10	0.0572834945749825	61	10	    0.435209	    0.339708	     0.46483	     0.53517	2
10	1.16359900998388	62	10	    0.435209	    0.339708	     0.46483	     0.53517	2
10	2.1382287742796	63	10	    0.435209	    0.339708	     0.46483	     0.53517	2
10	1.81527655826409	64	10	    0.435209	    0.339708	     0.46483	     0.53517	2
10	1.46304088280512	65	10	    0.435209	    0.339708	     0.46483	     0.53517	2
10	0.264504620646042	66	10	    0.435209	    0.339708	     0.46483	     0.53517	2
11	0.768113426899259	67	11	    0.445902	    0.207176	  0.00966205	    0.990338	2
11	1.41084615728596	68	11	    0.445902	    0.207176	  0.00966205	    0.990338	2
11	0.951455013219225	69	11	    0.445902	    0.207176	  0.00966205	    0.990338	2
11	1.50858344439606	70	11	    0.445902	    0.207176	  0.00966205	    0.990338	2
11	1.2372984277733	71	11	    0.445902	    0.207176	  0.00966205	    0.990338	2
11	0.512524945951196	72	11	    0.445902	    0.207176	  0.00966205	    0.990338	2
11	0.996105063983271	73	11	    0.445902	    0.207176	  0.00966205	    0.990338	2
11	0.892013997880426	74	11	    0.445902	    0.207176	  0.00966205	    0.990338	2
12	-0.674518192915743	75	12	   -0.402511	    0.188276	   0.0120434	    0.987957	2
12	0.587407806374149	76	12	   -0.402511	    0.188276	   0.0120434	    0.987957	2
12	0.132396745906647	77	12	   -0.402511	    0.188276	   0.0120434	    0.987957	2
12	0.327402378976793	78	12	   -0.402511	    0.188276	   0.0120434	    0.987957	2
12	0.446391277304327	79	12	   -0.402511	    0.188276	   0.0120434	    0.987957	2
12	0.55886510640246	80	12	   -0.402511	    0.188276	   0.0120434	    0.987957	2
12	0.484759298929795	81	12	   -0.402511	    0.188276	   0.0120434	    0.987957	2
12	-0.817227551603756	82	12	   -0.402511	    0.188276	   0.0120434	    0.987957	2
12	0.191430712100284	83	12	   -0.402511	    0.188276	   0.0120434	    0.987957	2
12	-0.45036152157698	84	12	   -0.402511	    0.188276	   0.0120434	    0.987957	2
13	0.890948710906799	85	13	    0.371299	     0.44729	    0.988594	   0.0114058	1
13	0.121598902988268	86	13	    0.371299	     0.44729	    0.988594	   0.0114058	1
13	3.45680792312892	87	13	    0.371299	     0.44729	    0.988594	   0.0114058	1
13	1.09383528178981	88	13	    0.371299	     0.44729	    0.988594	   0.0114058	1
14	0.652912436929469	89	14	    0.267844	    0.400778	    0.947438	   0.0525619	1
14	3.03532945825655	90	14	    0.267844	    0.400778	    0.947438	   0.0525619	1
14	1.57433395693599	91	14	    0.267844	    0.400778	    0.947438	   0.0525619	1
14	0.0410537174934738	92	14	    0.267844	    0.400778	    0.947438	   0.0525619	1
14	0.745978187569202	93	14	    0.267844	    0.400778	    0.947438	   0.0525619	1
14	0.0684002281778338	94	14	    0.267844	    0.400778	    0.947438	   0.0525619	1
15	-1.29776459742158	95	15	    -1.22808	    0.253144	   0.0893873	    0.910613	2
15	-1.15965910792175	96	15	    -1.22808	    0.253144	   0.0893873	    0.910613	2
15	-0.936412209650689	97	15	    -1.22808	    0.253144	   0.0893873	    0.910613	2
15	-1.54117681895438	98	15	    -1.22808	    0.253144	   0.0893873	    0.910613	2
15	-1.46531446336082	99	15	    -1.22808	    0.253144	   0.0893873	    0.910613	2
15	-0.165003932310504	100	15	    -1.22808	    0.253144	   0.0893873	    0.910613	2
15	-0.0478645732766392	101	15	    -1.22808	    0.253144	   0.0893873	    0.910613	2
15	-0.666633660679929	102	15	    -1.22808	    0.253144	   0.0893873	    0.910613	2
16	-0.356961595405392	103	16	   -0.884498	    0.350081	    0.992199	  0.00780148	1
16	0.744349709893572	104	16	   -0.884498	    0.350081	    0.992199	  0.00780148	1
16	-2.3926053384962	105	16	   -0.884498	    0.350081	    0.992199	  0.00780148	1
16	-0.145762175523843	106	16	   -0.884498	    0.350081	    0.992199	  0.00780148	1
16	-1.46280346475558	107	16	   -0.884498	    0.350081	    0.992199	  0.00780148	1
16	-2.03259346177529	108	16	   -0.884498	    0.350081	    0.992199	  0.00780148	1
16	0.41856072987128	109	16	   -0.884498	    0.350081	    0.992199	  0.00780148	1
16	-0.765983487457406	110	16	   -0.884498	    0.350081	    0.992199	  0.00780148	1
16	-0.293366846107844	111	16	   -0.884498	    0.350081	    0.992199	  0.00780148	1
16	-2.0292672381556	112	16	   -0.884498	    0.350081	    0.992199	  0.00780148	1
17	-0.33471687537597	113	17	    0.100915	    0.335356	    0.296184	    0.703816	2
17	0.728442519533856	114	17	    0.100915	    0.335356	    0.296184	    0.703816	2
17	1.27258823289844	115	17	    0.100915	    0.335356	    0.296184	    0.703816	2
17	1.03382208618574	116	17	    0.100915	    0.335356	    0.296184	    0.703816	2
18	-3.04487344095305	117	18	   -0.255487	    0.406512	           1	 1.35537e-12	1
18	-0.993795588971807	118	18	   -0.255487	    0.406512	           1	 1.35537e-12	1
18	3.86040957674242	119	18	   -0.255487	    0.406512	           1	 1.35537e-12	1
18	1.86673857323495	120	18	   -0.255487	    0.406512	           1	 1.35537e-12	1
18	-0.746511845277252	121	18	   -0.255487	    0.406512	           1	 1.35537e-12	1
18	-0.695982041082234	122	18	   -0.255487	    0.406512	           1	 1.35537e-12	1
19	1.4183065292075	123	19	   -0.261695	    0.374945	    0.999924	 7.64151e-05	1
19	-1.36652252397277	124	19	   -0.261695	    0.374945	    0.999924	 7.64151e-05	1
19	-1.06903832684873	125	19	   -0.261695	    0.374945	    0.999924	 7.64151e-05	1
19	0.231828171798025	126	19	   -0.261695	    0.374945	    0.999924	 7.64151e-05	1
19	-1.9505463976628	127	19	   -0.261695	    0.374945	    0.999924	 7.64151e-05	1
19	0.316186537268826	128	19	   -0.261695	    0.374945	    0.999924	 7.64151e-05	1
19	2.02040349176161	129	19	   -0.261695	    0.374945	    0.999924	 7.64151e-05	1
19	1.10428531861342	130	19	   -0.261695	    0.374945	    0.999924	 7.64151e-05	1
20	0.721989960839185	131	20	    0.577618	    0.187559	  0.00826508	    0.991735	2
20	1.09685148446368	132	20	    0.577618	    0.187559	  0.00826508	    0.991735	2
20	1.12405010520247	133	20	    0.577618	    0.187559	  0.00826508	    0.991735	2
20	1.33120058432392	134	20	    0.577618	    0.187559	  0.00826508	    0.991735	2
20	1.35876468217876	135	20	    0.577618	    0.187559	  0.00826508	    0.991735	2
20	0.713848245729896	136	20	    0.577618	    0.187559	  0.00826508	    0.991735	2
20	1.12656019020802	137	20	    0.577618	    0.187559	  0.00826508	    0.991735	2
20	1.40504137479673	138	20	    0.577618	    0.187559	  0.00826508	    0.991735	2
20	0.554881389964469	139	20	    0.577618	    0.187559	  0.00826508	    0.991735	2
20	2.25122909988278	140	20	    0.577618	    0.187559	  0.00826508	    0.991735	2
21	-0.0480412207661767	141	21	   -0.573993	    0.313909	    0.123307	    0.876693	2
21	-0.0250018225255381	142	21	   -0.573993	    0.313909	    0.123307	    0.876693	2
21	-0.411118772631676	143	21	   -0.573993	    0.313909	    0.123307	    0.876693	2
21	-0.505666458841383	144	21	   -0.573993	    0.313909	    0.123307	    0.876693	2
22	0.328469971580816	145	22	   -0.222698	    0.256643	    0.103819	    0.896181	2
22	0.66347521628731	146	22	   -0.222698	    0.256643	    0.103819	    0.896181	2
22	0.734531061116574	147	22	   -0.222698	    0.256643	    0.103819	    0.896181	2
22	0.715426389038213	148	22	   -0.222698	    0.256643	    0.103819	    0.896181	2
22	-0.652614705224005	149	22	   -0.222698	    0.256643	    0.103819	    0.896181	2
22	-0.273485993155459	150	22	   -0.222698	    0.256643	    0.103819	    0.896181	2
23	1.57096910448828	151	23	    0.212132	    0.216802	   0.0506271	    0.949373	2
23	0.236272686128759	152	23	    0.212132	    0.216802	   0.0506271	    0.949373	2
23	-0.0419881070705516	153	23	    0.212132	    0.216802	   0.0506271	    0.949373	2
23	0.91706957436042	154	23	    0.212132	    0.216802	   0.0506271	    0.949373	2
23	1.39816578804165	155	23	    0.212132	    0.216802	   0.0506271	    0.949373	2
23	0.15584809447441	156	23	    0.212132	    0.216802	   0.0506271	    0.949373	2
23	0.884734431800718	157	23	    0.212132	    0.216802	   0.0506271	    0.949373	2
23	1.0505989829032	158	23	    0.212132	    0.216802	   0.0506271	    0.949373	2
24	1.10986619540482	159	24	   0.0108097	    0.185709	  0.00287188	    0.997128	2
24	0.422833155453234	160	24	   0.0108097	    0.185709	  0.00287188	    0.997128	2
24	0.488246498433794	161	24	   0.0108097	    0.185709	  0.00287188	    0.997128	2
24	0.126815706445393	162	24	   0.0108097	    0.185709	  0.00287188	    0.997128	2
24	0.347067857617956	163	24	   0.0108097	    0.185709	  0.00287188	    0.997128	2
24	0.724853131749866	164	24	   0.0108097	    0.185709	  0.00287188	    0.997128	2
24	0.815560243223501	165	24	   0.0108097	    0.185709	  0.00287188	    0.997128	2
24	0.225240441068594	166	24	   0.0108097	    0.185709	  0.00287188	    0.997128	2
24	0.0852734448637178	167	24	   0.0108097	    0.185709	  0.00287188	    0.997128	2
24	1.0389868436522	168	24	   0.0108097	    0.185709	  0.00287188	    0.997128	2
25	1.34961441537691	169	25	    0.417796	    0.397417	     0.53485	     0.46515	1
25	2.40539105223171	170	25	    0.417796	    0.397417	     0.53485	     0.46515	1
25	0.568192736371407	171	25	    0.417796	    0.397417	     0.53485	     0.46515	1
25	0.599808656511641	172	25	    0.417796	    0.397417	     0.53485	     0.46515	1
26	2.2330823209467	173	26	   0.0829063	    0.406157	    0.997351	  0.00264931	1
26	1.21828546858906	174	26	   0.0829063	    0.406157	    0.997351	  0.00264931	1
26	1.02304635995939	175	26	   0.0829063	    0.406157	    0.997351	  0.00264931	1
26	-1.85060381998577	176	26	   0.0829063	    0.406157	    0.997351	  0.00264931	1
26	0.425629439716716	177	26	   0.0829063	    0.406157	    0.997351	  0.00264931	1
26	1.05315090004292	178	26	   0.0829063	    0.406157	    0.997351	  0.00264931	1
27	1.73127323843205	179	27	    0.407138	    0.374954	    0.999999	   6.724e-07	1
27	2.63177613193778	180	27	    0.407138	    0.374954	    0.999999	   6.724e-07	1
27	1.41606192035931	181	27	    0.407138	    0.374954	    0.999999	   6.724e-07	1
27	0.580041515430988	182	27	    0.407138	    0.374954	    0.999999	   6.724e-07	1
27	3.93423957877729	183	27	    0.407138	    0.374954	    0.999999	   6.724e-07	1
27	-0.169165199387015	184	27	    0.407138	    0.374954	    0.999999	   6.724e-07	1
27	-1.32853944295853	185	27	    0.407138	    0.374954	    0.999999	   6.724e-07	1
27	0.872317011838494	186	27	    0.407138	    0.374954	    0.999999	   6.724e-07	1
28	-1.15123487111604	187	28	   -0.299242	    0.349762	           1	 1.78378e-10	1
28	0.0311188165095112	188	28	   -0.299242	    0.349762	           1	 1.78378e-10	1
28	0.448641965045988	189	28	   -0.299242	    0.349762	           1	 1.78378e-10	1
28	2.23734254642193	190	28	   -0.299242	    0.349762	           1	 1.78378e-10	1
28	-1.27092112474735	191	28	   -0.299242	    0.349762	           1	 1.78378e-10	1
28	-0.852236518728764	192	28	   -0.299242	    0.349762	           1	 1.78378e-10	1
28	-0.115971514621329	193	28	   -0.299242	    0.349762	           1	 1.78378e-10	1
28	-0.121513365951889	194	28	   -0.299242	    0.349762	           1	 1.78378e-10	1
28	3.73642339084383	195	28	   -0.299242	    0.349762	           1	 1.78378e-10	1
28	-2.28558451513351	196	28	   -0.299242	    0.349762	           1	 1.78378e-10	1
29	-0.0926659172416129	197	29	   -0.639084	    0.377381	    0.329508	    0.670492	2
29	-1.18691975149726	198	29	   -0.639084	    0.377381	    0.329508	    0.670492	2
29	-0.693405949496941	199	29	   -0.639084	    0.377381	    0.329508	    0.670492	2
29	0.2479724162475	200	29	   -0.639084	    0.377381	    0.329508	    0.670492	2
30	0.797250030575533	201	30	     0.26285	    0.238181	   0.0261394	    0.973861	2
30	1.32625957079467	202	30	     0.26285	    0.238181	   0.0261394	    0.973861	2
30	0.608458398655072	203	30	     0.26285	    0.238181	   0.0261394	    0.973861	2
30	0.703908068845774	204	30	     0.26285	    0.238181	   0.0261394	    0.973861	2
30	0.760839853404659	205	30	     0.26285	    0.238181	   0.0261394	    0.973861	2
30	0.843911723342094	206	30	     0.26285	    0.238181	   0.0261394	    0.973861	2
31	1.18001332114261	207	31	   -0.911769	    0.374954	    0.999999	 6.58235e-07	1
31	-0.268203604821788	208	31	   -0.911769	    0.374954	    0.999999	 6.58235e-07	1
31	-3.23012413900826	209	31	   -0.911769	    0.374954	    0.999999	 6.58235e-07	1
31	-2.11085846020909	210	31	   -0.911769	    0.374954	    0.999999	 6.58235e-07	1
31	-1.4245883896169	211	31	   -0.911769	    0.374954	    0.999999	 6.58235e-07	1
31	0.0884131324684145	212	31	   -0.911769	    0.374954	    0.999999	 6.58235e-07	1
31	-2.70576192713485	213	31	   -0.911769	    0.374954	    0.999999	 6.58235e-07	1
31	0.46404379141608	214	31	   -0.911769	    0.374954	    0.999999	 6.58235e-07	1
32	0.253079787259794	215	32	    0.262354	    0.201708	   0.0691287	    0.930871	2
32	1.88317347732517	216	32	    0.262354	    0.201708	   0.0691287	    0.930871	2
32	0.181826209608801	217	32	    0.262354	    0.201708	   0.0691287	    0.930871	2
32	1.96319462553027	218	32	    0.262354	    0.201708	   0.0691287	    0.930871	2
32	0.865734610909109	219	32	    0.262354	    0.201708	   0.0691287	    0.930871	2
32	0.180450314329719	220	32	    0.262354	    0.201708	   0.0691287	    0.930871	2
32	0.143854612154559	221	32	    0.262354	    0.201708	   0.0691287	    0.930871	2
32	0.598205752757758	222	32	    0.262354	    0.201708	   0.0691287	    0.930871	2
32	0.916317139936818	223	32	    0.262354	    0.201708	   0.0691287	    0.930871	2
32	1.24541815531415	224	32	    0.262354	    0.201708	   0.0691287	    0.930871	2
33	-0.970356115256719	225	33	    -1.04098	    0.390297	    0.224906	    0.775094	2
33	-1.13743384605086	226	33	    -1.04098	    0.390297	    0.224906	    0.775094	2
33	-0.982208203928723	227	33	    -1.04098	    0.390297	    0.224906	    0.775094	2
33	-0.710231939373474	228	33	    -1.04098	    0.390297	    0.224906	    0.775094	2
34	1.90913869752036	229	34	    0.284229	    0.389388	    0.849208	    0.150792	1
34	1.79389174458669	230	34	    0.284229	    0.389388	    0.849208	    0.150792	1
34	-0.291874158437298	231	34	    0.284229	    0.389388	    0.849208	    0.150792	1
34	-0.289165025340676	232	34	    0.284229	    0.389388	    0.849208	    0.150792	1
34	1.35140269459315	233	34	    0.284229	    0.389388	    0.849208	    0.150792	1
34	1.65371609996707	234	34	    0.284229	    0.389388	    0.849208	    0.150792	1
35	-0.254438074911335	235	35	    0.266293	    0.374396	    0.994965	  0.00503512	1
35	2.58408575811837	236	35	    0.266293	    0.374396	    0.994965	  0.00503512	1
35	1.83656013434115	237	35	    0.266293	    0.374396	    0.994965	  0.00503512	1
35	2.02790094959341	238	35	    0.266293	    0.374396	    0.994965	  0.00503512	1
35	0.966510759238826	239	35	    0.266293	    0.374396	    0.994965	  0.00503512	1
35	-0.0702245645954149	240	35	    0.266293	    0.374396	    0.994965	  0.00503512	1
35	1.43219506137058	241	35	    0.266293	    0.374396	    0.994965	  0.00503512	1
35	-0.75059205112967	242	35	    0.266293	    0.374396	    0.994965	  0.00503512	1
36	-0.0724484474541472	243	36	     0.25438	    0.349374	    0.996543	  0.00345684	1
36	-0.598822228025135	244	36	     0.25438	    0.349374	    0.996543	  0.00345684	1
36	2.10941455036687	245	36	     0.25438	    0.349374	    0.996543	  0.00345684	1
36	0.903102161868135	246	36	     0.25438	    0.349374	    0.996543	  0.00345684	1
36	2.41178656203033	247	36	     0.25438	    0.349374	    0.996543	  0.00345684	1
36	1.2517311745291	248	36	     0.25438	    0.349374	    0.996543	  0.00345684	1
36	2.02528384265642	249	36	     0.25438	    0.349374	    0.996543	  0.00345684	1
36	0.473279674691001	250	36	     0.25438	    0.349374	    0.996543	  0.00345684	1
36	-0.880616673250599	251	36	     0.25438	    0.349374	    0.996543	  0.00345684	1
36	1.55459975799274	252	36	     0.25438	    0.349374	    0.996543	  0.00345684	1
37	1.03062155503493	253	37	    0.740833	    0.350464	    0.202819	    0.797181	2
37	1.85244380200529	254	37	    0.740833	    0.350464	    0.202819	    0.797181	2
37	1.45422335448305	255	37	    0.740833	    0.350464	    0.202819	    0.797181	2
37	1.92489518172356	256	37	    0.740833	    0.350464	    0.202819	    0.797181	2
38	1.91421199171985	257	38	   0.0706375	    0.366803	    0.722652	    0.277348	1
38	1.07196161613325	258	38	   0.0706375	    0.366803	    0.722652	    0.277348	1
38	1.24398178581035	259	38	   0.0706375	    0.366803	    0.722652	    0.277348	1
38	0.583736606251233	260	38	   0.0706375	    0.366803	    0.722652	    0.277348	1
38	-0.439597383727195	261	38	   0.0706375	    0.366803	    0.722652	    0.277348	1
38	-0.526351033023846	262	38	   0.0706375	    0.366803	    0.722652	    0.277348	1
39	-0.604334986823763	263	39	   -0.021769	    0.374954	           1	 1.81026e-07	1
39	1.22639067302646	264	39	   -0.021769	    0.374954	           1	 1.81026e-07	1
39	-0.187050173913033	265	39	   -0.021769	    0.374954	           1	 1.81026e-07	1
39	-1.40733393694381	266	39	   -0.021769	    0.374954	           1	 1.81026e-07	1
39	2.95769027909267	267	39	   -0.021769	    0.374954	           1	 1.81026e-07	1
39	2.72578046104775	268	39	   -0.021769	    0.374954	           1	 1.81026e-07	1
39	0.49507040246067	269	39	   -0.021769	    0.374954	           1	 1.81026e-07	1
39	-1.28611689502112	270	39	   -0.021769	    0.374954	           1	 1.81026e-07	1
40	1.37995122168724	271	40	    0.997967	    0.203664	   0.0439997	       0.956	2
40	2.70377435488221	272	40	    0.997967	    0.203664	   0.0439997	       0.956	2
40	2.42744232823437	273	40	    0.997967	    0.203664	   0.0439997	       0.956	2
40	1.17783514616159	274	40	    0.997967	    0.203664	   0.0439997	       0.956	2
40	1.75271995640998	275	40	    0.997967	    0.203664	   0.0439997	       0.956	2
40	1.18813179514283	276	40	    0.997967	    0.203664	   0.0439997	       0.956	2
40	1.22021695226521	277	40	    0.997967	    0.203664	   0.0439997	       0.956	2
40	1.5428986554843	278	40	    0.997967	    0.203664	   0.0439997	       0.956	2
40	0.84458904030113	279	40	    0.997967	    0.203664	   0.0439997	       0.956	2
40	2.23098074255496	280	40	    0.997967	    0.203664	   0.0439997	       0.956	2
41	-1.75754547419326	281	41	   -0.270446	    0.447649	    0.999761	 0.000239143	1
41	0.436116343654472	282	41	   -0.270446	    0.447649	    0.999761	 0.000239143	1
41	-1.35284996150435	283	41	   -0.270446	    0.447649	    0.999761	 0.000239143	1
41	2.23816177314399	284	41	   -0.270446	    0.447649	    0.999761	 0.000239143	1
42	0.550098149790409	285	42	    0.404476	    0.406397	    0.998171	  0.00182866	1
42	-0.310680320289281	286	42	    0.404476	    0.406397	    0.998171	  0.00182866	1
42	3.51406241656922	287	42	    0.404476	    0.406397	    0.998171	  0.00182866	1
42	2.30976891000876	288	42	    0.404476	    0.406397	    0.998171	  0.00182866	1
42	1.01355917902672	289	42	    0.404476	    0.406397	    0.998171	  0.00182866	1
42	0.688496917607879	290	42	    0.404476	    0.406397	    0.998171	  0.00182866	1
43	1.40864976611282	291	43	    0.423851	    0.374954	    0.999998	 2.06329e-06	1
43	0.52630050863301	292	43	    0.423851	    0.374954	    0.999998	 2.06329e-06	1
43	1.09657279884498	293	43	    0.423851	    0.374954	    0.999998	 2.06329e-06	1
43	1.84372815431347	294	43	    0.423851	    0.374954	    0.999998	 2.06329e-06	1
43	2.37119811384709	295	43	    0.423851	    0.374954	    0.999998	 2.06329e-06	1
43	1.83708492159399	296	43	    0.423851	    0.374954	    0.999998	 2.06329e-06	1
43	3.00973017469834	297	43	    0.423851	    0.374954	    0.999998	 2.06329e-06	1
43	-2.20127427057319	298	43	    0.423851	    0.374954	    0.999998	 2.06329e-06	1
44	1.02487759488253	299	44	  -0.0925102	    0.349762	    0.999998	 1.75629e-06	1
44	-1.79885269595222	300	44	  -0.0925102	    0.349762	    0.999998	 1.75629e-06	1
44	2.92614108618469	301	44	  -0.0925102	    0.349762	    0.999998	 1.75629e-06	1
44	1.56453979978307	302	44	  -0.0925102	    0.349762	    0.999998	 1.75629e-06	1
44	1.25592288230687	303	44	  -0.0925102	    0.349762	    0.999998	 1.75629e-06	1
44	-1.00278334505497	304	44	  -0.0925102	    0.349762	    0.999998	 1.75629e-06	1
44	-1.13782932676256	305	44	  -0.0925102	    0.349762	    0.999998	 1.75629e-06	1
44	0.717806850678056	306	44	  -0.0925102	    0.349762	    0.999998	 1.75629e-06	1
44	0.890781637692073	307	44	  -0.0925102	    0.349762	    0.999998	 1.75629e-06	1
44	-0.600596703458029	308	44	  -0.0925102	    0.349762	    0.999998	 1.75629e-06	1
45	1.51260833509076	309	45	    -0.14154	    0.447577	    0.999262	 0.000737962	1
45	0.0518633997890459	310	45	    -0.14154	    0.447577	    0.999262	 0.000737962	1
45	-2.2234912218527	311	45	    -0.14154	    0.447577	    0.999262	 0.000737962	1
45	1.43510666752612	312	45	    -0.14154	    0.447577	    0.999262	 0.000737962	1
46	1.62193489525071	313	46	    0.555725	    0.274786	    0.142519	    0.857481	2
46	0.658913536973639	314	46	    0.555725	    0.274786	    0.142519	    0.857481	2
46	2.05162430469133	315	46	    0.555725	    0.274786	    0.142519	    0.857481	2
46	1.19588969543233	316	46	    0.555725	    0.274786	    0.142519	    0.857481	2
46	1.39997048956848	317	46	    0.555725	    0.274786	    0.142519	    0.857481	2
46	0.394130454219147	318	46	    0.555725	    0.274786	    0.142519	    0.857481	2
47	-0.653776194171356	319	47	   0.0639608	    0.374709	    0.998127	  0.00187341	1
47	2.47286205782233	320	47	   0.0639608	    0.374709	    0.998127	  0.00187341	1
47	1.30245101269215	321	47	   0.0639608	    0.374709	    0.998127	  0.00187341	1
47	0.895043032040019	322	47	   0.0639608	    0.374709	    0.998127	  0.00187341	1
47	-0.188377489665838	323	47	   0.0639608	    0.374709	    0.998127	  0.00187341	1
47	-0.832257318586812	324	47	   0.0639608	    0.374709	    0.998127	  0.00187341	1
47	2.16338954204425	325	47	   0.0639608	    0.374709	    0.998127	  0.00187341	1
47	-0.0911078290236221	326	47	   0.0639608	    0.374709	    0.998127	  0.00187341	1
48	0.00688065351941219	327	48	   -0.377728	    0.194893	   0.0378268	    0.962173	2
48	1.05480497115486	328	48	   -0.377728	    0.194893	   0.0378268	    0.962173	2
48	-0.454229990476374	329	48	   -0.377728	    0.194893	   0.0378268	    0.962173	2
48	0.216337192238589	330	48	   -0.377728	    0.194893	   0.0378268	    0.962173	2
48	-0.8684600809038	331	48	   -0.377728	    0.194893	   0.0378268	    0.962173	2
48	0.904652404211075	332	48	   -0.377728	    0.194893	   0.0378268	    0.962173	2
48	-0.0899464753865831	333	48	   -0.377728	    0.194893	   0.0378268	    0.962173	2
48	0.625623401785783	334	48	   -0.377728	    0.194893	   0.0378268	    0.962173	2
48	0.230092782844349	335	48	   -0.377728	    0.194893	   0.0378268	    0.962173	2
48	-0.594149326783621	336	48	   -0.377728	    0.194893	   0.0378268	    0.962173	2
49	-0.168449406669213	337	49	   -0.161602	    0.327916	    0.251217	    0.748783	2
49	1.09545549600336	338	49	   -0.161602	    0.327916	    0.251217	    0.748783	2
49	-0.301645982367914	339	49	   -0.161602	    0.327916	    0.251217	    0.748783	2
49	0.551171161851945	340	49	   -0.161602	    0.327916	    0.251217	    0.748783	2
50	1.15911849696297	341	50	    0.496984	    0.374222	    0.647613	    0.352387	1
50	2.34336264291079	342	50	    0.496984	    0.374222	    0.647613	    0.352387	1
50	0.876608060371942	343	50	    0.496984	    0.374222	    0.647613	    0.352387	1
50	0.559254280523283	344	50	    0.496984	    0.374222	    0.647613	    0.352387	1
50	2.50069426061345	345	50	    0.496984	    0.374222	    0.647613	    0.352387	1
50	0.385653401095481	346	50	    0.496984	    0.374222	    0.647613	    0.352387	1
51	2.07360359697	347	51	     0.58021	    0.239046	    0.116404	    0.883596	2
51	1.06063294105698	348	51	     0.58021	    0.239046	    0.116404	    0.883596	2
51	0.956411702156581	349	51	     0.58021	    0.239046	    0.116404	    0.883596	2
51	1.86916845159384	350	51	     0.58021	    0.239046	    0.116404	    0.883596	2
51	0.296435154340799	351	51	     0.58021	    0.239046	    0.116404	    0.883596	2
51	0.7942252450797	352	51	     0.58021	    0.239046	    0.116404	    0.883596	2
51	0.658598541184162	353	51	     0.58021	    0.239046	    0.116404	    0.883596	2
51	1.98108136908848	354	51	     0.58021	    0.239046	    0.116404	    0.883596	2
52	3.48249201411738	355	52	    0.944689	    0.349762	           1	 4.14531e-07	1
52	-0.0317535261651432	356	52	    0.944689	    0.349762	           1	 4.14531e-07	1
52	0.649084646375031	357	52	    0.944689	    0.349762	           1	 4.14531e-07	1
52	0.482731198635149	358	52	    0.944689	    0.349762	           1	 4.14531e-07	1
52	1.93279088716356	359	52	    0.944689	    0.349762	           1	 4.14531e-07	1
52	1.04089527838322	360	52	    0.944689	    0.349762	           1	 4.14531e-07	1
52	1.49927848314145	361	52	    0.944689	    0.349762	           1	 4.14531e-07	1
52	3.34871891459391	362	52	    0.944689	    0.349762	           1	 4.14531e-07	1
52	3.08763533561651	363	52	    0.944689	    0.349762	           1	 4.14531e-07	1
52	4.32235693415846	364	52	    0.944689	    0.349762	           1	 4.14531e-07	1
53	0.401415722088052	365	53	   -0.798606	    0.450322	    0.992634	  0.00736552	1
53	-1.00560915098595	366	53	   -0.798606	    0.450322	    0.992634	  0.00736552	1
53	-2.32794101855479	367	53	   -0.798606	    0.450322	    0.992634	  0.00736552	1
53	-2.42331624653561	368	53	   -0.798606	    0.450322	    0.992634	  0.00736552	1
54	-0.652775624776532	369	54	   -0.613465	    0.259262	    0.083138	    0.916862	2
54	-0.915780307211042	370	54	   -0.613465	    0.259262	    0.083138	    0.916862	2
54	0.360616859099239	371	54	   -0.613465	    0.259262	    0.083138	    0.916862	2
54	-0.147911443753624	372	54	   -0.613465	    0.259262	    0.083138	    0.916862	2
54	0.287185784154535	373	54	   -0.613465	    0.259262	    0.083138	    0.916862	2
54	-0.262058161432749	374	54	   -0.613465	    0.259262	    0.083138	    0.916862	2
55	-0.231880121902824	375	55	    0.364344	     0.37493	    0.999743	 0.000256699	1
55	-0.308186981084792	376	55	    0.364344	     0.37493	    0.999743	 0.000256699	1
55	3.99629502952293	377	55	    0.364344	     0.37493	    0.999743	 0.000256699	1
55	1.44419169884582	378	55	    0.364344	     0.37493	    0.999743	 0.000256699	1
55	0.67986061556711	379	55	    0.364344	     0.37493	    0.999743	 0.000256699	1
55	1.16222232526485	380	55	    0.364344	     0.37493	    0.999743	 0.000256699	1
55	0.649988082506896	381	55	    0.364344	     0.37493	    0.999743	 0.000256699	1
55	1.70142876658181	382	55	    0.364344	     0.37493	    0.999743	 0.000256699	1
56	-2.4204344109293	383	56	   -0.577611	    0.349638	    0.997714	  0.00228614	1
56	-0.80689355876129	384	56	   -0.577611	    0.349638	    0.997714	  0.00228614	1
56	0.403744811858595	385	56	   -0.577611	    0.349638	    0.997714	  0.00228614	1
56	1.93626634329577	386	56	   -0.577611	    0.349638	    0.997714	  0.00228614	1
56	-0.714845469670218	387	56	   -0.577611	    0.349638	    0.997714	  0.00228614	1
56	-0.896265177497719	388	56	   -0.577611	    0.349638	    0.997714	  0.00228614	1
56	-0.697937016549745	389	56	   -0.577611	    0.349638	    0.997714	  0.00228614	1
56	-0.648043674516304	390	56	   -0.577611	    0.349638	    0.997714	  0.00228614	1
56	0.791976672427534	391	56	   -0.577611	    0.349638	    0.997714	  0.00228614	1
56	-0.570847956541852	392	56	   -0.577611	    0.349638	    0.997714	  0.00228614	1
57	0.330817299226074	393	57	    0.236904	    0.376319	    0.493458	    0.506542	2
57	1.51522950683883	394	57	    0.236904	    0.376319	    0.493458	    0.506542	2
57	1.78678369182873	395	57	    0.236904	    0.376319	    0.493458	    0.506542	2
57	0.0312555093239333	396	57	    0.236904	    0.376319	    0.493458	    0.506542	2
58	2.77715671278466	397	58	   0.0281686	    0.406512	           1	 3.09821e-13	1
58	2.1825683996117	398	58	   0.0281686	    0.406512	           1	 3.09821e-13	1
58	2.7029282318944	399	58	   0.0281686	    0.406512	           1	 3.09821e-13	1
58	0.703101965651566	400	58	   0.0281686	    0.406512	           1	 3.09821e-13	1
58	-1.73943021298713	401	58	   0.0281686	    0.406512	           1	 3.09821e-13	1
58	-3.14629408555289	402	58	   0.0281686	    0.406512	           1	 3.09821e-13	1
59	1.80281356237096	403	59	    0.276435	    0.216057	   0.0460765	    0.953923	2
59	0.150916868461492	404	59	    0.276435	    0.216057	   0.0460765	    0.953923	2
59	0.684739330149916	405	59	    0.276435	    0.216057	   0.0460765	    0.953923	2
59	0.393091215038953	406	59	    0.276435	    0.216057	   0.0460765	    0.953923	2
59	0.890907515465999	407	59	    0.276435	    0.216057	   0.0460765	    0.953923	2
59	0.264026256694139	408	59	    0.276435	    0.216057	   0.0460765	    0.953923	2
59	1.29646126711963	409	59	    0.276435	    0.216057	   0.0460765	    0.953923	2
59	1.27900176299906	410	59	    0.276435	    0.216057	   0.0460765	    0.953923	2
60	0.241485860109099	411	60	   -0.113767	      0.1916	   0.0277863	    0.972214	2
60	-0.0527380199876383	412	60	   -0.113767	      0.1916	   0.0277863	    0.972214	2
60	-0.253511014834193	413	60	   -0.113767	      0.1916	   0.0277863	    0.972214	2
60	-0.248804187357073	414	60	   -0.113767	      0.1916	   0.0277863	    0.972214	2
60	0.949770293103536	415	60	   -0.113767	      0.1916	   0.0277863	    0.972214	2
60	0.242260500320074	416	60	   -0.113767	      0.1916	   0.0277863	    0.972214	2
60	1.12967238917216	417	60	   -0.113767	      0.1916	   0.0277863	    0.972214	2
60	0.19278088497639	418	60	   -0.113767	      0.1916	   0.0277863	    0.972214	2
60	1.57347150492359	419	60	   -0.113767	      0.1916	   0.0277863	    0.972214	2
60	0.219032994931239	420	60	   -0.113767	      0.1916	   0.0277863	    0.972214	2
61	1.4262595403321	421	61	    0.458552	    0.387848	    0.461922	    0.538078	2
61	0.130410458917881	422	61	    0.458552	    0.387848	    0.461922	    0.538078	2
61	1.49581596311402	423	61	    0.458552	    0.387848	    0.461922	    0.538078	2
61	2.0140616194918	424	61	    0.458552	    0.387848	    0.461922	    0.538078	2
62	2.16891413174022	425	62	     0.58424	    0.406625	    0.992771	  0.00722899	1
62	1.67205890228415	426	62	     0.58424	    0.406625	    0.992771	  0.00722899	1
62	2.21259866406768	427	62	     0.58424	    0.406625	    0.992771	  0.00722899	1
62	3.31017421426698	428	62	     0.58424	    0.406625	    0.992771	  0.00722899	1
62	-0.275769196608442	429	62	     0.58424	    0.406625	    0.992771	  0.00722899	1
62	0.702826282502327	430	62	     0.58424	    0.406625	    0.992771	  0.00722899	1
63	0.927126272024906	431	63	  -0.0250566	    0.214892	   0.0445985	    0.955401	2
63	0.167546641791333	432	63	  -0.0250566	    0.214892	   0.0445985	    0.955401	2
63	-0.288840280845748	433	63	  -0.0250566	    0.214892	   0.0445985	    0.955401	2
63	1.22114583767977	434	63	  -0.0250566	    0.214892	   0.0445985	    0.955401	2
63	-0.162100466294705	435	63	  -0.0250566	    0.214892	   0.0445985	    0.955401	2
63	0.391688173181312	436	63	  -0.0250566	    0.214892	   0.0445985	    0.955401	2
63	1.19356383272616	437	63	  -0.0250566	    0.214892	   0.0445985	    0.955401	2
63	0.530661713581291	438	63	  -0.0250566	    0.214892	   0.0445985	    0.955401	2
64	1.542641075967	439	64	    0.402481	    0.349762	           1	  9.5598e-10	1
64	-0.158979882963052	440	64	    0.402481	    0.349762	           1	  9.5598e-10	1
64	1.19144925821136	441	64	    0.402481	    0.349762	           1	  9.5598e-10	1
64	-0.552714545231784	442	64	    0.402481	    0.349762	           1	  9.5598e-10	1
64	-0.652987815609816	443	64	    0.402481	    0.349762	           1	  9.5598e-10	1
64	0.281731863436214	444	64	    0.402481	    0.349762	           1	  9.5598e-10	1
64	3.46632403191372	445	64	    0.402481	    0.349762	           1	  9.5598e-10	1
64	3.05671895307091	446	64	    0.402481	    0.349762	           1	  9.5598e-10	1
64	3.6603649540393	447	64	    0.402481	    0.349762	           1	  9.5598e-10	1
64	-0.371022890957558	448	64	    0.402481	    0.349762	           1	  9.5598e-10	1
65	0.710068931997801	449	65	   -0.222338	    0.305193	    0.136285	    0.863715	2
65	0.297796713558562	450	65	   -0.222338	    0.305193	    0.136285	    0.863715	2
65	0.214925486715661	451	65	   -0.222338	    0.305193	    0.136285	    0.863715	2
65	-0.323639289526362	452	65	   -0.222338	    0.305193	    0.136285	    0.863715	2
66	-0.739206280949993	453	66	   -0.295697	    0.285519	     0.22687	     0.77313	2
66	-0.401111778088876	454	66	   -0.295697	    0.285519	     0.22687	     0.77313	2
66	1.20160610209655	455	66	   -0.295697	    0.285519	     0.22687	     0.77313	2
66	0.173003982922373	456	66	   -0.295697	    0.285519	     0.22687	     0.77313	2
66	-0.0804447009337444	457	66	   -0.295697	    0.285519	     0.22687	     0.77313	2
66	0.712279837357417	458	66	   -0.295697	    0.285519	     0.22687	     0.77313	2
67	-1.24790037569771	459	67	    -1.03758	    0.375928	    0.994817	   0.0051826	1
67	-2.74799736466672	460	67	    -1.03758	    0.375928	    0.994817	   0.0051826	1
67	-0.717850519273083	461	67	    -1.03758	    0.375928	    0.994817	   0.0051826	1
67	-2.29064128463642	462	67	    -1.03758	    0.375928	    0.994817	   0.0051826	1
67	-1.84845364436178	463	67	    -1.03758	    0.375928	    0.994817	   0.0051826	1
67	0.424555656856286	464	67	    -1.03758	    0.375928	    0.994817	   0.0051826	1
67	0.266545290569584	465	67	    -1.03758	    0.375928	    0.994817	   0.0051826	1
67	-1.49726095943095	466	67	    -1.03758	    0.375928	    0.994817	   0.0051826	1
68	2.98443664552708	467	68	    0.490303	    0.296061	    0.532746	    0.467254	1
68	1.67160721905235	468	68	    0.490303	    0.296061	    0.532746	    0.467254	1
68	0.917694707003773	469	68	    0.490303	    0.296061	    0.532746	    0.467254	1
68	0.905360819545699	470	68	    0.490303	    0.296061	    0.532746	    0.467254	1
68	0.940006915833265	471	68	    0.490303	    0.296061	    0.532746	    0.467254	1
68	-0.171850842166939	472	68	    0.490303	    0.296061	    0.532746	    0.467254	1
68	0.693871747235133	473	68	    0.490303	    0.296061	    0.532746	    0.467254	1
68	1.2606396573963	474	68	    0.490303	    0.296061	    0.532746	    0.467254	1
68	1.92936292856648	475	68	    0.490303	    0.296061	    0.532746	    0.467254	1
68	0.523587816346639	476	68	    0.490303	    0.296061	    0.532746	    0.467254	1
69	0.790836537339437	477	69	    0.276037	    0.328508	    0.235911	    0.764089	2
69	0.468193104052848	478	69	    0.276037	    0.328508	    0.235911	    0.764089	2
69	1.8267113902173	479	69	    0.276037	    0.328508	    0.235911	    0.764089	2
69	0.59518157680773	480	69	    0.276037	    0.328508	    0.235911	    0.764089	2
70	-0.6367784365557	481	70	   -0.387652	    0.254869	   0.0859403	     0.91406	2
70	-0.386919052784394	482	70	   -0.387652	    0.254869	   0.0859403	     0.91406	2
70	0.120728812812562	483	70	   -0.387652	    0.254869	   0.0859403	     0.91406	2
70	0.196732998387558	484	70	   -0.387652	    0.254869	   0.0859403	     0.91406	2
70	0.922892428407943	485	70	   -0.387652	    0.254869	   0.0859403	     0.91406	2
70	0.102104617375779	486	70	   -0.387652	    0.254869	   0.0859403	     0.91406	2
71	0.0755925940148665	487	71	    0.372214	    0.374954	           1	 2.39648e-11	1
71	1.39425931022414	488	71	    0.372214	    0.374954	           1	 2.39648e-11	1
71	1.14972845681676	489	71	    0.372214	    0.374954	           1	 2.39648e-11	1
71	3.75548844354596	490	71	    0.372214	    0.374954	           1	 2.39648e-11	1
71	-1.66314142764488	491	71	    0.372214	    0.374954	           1	 2.39648e-11	1
71	3.81870310544537	492	71	    0.372214	    0.374954	           1	 2.39648e-11	1
71	1.751304769539	493	71	    0.372214	    0.374954	           1	 2.39648e-11	1
71	-1.08195083573329	494	71	    0.372214	    0.374954	           1	 2.39648e-11	1
72	0.39681440799461	495	72	  -0.0356362	    0.187629	   0.0109983	    0.989002	2
72	0.645047887975689	496	72	  -0.0356362	    0.187629	   0.0109983	    0.989002	2
72	0.496686365666351	497	72	  -0.0356362	    0.187629	   0.0109983	    0.989002	2
72	1.72587190654451	498	72	  -0.0356362	    0.187629	   0.0109983	    0.989002	2
72	0.0112106950498792	499	72	  -0.0356362	    0.187629	   0.0109983	    0.989002	2
72	0.48836602989352	500	72	  -0.0356362	    0.187629	   0.0109983	    0.989002	2
72	-0.17623947615002	501	72	  -0.0356362	    0.187629	   0.0109983	    0.989002	2
72	0.414682471976573	502	72	  -0.0356362	    0.187629	   0.0109983	    0.989002	2
72	0.788402710799511	503	72	  -0.0356362	    0.187629	   0.0109983	    0.989002	2
72	0.077579386721775	504	72	  -0.0356362	    0.187629	   0.0109983	    0.989002	2
73	0.415436787306031	505	73	   -0.493881	    0.329086	    0.191782	    0.808218	2
73	-0.0237702893039326	506	73	   -0.493881	    0.329086	    0.191782	    0.808218	2
73	-0.776932354392928	507	73	   -0.493881	    0.329086	    0.191782	    0.808218	2
73	-0.264240729040734	508	73	   -0.493881	    0.329086	    0.191782	    0.808218	2
74	1.44170312963151	509	74	    0.555888	    0.406188	    0.961083	   0.0389169	1
74	1.10079896938602	510	74	    0.555888	    0.406188	    0.961083	   0.0389169	1
74	3.28725086594507	511	74	    0.555888	    0.406188	    0.961083	   0.0389169	1
74	2.27591401886557	512	74	    0.555888	    0.406188	    0.961083	   0.0389169	1
74	1.29445613429779	513	74	    0.555888	    0.406188	    0.961083	   0.0389169	1
74	-0.0500051410659668	514	74	    0.555888	    0.406188	    0.961083	   0.0389169	1
75	-1.35565922273491	515	75	   -0.142114	    0.374931	    0.999817	 0.000183463	1
75	1.45131816340002	516	75	   -0.142114	    0.374931	    0.999817	 0.000183463	1
75	1.11526804054284	517	75	   -0.142114	    0.374931	    0.999817	 0.000183463	1
75	0.166753799154141	518	75	   -0.142114	    0.374931	    0.999817	 0.000183463	1
75	1.39178014248524	519	75	   -0.142114	    0.374931	    0.999817	 0.000183463	1
75	1.78636968715221	520	75	   -0.142114	    0.374931	    0.999817	 0.000183463	1
75	-1.90938930585524	521	75	   -0.142114	    0.374931	    0.999817	 0.000183463	1
75	-0.338961265958326	522	75	   -0.142114	    0.374931	    0.999817	 0.000183463	1
76	0.33818778358458	523	76	   -0.114572	      0.2089	    0.105577	    0.894423	2
76	1.53220584043138	524	76	   -0.114572	      0.2089	    0.105577	    0.894423	2
76	-0.584971352905852	525	76	   -0.114572	      0.2089	    0.105577	    0.894423	2
76	1.58712533354655	526	76	   -0.114572	      0.2089	    0.105577	    0.894423	2
76	0.638452137385355	527	76	   -0.114572	      0.2089	    0.105577	    0.894423	2
76	-0.115000516922413	528	76	   -0.114572	      0.2089	    0.105577	    0.894423	2
76	-0.218315647286668	529	76	   -0.114572	      0.2089	    0.105577	    0.894423	2
76	0.700385221037155	530	76	   -0.114572	      0.2089	    0.105577	    0.894423	2
76	0.133739103966179	531	76	   -0.114572	      0.2089	    0.105577	    0.894423	2
76	-0.0561277546535731	532	76	   -0.114572	      0.2089	    0.105577	    0.894423	2
77	0.343123296013895	533	77	   -0.120239	    0.293149	    0.087973	    0.912027	2
77	0.273049188017852	534	77	   -0.120239	    0.293149	    0.087973	    0.912027	2
77	0.637822603952266	535	77	   -0.120239	    0.293149	    0.087973	    0.912027	2
77	0.21438063021768	536	77	   -0.120239	    0.293149	    0.087973	    0.912027	2
78	-0.180721708928556	537	78	    0.324074	    0.394562	    0.882935	    0.117065	1
78	2.11366592019173	538	78	    0.324074	    0.394562	    0.882935	    0.117065	1
78	1.14823161531483	539	78	    0.324074	    0.394562	    0.882935	    0.117065	1
78	2.05453295347611	540	78	    0.324074	    0.394562	    0.882935	    0.117065	1
78	1.66627372946218	541	78	    0.324074	    0.394562	    0.882935	    0.117065	1
78	-0.193929472758312	542	78	    0.324074	    0.394562	    0.882935	    0.117065	1
79	3.63547993646535	543	79	   -0.111272	    0.374952	    0.999987	  1.3112e-05	1
79	-0.699207177595814	544	79	   -0.111272	    0.374952	    0.999987	  1.3112e-05	1
79	-1.03415452560082	545	79	   -0.111272	    0.374952	    0.999987	  1.3112e-05	1
79	-0.295497253948861	546	79	   -0.111272	    0.374952	    0.999987	  1.3112e-05	1
79	-0.689563250635419	547	79	   -0.111272	    0.374952	    0.999987	  1.3112e-05	1
79	0.0501210503265297	548	79	   -0.111272	    0.374952	    0.999987	  1.3112e-05	1
79	0.920041128597516	549	79	   -0.111272	    0.374952	    0.999987	  1.3112e-05	1
79	0.833423657474994	550	79	   -0.111272	    0.374952	    0.999987	  1.3112e-05	1
80	-1.0103553985318	551	80	   -0.334415	    0.349755	    0.999932	  6.7726e-05	1
80	-1.37119006069324	552	80	   -0.334415	    0.349755	    0.999932	  6.7726e-05	1
80	-1.65138937344519	553	80	   -0.334415	    0.349755	    0.999932	  6.7726e-05	1
80	0.991180017294544	554	80	   -0.334415	    0.349755	    0.999932	  6.7726e-05	1
80	0.14340541987501	555	80	   -0.334415	    0.349755	    0.999932	  6.7726e-05	1
80	2.03932474925941	556	80	   -0.334415	    0.349755	    0.999932	  6.7726e-05	1
80	-0.402308123849337	557	80	   -0.334415	    0.349755	    0.999932	  6.7726e-05	1
80	0.848669957426169	558	80	   -0.334415	    0.349755	    0.999932	  6.7726e-05	1
80	-1.15104771657329	559	80	   -0.334415	    0.349755	    0.999932	  6.7726e-05	1
80	1.67820200288496	560	80	   -0.334415	    0.349755	    0.999932	  6.7726e-05	1
81	0.119329414687951	561	81	   -0.539664	    0.326862	    0.173672	    0.826328	2
81	-0.463723512410134	562	81	   -0.539664	    0.326862	    0.173672	    0.826328	2
81	0.18421859893977	563	81	   -0.539664	    0.326862	    0.173672	    0.826328	2
81	-0.717580679856121	564	81	   -0.539664	    0.326862	    0.173672	    0.826328	2
82	1.6799837712455	565	82	   0.0677252	    0.360656	    0.682735	    0.317265	1
82	-0.879892347329126	566	82	   0.0677252	    0.360656	    0.682735	    0.317265	1
82	0.608167073343406	567	82	   0.0677252	    0.360656	    0.682735	    0.317265	1
82	0.375689649046534	568	82	   0.0677252	    0.360656	    0.682735	    0.317265	1
82	1.63763271834675	569	82	   0.0677252	    0.360656	    0.682735	    0.317265	1
82	0.384502822746608	570	82	   0.0677252	    0.360656	    0.682735	    0.317265	1
83	0.780007717447388	571	83	     0.52801	    0.278272	    0.288107	    0.711893	2
83	2.00401025256641	572	83	     0.52801	    0.278272	    0.288107	    0.711893	2
83	1.00200049052712	573	83	     0.52801	    0.278272	    0.288107	    0.711893	2
83	1.36651802139289	574	83	     0.52801	    0.278272	    0.288107	    0.711893	2
83	1.64365079281416	575	83	     0.52801	    0.278272	    0.288107	    0.711893	2
83	-0.188111027404382	576	83	     0.52801	    0.278272	    0.288107	    0.711893	2
83	2.19432964862149	577	83	     0.52801	    0.278272	    0.288107	    0.711893	2
83	0.698533130729545	578	83	     0.52801	    0.278272	    0.288107	    0.711893	2
84	0.466738150308976	579	84	   -0.518761	    0.188643	   0.0123888	    0.987611	2
84	-0.126696448374519	580	84	   -0.518761	    0.188643	   0.0123888	    0.987611	2
84	0.263470643408861	581	84	   -0.518761	    0.188643	   0.0123888	    0.987611	2
84	-0.325016507538975	582	84	   -0.518761	    0.188643	   0.0123888	    0.987611	2
84	0.19745812431272	583	84	   -0.518761	    0.188643	   0.0123888	    0.987611	2
84	0.0706631287909201	584	84	   -0.518761	    0.188643	   0.0123888	    0.987611	2
84	-0.0747579886608626	585	84	   -0.518761	    0.188643	   0.0123888	    0.987611	2
84	-0.949264467922065	586	84	   -0.518761	    0.188643	   0.0123888	    0.987611	2
84	0.747904360574452	587	84	   -0.518761	    0.188643	   0.0123888	    0.987611	2
84	-0.777892038214513	588	84	   -0.518761	    0.188643	   0.0123888	    0.987611	2
85	-0.105664908502688	589	85	   -0.656214	    0.404392	    0.431946	    0.568054	2
85	0.234507467571058	590	85	   -0.656214	    0.404392	    0.431946	    0.568054	2
85	-0.819550372484596	591	85	   -0.656214	    0.404392	    0.431946	    0.568054	2
85	-1.36754964705136	592	85	   -0.656214	    0.404392	    0.431946	    0.568054	2
86	2.7302217222095	593	86	   0.0774569	    0.404169	    0.982659	   0.0173406	1
86	-0.136018472238581	594	86	   0.0774569	    0.404169	    0.982659	   0.0173406	1
86	1.13925662680127	595	86	   0.0774569	    0.404169	    0.982659	   0.0173406	1
86	-0.805879681272924	596	86	   0.0774569	    0.404169	    0.982659	   0.0173406	1
86	0.159940240558863	597	86	   0.0774569	    0.404169	    0.982659	   0.0173406	1
86	0.94524077285132	598	86	   0.0774569	    0.404169	    0.982659	   0.0173406	1
87	-0.925736260376282	599	87	   -0.901768	    0.224429	   0.0473638	    0.952636	2
87	0.266289395473322	600	87	   -0.901768	    0.224429	   0.0473638	    0.952636	2
87	-0.370089786871351	601	87	   -0.901768	    0.224429	   0.0473638	    0.952636	2
87	-0.0449931430207027	602	87	   -0.901768	    0.224429	   0.0473638	    0.952636	2
87	-0.340069855177016	603	87	   -0.901768	    0.224429	   0.0473638	    0.952636	2
87	-1.43892747445508	604	87	   -0.901768	    0.224429	   0.0473638	    0.952636	2
87	-0.826915784430385	605	87	   -0.901768	    0.224429	   0.0473638	    0.952636	2
87	-0.43008314199497	606	87	   -0.901768	    0.224429	   0.0473638	    0.952636	2
88	0.668429821189484	607	88	    0.125418	    0.193931	    0.037785	    0.962215	2
88	1.22380780367907	608	88	    0.125418	    0.193931	    0.037785	    0.962215	2
88	1.27140833496154	609	88	    0.125418	    0.193931	    0.037785	    0.962215	2
88	-0.207498524803627	610	88	    0.125418	    0.193931	    0.037785	    0.962215	2
88	-0.108158089478816	611	88	    0.125418	    0.193931	    0.037785	    0.962215	2
88	1.06551821612709	612	88	    0.125418	    0.193931	    0.037785	    0.962215	2
88	0.627032881492307	613	88	    0.125418	    0.193931	    0.037785	    0.962215	2
88	0.852658491608564	614	88	    0.125418	    0.193931	    0.037785	    0.962215	2
88	-0.214006940785959	615	88	    0.125418	    0.193931	    0.037785	    0.962215	2
88	1.49113647318028	616	88	    0.125418	    0.193931	    0.037785	    0.962215	2
89	0.142078802239604	617	89	   -0.364054	    0.297261	   0.0896871	    0.910313	2
89	0.00533874805913634	618	89	   -0.364054	    0.297261	   0.0896871	    0.910313	2
89	-0.0608876191907164	619	89	   -0.364054	    0.297261	   0.0896871	    0.910313	2
89	0.0874997154085266	620	89	   -0.364054	    0.297261	   0.0896871	    0.910313	2
90	0.800367570066335	621	90	    0.358922	    0.338089	    0.482225	    0.517775	2
90	1.40584392739947	622	90	    0.358922	    0.338089	    0.482225	    0.517775	2
90	-0.310569074867424	623	90	    0.358922	    0.338089	    0.482225	    0.517775	2
90	1.36428356921767	624	90	    0.358922	    0.338089	    0.482225	    0.517775	2
90	2.23367508038778	625	90	    0.358922	    0.338089	    0.482225	    0.517775	2
90	0.777063914683628	626	90	    0.358922	    0.338089	    0.482225	    0.517775	2
91	1.60907705571766	627	91	    0.382337	    0.227365	   0.0874957	    0.912504	2
91	-0.00211824712560982	628	91	    0.382337	    0.227365	   0.0874957	    0.912504	2
91	0.523781837608413	629	91	    0.382337	    0.227365	   0.0874957	    0.912504	2
91	1.69548809905964	630	91	    0.382337	    0.227365	   0.0874957	    0.912504	2
91	0.454803824463015	631	91	    0.382337	    0.227365	   0.0874957	    0.912504	2
91	0.681875104647517	632	91	    0.382337	    0.227365	   0.0874957	    0.912504	2
91	1.69202341412409	633	91	    0.382337	    0.227365	   0.0874957	    0.912504	2
91	1.13235088989703	634	91	    0.382337	    0.227365	   0.0874957	    0.912504	2
92	1.02866629032495	635	92	    0.374355	     0.33344	    0.845438	    0.154562	1
92	1.13837309159845	636	92	    0.374355	     0.33344	    0.845438	    0.154562	1
92	-0.556217957133819	637	92	    0.374355	     0.33344	    0.845438	    0.154562	1
92	1.6066428659229	638	92	    0.374355	     0.33344	    0.845438	    0.154562	1
92	3.18925886347867	639	92	    0.374355	     0.33344	    0.845438	    0.154562	1
92	0.410407998230411	640	92	    0.374355	     0.33344	    0.845438	    0.154562	1
92	0.577578858836804	641	92	    0.374355	     0.33344	    0.845438	    0.154562	1
92	0.962090787700241	642	92	    0.374355	     0.33344	    0.845438	    0.154562	1
92	0.900326528438586	643	92	    0.374355	     0.33344	    0.845438	    0.154562	1
92	1.44624366732506	644	92	    0.374355	     0.33344	    0.845438	    0.154562	1
93	0.699320562880574	645	93	    0.266658	     0.36404	    0.416248	    0.583752	2
93	0.576216465209065	646	93	    0.266658	     0.36404	    0.416248	    0.583752	2
93	0.374217360503814	647	93	    0.266658	     0.36404	    0.416248	    0.583752	2
93	2.13324263780842	648	93	    0.266658	     0.36404	    0.416248	    0.583752	2
94	0.861228206971371	649	94	    0.482619	    0.238784	   0.0239176	    0.976082	2
94	1.24819202315815	650	94	    0.482619	    0.238784	   0.0239176	    0.976082	2
94	1.01064364840138	651	94	    0.482619	    0.238784	   0.0239176	    0.976082	2
94	1.11711582774529	652	94	    0.482619	    0.238784	   0.0239176	    0.976082	2
94	1.07250131259435	653	94	    0.482619	    0.238784	   0.0239176	    0.976082	2
94	1.30134727198002	654	94	    0.482619	    0.238784	   0.0239176	    0.976082	2
95	-0.23890641372118	655	95	 -0.00742671	    0.374716	    0.998197	  0.00180263	1
95	3.06464388660768	656	95	 -0.00742671	    0.374716	    0.998197	  0.00180263	1
95	-0.0348295420675383	657	95	 -0.00742671	    0.374716	    0.998197	  0.00180263	1
95	0.338121087506469	658	95	 -0.00742671	    0.374716	    0.998197	  0.00180263	1
95	-0.0463784136252535	659	95	 -0.00742671	    0.374716	    0.998197	  0.00180263	1
95	-0.71419187969785	660	95	 -0.00742671	    0.374716	    0.998197	  0.00180263	1
95	-0.0775816470005287	661	95	 -0.00742671	    0.374716	    0.998197	  0.00180263	1
95	1.8215091346856	662	95	 -0.00742671	    0.374716	    0.998197	  0.00180263	1
96	0.473801717500473	663	96	   0.0352961	    0.347451	    0.981678	   0.0183224	1
96	0.801802947926902	664	96	   0.0352961	    0.347451	    0.981678	   0.0183224	1
96	-0.748835643330049	665	96	   0.0352961	    0.347451	    0.981678	   0.0183224	1
96	0.652842302340265	666	96	   0.0352961	    0.347451	    0.981678	   0.0183224	1
96	2.91654320945166	667	96	   0.0352961	    0.347451	    0.981678	   0.0183224	1
96	0.687956992911943	668	96	   0.0352961	    0.347451	    0.981678	   0.0183224	1
96	-0.179251818404323	669	96	   0.0352961	    0.347451	    0.981678	   0.0183224	1
96	-0.767160033116228	670	96	   0.0352961	    0.347451	    0.981678	   0.0183224	1
96	1.5033296815159	671	96	   0.0352961	    0.347451	    0.981678	   0.0183224	1
96	0.463516511727072	672	96	   0.0352961	    0.347451	    0.981678	   0.0183224	1
97	1.12079517791307	673	97	   -0.180235	     0.43826	       0.922	   0.0780004	1
97	-1.44726862589716	674	97	   -0.180235	     0.43826	       0.922	   0.0780004	1
97	1.11909219479339	675	97	   -0.180235	     0.43826	       0.922	   0.0780004	1
97	-0.276068969134072	676	97	   -0.180235	     0.43826	       0.922	   0.0780004	1
98	1.00065983140716	677	98	   0.0384871	    0.404076	    0.982236	   0.0177641	1
98	0.734866877082287	678	98	   0.0384871	    0.404076	    0.982236	   0.0177641	1
98	0.211303471520495	679	98	   0.0384871	    0.404076	    0.982236	   0.0177641	1
98	2.47208844517876	680	98	   0.0384871	    0.404076	    0.982236	   0.0177641	1
98	-1.34178374599181	681	98	   0.0384871	    0.404076	    0.982236	   0.0177641	1
98	0.515848335935836	682	98	   0.0384871	    0.404076	    0.982236	   0.0177641	1
99	0.303747885754047	683	99	    0.401599	    0.374376	    0.993122	  0.00687824	1
99	2.40174726245065	684	99	    0.401599	    0.374376	    0.993122	  0.00687824	1
99	1.6775277355075	685	99	    0.401599	    0.374376	    0.993122	  0.00687824	1
99	-0.981480083086141	686	99	    0.401599	    0.374376	    0.993122	  0.00687824	1
99	2.04475707119768	687	99	    0.401599	    0.374376	    0.993122	  0.00687824	1
99	1.61537327121767	688	99	    0.401599	    0.374376	    0.993122	  0.00687824	1
99	0.333107598607219	689	99	    0.401599	    0.374376	    0.993122	  0.00687824	1
99	2.18148818680252	690	99	    0.401599	    0.374376	    0.993122	  0.00687824	1
100	0.579862259576861	691	100	    0.869377	    0.349762	           1	 9.04042e-08	1
100	2.2762036402537	692	100	    0.869377	    0.349762	           1	 9.04042e-08	1
100	0.543716137428045	693	100	    0.869377	    0.349762	           1	 9.04042e-08	1
100	2.19779411908796	694	100	    0.869377	    0.349762	           1	 9.04042e-08	1
100	2.04677064301052	695	100	    0.869377	    0.349762	           1	 9.04042e-08	1
100	1.24521057317849	696	100	    0.869377	    0.349762	           1	 9.04042e-08	1
100	1.28428350769028	697	100	    0.869377	    0.349762	           1	 9.04042e-08	1
100	1.10402657674005	698	100	    0.869377	    0.349762	           1	 9.04042e-08	1
100	1.46110152901555	699	100	    0.869377	    0.349762	           1	 9.04042e-08	1
100	5.91536704717757	700	100	    0.869377	    0.349762	           1	 9.04042e-08	1
101	0.788010578407679	701	101	 -0.00852337	     0.38489	     0.58448	     0.41552	1
101	1.28113451846835	702	101	 -0.00852337	     0.38489	     0.58448	     0.41552	1
101	-0.863002086939421	703	101	 -0.00852337	     0.38489	     0.58448	     0.41552	1
101	0.840512508774498	704	101	 -0.00852337	     0.38489	     0.58448	     0.41552	1
102	1.37551618275952	705	102	    0.764858	    0.250617	   0.0476131	    0.952387	2
102	1.00425292746267	706	102	    0.764858	    0.250617	   0.0476131	    0.952387	2
102	2.04091352240375	707	102	    0.764858	    0.250617	   0.0476131	    0.952387	2
102	1.54434404236445	708	102	    0.764858	    0.250617	   0.0476131	    0.952387	2
102	1.38945255455724	709	102	    0.764858	    0.250617	   0.0476131	    0.952387	2
102	1.32533867492901	710	102	    0.764858	    0.250617	   0.0476131	    0.952387	2
103	1.03074274311415	711	103	 -0.00435206	    0.211257	   0.0289477	    0.971052	2
103	1.30070804454247	712	103	 -0.00435206	    0.211257	   0.0289477	    0.971052	2
103	0.461698094526461	713	103	 -0.00435206	    0.211257	   0.0289477	    0.971052	2
103	0.424826731780663	714	103	 -0.00435206	    0.211257	   0.0289477	    0.971052	2
103	0.968573008807827	715	103	 -0.00435206	    0.211257	   0.0289477	    0.971052	2
103	0.0641375935117768	716	103	 -0.00435206	    0.211257	   0.0289477	    0.971052	2
103	0.0691954622761543	717	103	 -0.00435206	    0.211257	   0.0289477	    0.971052	2
103	-0.147977355006376	718	103	 -0.00435206	    0.211257	   0.0289477	    0.971052	2
104	0.232322737783074	719	104	  -0.0954463	    0.185757	  0.00305151	    0.996948	2
104	0.274965980873939	720	104	  -0.0954463	    0.185757	  0.00305151	    0.996948	2
104	0.447828765290729	721	104	  -0.0954463	    0.185757	  0.00305151	    0.996948	2
104	0.993345758796351	722	104	  -0.0954463	    0.185757	  0.00305151	    0.996948	2
104	0.28751465856656	723	104	  -0.0954463	    0.185757	  0.00305151	    0.996948	2
104	0.337979242978498	724	104	  -0.0954463	    0.185757	  0.00305151	    0.996948	2
104	1.11760133981401	725	104	  -0.0954463	    0.185757	  0.00305151	    0.996948	2
104	0.14853959408954	726	104	  -0.0954463	    0.185757	  0.00305151	    0.996948	2
104	0.486936185817987	727	104	  -0.0954463	    0.185757	  0.00305151	    0.996948	2
104	-0.121484962582277	728	104	  -0.0954463	    0.185757	  0.00305151	    0.996948	2
105	-0.0101219620613825	729	105	    -0.12395	     0.31674	    0.199477	    0.800523	2
105	-0.0337940699002792	730	105	    -0.12395	     0.31674	    0.199477	    0.800523	2
105	1.19877950592327	731	105	    -0.12395	     0.31674	    0.199477	    0.800523	2
105	0.256832246245651	732	105	    -0.12395	     0.31674	    0.199477	    0.800523	2
106	-0.52297810807426	733	106	   0.0486869	    0.403998	    0.981616	   0.0183836	1
106	-0.172429541043078	734	106	   0.0486869	    0.403998	    0.981616	   0.0183836	1
106	1.97798386597837	735	106	   0.0486869	    0.403998	    0.981616	   0.0183836	1
106	0.036484721498221	736	106	   0.0486869	    0.403998	    0.981616	   0.0183836	1
106	2.37734422862543	737	106	   0.0486869	    0.403998	    0.981616	   0.0183836	1
106	0.011420504131159	738	106	   0.0486869	    0.403998	    0.981616	   0.0183836	1
107	1.23664944279531	739	107	    0.340182	    0.373544	    0.985644	   0.0143562	1
107	-1.5963090031986	740	107	    0.340182	    0.373544	    0.985644	   0.0143562	1
107	1.08499953421634	741	107	    0.340182	    0.373544	    0.985644	   0.0143562	1
107	1.26203573175022	742	107	    0.340182	    0.373544	    0.985644	   0.0143562	1
107	1.33969572983007	743	107	    0.340182	    0.373544	    0.985644	   0.0143562	1
107	2.24677985790363	744	107	    0.340182	    0.373544	    0.985644	   0.0143562	1
107	1.47243139348086	745	107	    0.340182	    0.373544	    0.985644	   0.0143562	1
107	1.69358778537795	746	107	    0.340182	    0.373544	    0.985644	   0.0143562	1
108	-0.574220247085923	747	108	    -0.96774	    0.349765	    0.999956	 4.40853e-05	1
108	-0.282328902204141	748	108	    -0.96774	    0.349765	    0.999956	 4.40853e-05	1
108	-0.157559663854188	749	108	    -0.96774	    0.349765	    0.999956	 4.40853e-05	1
108	-0.121722573872066	750	108	    -0.96774	    0.349765	    0.999956	 4.40853e-05	1
108	0.956196676265575	751	108	    -0.96774	    0.349765	    0.999956	 4.40853e-05	1
108	-2.26507043980426	752	108	    -0.96774	    0.349765	    0.999956	 4.40853e-05	1
108	-1.11416549842424	753	108	    -0.96774	    0.349765	    0.999956	 4.40853e-05	1
108	-2.60272675121643	754	108	    -0.96774	    0.349765	    0.999956	 4.40853e-05	1
108	-0.275762078550105	755	108	    -0.96774	    0.349765	    0.999956	 4.40853e-05	1
108	-3.20206821091873	756	108	    -0.96774	    0.349765	    0.999956	 4.40853e-05	1
109	-0.057423461695065	757	109	   -0.219948	    0.302446	    0.124195	    0.875805	2
109	-0.144573514639018	758	109	   -0.219948	    0.302446	    0.124195	    0.875805	2
109	0.551579649444944	759	109	   -0.219948	    0.302446	    0.124195	    0.875805	2
109	0.569562667711327	760	109	   -0.219948	    0.302446	    0.124195	    0.875805	2
110	2.2799530397377	761	110	   0.0937664	    0.406494	    0.999864	 0.000135889	1
110	-2.06356062895429	762	110	   0.0937664	    0.406494	    0.999864	 0.000135889	1
110	1.6198629403578	763	110	   0.0937664	    0.406494	    0.999864	 0.000135889	1
110	-0.104089553927645	764	110	   0.0937664	    0.406494	    0.999864	 0.000135889	1
110	1.35800584933819	765	110	   0.0937664	    0.406494	    0.999864	 0.000135889	1
110	1.13767143450805	766	110	   0.0937664	    0.406494	    0.999864	 0.000135889	1
111	0.192213734639485	767	111	   -0.271277	    0.220308	   0.0636817	    0.936318	2
111	-0.211440058889667	768	111	   -0.271277	    0.220308	   0.0636817	    0.936318	2
111	0.711780131244388	769	111	   -0.271277	    0.220308	   0.0636817	    0.936318	2
111	0.295499271448213	770	111	   -0.271277	    0.220308	   0.0636817	    0.936318	2
111	0.775427581319132	771	111	   -0.271277	    0.220308	   0.0636817	    0.936318	2
111	0.0834941619183392	772	111	   -0.271277	    0.220308	   0.0636817	    0.936318	2
111	0.85956121571336	773	111	   -0.271277	    0.220308	   0.0636817	    0.936318	2
111	-1.01172969945621	774	111	   -0.271277	    0.220308	   0.0636817	    0.936318	2
112	-0.529974597986815	775	112	    0.591843	    0.349762	           1	 3.67207e-09	1
112	3.21686371372507	776	112	    0.591843	    0.349762	           1	 3.67207e-09	1
112	-0.815541240964376	777	112	    0.591843	    0.349762	           1	 3.67207e-09	1
112	0.988017208755634	778	112	    0.591843	    0.349762	           1	 3.67207e-09	1
112	0.297210410093781	779	112	    0.591843	    0.349762	           1	 3.67207e-09	1
112	1.94960414867635	780	112	    0.591843	    0.349762	           1	 3.67207e-09	1
112	2.08332422553919	781	112	    0.591843	    0.349762	           1	 3.67207e-09	1
112	1.24744420937173	782	112	    0.591843	    0.349762	           1	 3.67207e-09	1
112	1.25119852035908	783	112	    0.591843	    0.349762	           1	 3.67207e-09	1
112	4.69179916382675	784	112	    0.591843	    0.349762	           1	 3.67207e-09	1
113	0.982938987614943	785	113	  -0.0554256	    0.308358	    0.161984	    0.838016	2
113	0.221717386647939	786	113	  -0.0554256	    0.308358	    0.161984	    0.838016	2
113	0.742361786222616	787	113	  -0.0554256	    0.308358	    0.161984	    0.838016	2
113	-0.145763381893649	788	113	  -0.0554256	    0.308358	    0.161984	    0.838016	2
114	0.982392296446675	789	114	   -0.108077	    0.241927	   0.0438868	    0.956113	2
114	0.116928007855997	790	114	   -0.108077	    0.241927	   0.0438868	    0.956113	2
114	0.547566426558727	791	114	   -0.108077	    0.241927	   0.0438868	    0.956113	2
114	0.565542248230216	792	114	   -0.108077	    0.241927	   0.0438868	    0.956113	2
114	0.395092061450557	793	114	   -0.108077	    0.241927	   0.0438868	    0.956113	2
114	-0.227658055526733	794	114	   -0.108077	    0.241927	   0.0438868	    0.956113	2
115	-0.0347591118402904	795	115	   -0.820925	    0.314216	    0.365873	    0.634127	2
115	-1.28420918472823	796	115	   -0.820925	    0.314216	    0.365873	    0.634127	2
115	0.365446010561122	797	115	   -0.820925	    0.314216	    0.365873	    0.634127	2
115	-1.12619708109023	798	115	   -0.820925	    0.314216	    0.365873	    0.634127	2
115	0.303420421350433	799	115	   -0.820925	    0.314216	    0.365873	    0.634127	2
115	-1.71036537895965	800	115	   -0.820925	    0.314216	    0.365873	    0.634127	2
115	-0.0457966512195061	801	115	   -0.820925	    0.314216	    0.365873	    0.634127	2
115	-0.712254480800584	802	115	   -0.820925	    0.314216	    0.365873	    0.634127	2
116	-0.359849437404655	803	116	    -0.16731	    0.345374	    0.963746	   0.0362537	1
116	2.01411618400361	804	116	    -0.16731	    0.345374	    0.963746	   0.0362537	1
116	0.575698544729185	805	116	    -0.16731	    0.345374	    0.963746	   0.0362537	1
116	-0.620727559884109	806	116	    -0.16731	    0.345374	    0.963746	   0.0362537	1
116	1.373867031462	807	116	    -0.16731	    0.345374	    0.963746	   0.0362537	1
116	0.230243034191591	808	116	    -0.16731	    0.345374	    0.963746	   0.0362537	1
116	-0.833884545458757	809	116	    -0.16731	    0.345374	    0.963746	   0.0362537	1
116	0.896584876759426	810	116	    -0.16731	    0.345374	    0.963746	   0.0362537	1
116	-1.30550994439994	811	116	    -0.16731	    0.345374	    0.963746	   0.0362537	1
116	0.753288682910648	812	116	    -0.16731	    0.345374	    0.963746	   0.0362537	1
117	-0.627690359325639	813	117	   -0.976808	    0.457788	    0.447693	    0.552307	2
117	-0.732947775384037	814	117	   -0.976808	    0.457788	    0.447693	    0.552307	2
117	-0.933032778213244	815	117	   -0.976808	    0.457788	    0.447693	    0.552307	2
117	-1.85535459036518	816	117	   -0.976808	    0.457788	    0.447693	    0.552307	2
118	0.812498480891516	817	118	   -0.241077	    0.255642	   0.0984975	    0.901502	2
118	0.121453003741905	818	118	   -0.241077	    0.255642	   0.0984975	    0.901502	2
118	0.981416001714088	819	118	   -0.241077	    0.255642	   0.0984975	    0.901502	2
118	-0.136583225010542	820	118	   -0.241077	    0.255642	   0.0984975	    0.901502	2
118	-0.544282623853984	821	118	   -0.241077	    0.255642	   0.0984975	    0.901502	2
118	0.149422242395674	822	118	   -0.241077	    0.255642	   0.0984975	    0.901502	2
119	1.66343283145988	823	119	    0.325291	    0.374943	    0.999893	 0.000107345	1
119	1.58976934974543	824	119	    0.325291	    0.374943	    0.999893	 0.000107345	1
119	1.40536709854824	825	119	    0.325291	    0.374943	    0.999893	 0.000107345	1
119	-0.0323352969899915	826	119	    0.325291	    0.374943	    0.999893	 0.000107345	1
119	3.7629742514623	827	119	    0.325291	    0.374943	    0.999893	 0.000107345	1
119	0.395025307690395	828	119	    0.325291	    0.374943	    0.999893	 0.000107345	1
119	-0.952019529583247	829	119	    0.325291	    0.374943	    0.999893	 0.000107345	1
119	0.738712937012932	830	119	    0.325291	    0.374943	    0.999893	 0.000107345	1
120	1.92126540763921	831	120	    0.669419	    0.349762	    0.999999	 7.30646e-07	1
120	0.666893256642287	832	120	    0.669419	    0.349762	    0.999999	 7.30646e-07	1
120	2.32279465697665	833	120	    0.669419	    0.349762	    0.999999	 7.30646e-07	1
120	0.885528600160318	834	120	    0.669419	    0.349762	    0.999999	 7.30646e-07	1
120	-0.274306056388907	835	120	    0.669419	    0.349762	    0.999999	 7.30646e-07	1
120	0.273457880226472	836	120	    0.669419	    0.349762	    0.999999	 7.30646e-07	1
120	3.90639158149637	837	120	    0.669419	    0.349762	    0.999999	 7.30646e-07	1
120	3.78960816826655	838	120	    0.669419	    0.349762	    0.999999	 7.30646e-07	1
120	0.0811426574298288	839	120	    0.669419	    0.349762	    0.999999	 7.30646e-07	1
120	2.00194523818168	840	120	    0.669419	    0.349762	    0.999999	 7.30646e-07	1
121	0.701891061021454	841	121	     0.13632	    0.304405	    0.139291	    0.860709	2
121	0.395516363790848	842	121	     0.13632	    0.304405	    0.139291	    0.860709	2
121	1.34399549925775	843	121	     0.13632	    0.304405	    0.139291	    0.860709	2
121	0.405492632511278	844	121	     0.13632	    0.304405	    0.139291	    0.860709	2
122	0.208614512662032	845	122	   -0.575243	    0.328456	    0.356462	    0.643538	2
122	0.462619727151528	846	122	   -0.575243	    0.328456	    0.356462	    0.643538	2
122	-0.846075061725541	847	122	   -0.575243	    0.328456	    0.356462	    0.643538	2
122	-1.41399026677785	848	122	   -0.575243	    0.328456	    0.356462	    0.643538	2
122	-0.428514737690701	849	122	   -0.575243	    0.328456	    0.356462	    0.643538	2
122	0.463211523062503	850	122	   -0.575243	    0.328456	    0.356462	    0.643538	2
123	-0.791807398888611	851	123	  -0.0326436	    0.374949	    0.999964	 3.61028e-05	1
123	-0.654810424595233	852	123	  -0.0326436	    0.374949	    0.999964	 3.61028e-05	1
123	0.336728686082745	853	123	  -0.0326436	    0.374949	    0.999964	 3.61028e-05	1
123	1.10686954411842	854	123	  -0.0326436	    0.374949	    0.999964	 3.61028e-05	1
123	2.97223933138446	855	123	  -0.0326436	    0.374949	    0.999964	 3.61028e-05	1
123	2.11947592157043	856	123	  -0.0326436	    0.374949	    0.999964	 3.61028e-05	1
123	-0.974844729338765	857	123	  -0.0326436	    0.374949	    0.999964	 3.61028e-05	1
123	-0.3394818996586	858	123	  -0.0326436	    0.374949	    0.999964	 3.61028e-05	1
124	1.39105009338262	859	124	    0.508466	    0.349024	    0.989622	   0.0103784	1
124	0.976371063502417	860	124	    0.508466	    0.349024	    0.989622	   0.0103784	1
124	-0.11184150580877	861	124	    0.508466	    0.349024	    0.989622	   0.0103784	1
124	1.0855113671561	862	124	    0.508466	    0.349024	    0.989622	   0.0103784	1
124	1.31763197266144	863	124	    0.508466	    0.349024	    0.989622	   0.0103784	1
124	3.3247531539253	864	124	    0.508466	    0.349024	    0.989622	   0.0103784	1
124	0.0156095144943781	865	124	    0.508466	    0.349024	    0.989622	   0.0103784	1
124	0.406157901332692	866	124	    0.508466	    0.349024	    0.989622	   0.0103784	1
124	2.5287414624655	867	124	    0.508466	    0.349024	    0.989622	   0.0103784	1
124	2.13036268200189	868	124	    0.508466	    0.349024	    0.989622	   0.0103784	1
125	4.05216135920843	869	125	    0.803925	    0.448064	     0.99895	  0.00104997	1
125	0.950673328506215	870	125	    0.803925	    0.448064	     0.99895	  0.00104997	1
125	3.39267678150578	871	125	    0.803925	    0.448064	     0.99895	  0.00104997	1
125	1.26162947386913	872	125	    0.803925	    0.448064	     0.99895	  0.00104997	1
126	-1.76647402938007	873	126	   -0.538791	    0.406512	           1	   2.904e-08	1
126	-2.29031264925422	874	126	   -0.538791	    0.406512	           1	   2.904e-08	1
126	2.87170495890125	875	126	   -0.538791	    0.406512	           1	   2.904e-08	1
126	-2.10012105348379	876	126	   -0.538791	    0.406512	           1	   2.904e-08	1
126	-0.20831572869097	877	126	   -0.538791	    0.406512	           1	   2.904e-08	1
126	0.509460257903184	878	126	   -0.538791	    0.406512	           1	   2.904e-08	1
127	1.80461928809557	879	127	    0.867846	    0.234187	   0.0748843	    0.925116	2
127	2.77879578743328	880	127	    0.867846	    0.234187	   0.0748843	    0.925116	2
127	0.813443324359983	881	127	    0.867846	    0.234187	   0.0748843	    0.925116	2
127	1.59277072561906	882	127	    0.867846	    0.234187	   0.0748843	    0.925116	2
127	1.1746386509595	883	127	    0.867846	    0.234187	   0.0748843	    0.925116	2
127	1.36605046334815	884	127	    0.867846	    0.234187	   0.0748843	    0.925116	2
127	1.65367056200124	885	127	    0.867846	    0.234187	   0.0748843	    0.925116	2
127	1.10981725571056	886	127	    0.867846	    0.234187	   0.0748843	    0.925116	2
128	-0.329073758142007	887	128	  0.00479259	    0.222062	    0.171133	    0.828867	2
128	1.17100371840973	888	128	  0.00479259	    0.222062	    0.171133	    0.828867	2
128	0.114632645510208	889	128	  0.00479259	    0.222062	    0.171133	    0.828867	2
128	0.659149541945368	890	128	  0.00479259	    0.222062	    0.171133	    0.828867	2
128	-0.0461217115799676	891	128	  0.00479259	    0.222062	    0.171133	    0.828867	2
128	0.81355306539475	892	128	  0.00479259	    0.222062	    0.171133	    0.828867	2
128	1.27187227575215	893	128	  0.00479259	    0.222062	    0.171133	    0.828867	2
128	-0.803405449298632	894	128	  0.00479259	    0.222062	    0.171133	    0.828867	2
128	0.914613784363505	895	128	  0.00479259	    0.222062	    0.171133	    0.828867	2
128	1.55437832616883	896	128	  0.00479259	    0.222062	    0.171133	    0.828867	2
129	1.77667873572132	897	129	   -0.421671	    0.447671	    0.995607	  0.00439289	1
129	-1.28962514094761	898	129	   -0.421671	    0.447671	    0.995607	  0.00439289	1
129	-0.757220028628302	899	129	   -0.421671	    0.447671	    0.995607	  0.00439289	1
129	-1.57347426139871	900	129	   -0.421671	    0.447671	    0.995607	  0.00439289	1
130	-1.83876488896236	901	130	   -0.662042	    0.406518	    0.999905	 9.52085e-05	1
130	-0.0281715114796284	902	130	   -0.662042	    0.406518	    0.999905	 9.52085e-05	1
130	0.0661562043173577	903	130	   -0.662042	    0.406518	    0.999905	 9.52085e-05	1
130	1.64417750836091	904	130	   -0.662042	    0.406518	    0.999905	 9.52085e-05	1
130	-1.91982245258797	905	130	   -0.662042	    0.406518	    0.999905	 9.52085e-05	1
130	-2.31241067755203	906	130	   -0.662042	    0.406518	    0.999905	 9.52085e-05	1
131	0.16709178050762	907	131	   -0.450927	    0.239039	    0.129403	    0.870597	2
131	0.660980686406061	908	131	   -0.450927	    0.239039	    0.129403	    0.870597	2
131	-0.372180177445227	909	131	   -0.450927	    0.239039	    0.129403	    0.870597	2
131	-0.188458720963183	910	131	   -0.450927	    0.239039	    0.129403	    0.870597	2
131	-0.65359252151645	911	131	   -0.450927	    0.239039	    0.129403	    0.870597	2
131	-0.439708644151051	912	131	   -0.450927	    0.239039	    0.129403	    0.870597	2
131	-0.570499240557055	913	131	   -0.450927	    0.239039	    0.129403	    0.870597	2
131	1.33197293279494	914	131	   -0.450927	    0.239039	    0.129403	    0.870597	2
132	0.552826521676153	915	132	   -0.702232	    0.211112	   0.0824846	    0.917515	2
132	-0.189944392291499	916	132	   -0.702232	    0.211112	   0.0824846	    0.917515	2
132	0.274630292891632	917	132	   -0.702232	    0.211112	   0.0824846	    0.917515	2
132	0.220549601235891	918	132	   -0.702232	    0.211112	   0.0824846	    0.917515	2
132	-0.182434850418616	919	132	   -0.702232	    0.211112	   0.0824846	    0.917515	2
132	-1.75525010783165	920	132	   -0.702232	    0.211112	   0.0824846	    0.917515	2
132	-0.638785443263615	921	132	   -0.702232	    0.211112	   0.0824846	    0.917515	2
132	-0.819558118076897	922	132	   -0.702232	    0.211112	   0.0824846	    0.917515	2
132	0.319321573343484	923	132	   -0.702232	    0.211112	   0.0824846	    0.917515	2
132	-0.487202817219414	924	132	   -0.702232	    0.211112	   0.0824846	    0.917515	2
133	1.42603433938407	925	133	    0.530443	    0.325886	    0.172103	    0.827897	2
133	1.79483944793943	926	133	    0.530443	    0.325886	    0.172103	    0.827897	2
133	0.800601680466136	927	133	    0.530443	    0.325886	    0.172103	    0.827897	2
133	1.01483625187753	928	133	    0.530443	    0.325886	    0.172103	    0.827897	2
134	-0.869283812026977	929	134	   -0.298337	    0.292191	    0.258075	    0.741925	2
134	0.150115544463061	930	134	   -0.298337	    0.292191	    0.258075	    0.741925	2
134	-0.133215441436016	931	134	   -0.298337	    0.292191	    0.258075	    0.741925	2
134	0.208102814845255	932	134	   -0.298337	    0.292191	    0.258075	    0.741925	2
134	0.0461029102113455	933	134	   -0.298337	    0.292191	    0.258075	    0.741925	2
134	1.41356931225899	934	134	   -0.298337	    0.292191	    0.258075	    0.741925	2
135	0.267223692214837	935	135	    0.199353	    0.235158	    0.131727	    0.868273	2
135	1.61525942886875	936	135	    0.199353	    0.235158	    0.131727	    0.868273	2
135	1.74561124391173	937	135	    0.199353	    0.235158	    0.131727	    0.868273	2
135	-0.0551130320596727	938	135	    0.199353	    0.235158	    0.131727	    0.868273	2
135	1.06355374339453	939	135	    0.199353	    0.235158	    0.131727	    0.868273	2
135	0.403138323264143	940	135	    0.199353	    0.235158	    0.131727	    0.868273	2
135	0.0157342370091533	941	135	    0.199353	    0.235158	    0.131727	    0.868273	2
135	1.0483962182817	942	135	    0.199353	    0.235158	    0.131727	    0.868273	2
136	0.618720737681644	943	136	    0.366897	    0.349762	    0.999999	 1.05707e-06	1
136	0.60967173515589	944	136	    0.366897	    0.349762	    0.999999	 1.05707e-06	1
136	0.328918710215062	945	136	    0.366897	    0.349762	    0.999999	 1.05707e-06	1
136	4.15500177248877	946	136	    0.366897	    0.349762	    0.999999	 1.05707e-06	1
136	-1.04162207675348	947	136	    0.366897	    0.349762	    0.999999	 1.05707e-06	1
136	1.81727864771779	948	136	    0.366897	    0.349762	    0.999999	 1.05707e-06	1
136	0.477366751870722	949	136	    0.366897	    0.349762	    0.999999	 1.05707e-06	1
136	0.0666709241464974	950	136	    0.366897	    0.349762	    0.999999	 1.05707e-06	1
136	2.77123249760549	951	136	    0.366897	    0.349762	    0.999999	 1.05707e-06	1
136	1.11224415762342	952	136	    0.366897	    0.349762	    0.999999	 1.05707e-06	1
137	2.89168272498815	953	137	    0.327671	    0.447668	    0.999974	 2.55177e-05	1
137	1.37936337514565	954	137	    0.327671	    0.447668	    0.999974	 2.55177e-05	1
137	2.47598389988355	955	137	    0.327671	    0.447668	    0.999974	 2.55177e-05	1
137	-1.56064008095253	956	137	    0.327671	    0.447668	    0.999974	 2.55177e-05	1
138	-2.05821731046879	957	138	    -0.10363	     0.40638	    0.999001	 0.000998608	1
138	1.05117491789744	958	138	    -0.10363	     0.40638	    0.999001	 0.000998608	1
138	0.172840357509871	959	138	    -0.10363	     0.40638	    0.999001	 0.000998608	1
138	0.00322044750788525	960	138	    -0.10363	     0.40638	    0.999001	 0.000998608	1
138	0.486360542305456	961	138	    -0.10363	     0.40638	    0.999001	 0.000998608	1
138	2.3226932638424	962	138	    -0.10363	     0.40638	    0.999001	 0.000998608	1
139	0.134135833651742	963	139	   -0.927317	    0.230776	   0.0618314	    0.938169	2
139	-0.710480559159604	964	139	   -0.927317	    0.230776	   0.0618314	    0.938169	2
139	-0.358443481218397	965	139	   -0.927317	    0.230776	   0.0618314	    0.938169	2
139	-0.118715034999804	966	139	   -0.927317	    0.230776	   0.0618314	    0.938169	2
139	-0.169011899657883	967	139	   -0.927317	    0.230776	   0.0618314	    0.938169	2
139	-0.641991442020525	968	139	   -0.927317	    0.230776	   0.0618314	    0.938169	2
139	-0.832441326435791	969	139	   -0.927317	    0.230776	   0.0618314	    0.938169	2
139	-1.69002399029637	970	139	   -0.927317	    0.230776	   0.0618314	    0.938169	2
140	0.680235987105421	971	140	   -0.462455	    0.203886	   0.0703066	    0.929693	2
140	-0.281946991957559	972	140	   -0.462455	    0.203886	   0.0703066	    0.929693	2
140	0.497854207180132	973	140	   -0.462455	    0.203886	   0.0703066	    0.929693	2
140	-0.720071602428146	974	140	   -0.462455	    0.203886	   0.0703066	    0.929693	2
140	-0.860522694962155	975	140	   -0.462455	    0.203886	   0.0703066	    0.929693	2
140	0.643135739147761	976	140	   -0.462455	    0.203886	   0.0703066	    0.929693	2
140	1.0530295830301	977	140	   -0.462455	    0.203886	   0.0703066	    0.929693	2
140	-0.757563383080711	978	140	   -0.462455	    0.203886	   0.0703066	    0.929693	2
140	0.0592106274107427	979	140	   -0.462455	    0.203886	   0.0703066	    0.929693	2
140	-0.279378311710837	980	140	   -0.462455	    0.203886	   0.0703066	    0.929693	2
141	1.75406870562129	981	141	   0.0281812	    0.447593	    0.999458	 0.000541687	1
141	0.379515547656018	982	141	   0.0281812	    0.447593	    0.999458	 0.000541687	1
141	-1.83668268261947	983	141	   0.0281812	    0.447593	    0.999458	 0.000541687	1
141	2.07383183972074	984	141	   0.0281812	    0.447593	    0.999458	 0.000541687	1
142	2.26553185871877	985	142	    0.600068	    0.304548	    0.246639	    0.753361	2
142	1.22063660013358	986	142	    0.600068	    0.304548	    0.246639	    0.753361	2
142	1.76801259453604	987	142	    0.600068	    0.304548	    0.246639	    0.753361	2
142	0.713163881895428	988	142	    0.600068	    0.304548	    0.246639	    0.753361	2
142	0.344641517129042	989	142	    0.600068	    0.304548	    0.246639	    0.753361	2
142	1.53800384810559	990	142	    0.600068	    0.304548	    0.246639	    0.753361	2
143	-0.778165440266537	991	143	    -1.24071	    0.403924	     0.86339	     0.13661	1
143	-2.71617247603174	992	143	    -1.24071	    0.403924	     0.86339	     0.13661	1
143	-0.802404049114552	993	143	    -1.24071	    0.403924	     0.86339	     0.13661	1
143	-2.21724153433773	994	143	    -1.24071	    0.403924	     0.86339	     0.13661	1
143	0.053383471341886	995	143	    -1.24071	    0.403924	     0.86339	     0.13661	1
143	-1.84296119241284	996	143	    -1.24071	    0.403924	     0.86339	     0.13661	1
143	-1.36125378138013	997	143	    -1.24071	    0.403924	     0.86339	     0.13661	1
143	-1.73817873102071	998	143	    -1.24071	    0.403924	     0.86339	     0.13661	1
144	-0.513021236500145	999	144	   -0.246946	    0.204458	   0.0816426	    0.918357	2
144	0.536406311502092	1000	144	   -0.246946	    0.204458	   0.0816426	    0.918357	2
144	0.878553940162917	1001	144	   -0.246946	    0.204458	   0.0816426	    0.918357	2
144	-0.732671024480915	1002	144	   -0.246946	    0.204458	   0.0816426	    0.918357	2
144	0.533587903892239	1003	144	   -0.246946	    0.204458	   0.0816426	    0.918357	2
144	-0.150475986881216	1004	144	   -0.246946	    0.204458	   0.0816426	    0.918357	2
144	0.76874038943066	1005	144	   -0.246946	    0.204458	   0.0816426	    0.918357	2
144	1.47935027421164	1006	144	   -0.246946	    0.204458	   0.0816426	    0.918357	2
144	-0.328293199946398	1007	144	   -0.246946	    0.204458	   0.0816426	    0.918357	2
144	-0.00965799595630285	1008	144	   -0.246946	    0.204458	   0.0816426	    0.918357	2
145	1.54879692796143	1009	145	    0.671588	    0.433979	    0.565895	    0.434105	1
145	2.35641119331282	1010	145	    0.671588	    0.433979	    0.565895	    0.434105	1
145	0.596581451829526	1011	145	    0.671588	    0.433979	    0.565895	    0.434105	1
145	2.21958183385397	1012	145	    0.671588	    0.433979	    0.565895	    0.434105	1
146	1.61554205570302	1013	146	    0.257949	     0.24952	    0.071933	    0.928067	2
146	0.204518978171658	1014	146	    0.257949	     0.24952	    0.071933	    0.928067	2
146	1.02278644668736	1015	146	    0.257949	     0.24952	    0.071933	    0.928067	2
146	1.03238809602057	1016	146	    0.257949	     0.24952	    0.071933	    0.928067	2
146	0.341010553273251	1017	146	    0.257949	     0.24952	    0.071933	    0.928067	2
146	0.822181119722919	1018	146	    0.257949	     0.24952	    0.071933	    0.928067	2
147	0.0284040127002083	1019	147	   -0.604133	    0.245833	    0.138782	    0.861218	2
147	0.215175279755831	1020	147	   -0.604133	    0.245833	    0.138782	    0.861218	2
147	-1.49310118475822	1021	147	   -0.604133	    0.245833	    0.138782	    0.861218	2
147	0.0213637610198024	1022	147	   -0.604133	    0.245833	    0.138782	    0.861218	2
147	0.150814050072837	1023	147	   -0.604133	    0.245833	    0.138782	    0.861218	2
147	0.283844544233276	1024	147	   -0.604133	    0.245833	    0.138782	    0.861218	2
147	0.331062213533822	1025	147	   -0.604133	    0.245833	    0.138782	    0.861218	2
147	-1.07294075181153	1026	147	   -0.604133	    0.245833	    0.138782	    0.861218	2
148	3.5213405281347	1027	148	     0.37306	    0.349762	    0.999998	 1.53115e-06	1
148	2.1017454677803	1028	148	     0.37306	    0.349762	    0.999998	 1.53115e-06	1
148	1.06981591292088	1029	148	     0.37306	    0.349762	    0.999998	 1.53115e-06	1
148	-0.117256032884393	1030	148	     0.37306	    0.349762	    0.999998	 1.53115e-06	1
148	0.448545849087941	1031	148	     0.37306	    0.349762	    0.999998	 1.53115e-06	1
148	1.99635194247833	1032	148	     0.37306	    0.349762	    0.999998	 1.53115e-06	1
148	1.98834183152776	1033	148	     0.37306	    0.349762	    0.999998	 1.53115e-06	1
148	0.479931178656004	1034	148	     0.37306	    0.349762	    0.999998	 1.53115e-06	1
148	1.35062876251979	1035	148	     0.37306	    0.349762	    0.999998	 1.53115e-06	1
148	-1.8290428707077	1036	148	     0.37306	    0.349762	    0.999998	 1.53115e-06	1
149	0.732845019843182	1037	149	    0.165166	    0.447426	    0.997955	  0.00204506	1
149	2.95128137692935	1038	149	    0.165166	    0.447426	    0.997955	  0.00204506	1
149	1.04607926808211	1039	149	    0.165166	    0.447426	    0.997955	  0.00204506	1
149	-1.07419729184337	1040	149	    0.165166	    0.447426	    0.997955	  0.00204506	1
150	-2.09919426037768	1041	150	   0.0745837	    0.406465	    0.999648	   0.0003519	1
150	1.60974163266336	1042	150	   0.0745837	    0.406465	    0.999648	   0.0003519	1
150	0.602771041665414	1043	150	   0.0745837	    0.406465	    0.999648	   0.0003519	1
150	1.06987736301806	1044	150	   0.0745837	    0.406465	    0.999648	   0.0003519	1
150	2.28785967197408	1045	150	   0.0745837	    0.406465	    0.999648	   0.0003519	1
150	0.537986177047588	1046	150	   0.0745837	    0.406465	    0.999648	   0.0003519	1
