g	c1	c2	c3	c4	id	g	GClass#1	GClass#2	GClass#	Cluster#1	Cluster#2	Cluster#	joint2_1_1	joint2_1_2	joint2_2_1	joint2_2_2
1	1	3	2	2	1	1	   0.0180888	    0.981911	2	    0.987116	   0.0128842	1	    0.873575	    0.126425	    0.989207	   0.0107926
1	1	2	3	1	2	1	   0.0180888	    0.981911	2	    0.954804	   0.0451956	1	      0.6469	      0.3531	    0.960477	   0.0395234
1	2	2	1	3	3	1	   0.0180888	    0.981911	2	    0.796168	    0.203832	1	    0.239012	    0.760988	    0.806432	    0.193568
1	1	3	1	2	4	1	   0.0180888	    0.981911	2	    0.998845	  0.00115527	1	    0.987574	   0.0124257	    0.999052	  0.00094765
1	1	3	1	1	5	1	   0.0180888	    0.981911	2	    0.999927	 7.32775e-05	1	    0.999205	 0.000795039	     0.99994	 5.99812e-05
1	1	3	1	1	6	1	   0.0180888	    0.981911	2	    0.999927	 7.32775e-05	1	    0.999205	 0.000795039	     0.99994	 5.99812e-05
1	3	2	3	3	7	1	   0.0180888	    0.981911	2	   0.0152041	    0.984796	2	   0.0011826	    0.998817	   0.0154624	    0.984538
1	2	2	3	1	8	1	   0.0180888	    0.981911	2	    0.750269	    0.249731	1	    0.193177	    0.806823	    0.760532	    0.239468
2	2	2	1	1	9	2	    0.146767	    0.853233	2	    0.981426	   0.0185741	1	    0.914259	   0.0857411	     0.99298	  0.00702049
2	3	1	3	2	10	2	    0.146767	    0.853233	2	  0.00948586	    0.990514	2	 0.000835783	    0.999164	   0.0109738	    0.989026
2	1	3	3	1	11	2	    0.146767	    0.853233	2	    0.992704	  0.00729606	1	    0.965777	   0.0342227	    0.997336	  0.00266432
2	3	2	3	3	12	2	    0.146767	    0.853233	2	   0.0133666	    0.986633	2	   0.0011826	    0.998817	   0.0154624	    0.984538
2	1	3	1	1	13	2	    0.146767	    0.853233	2	    0.999832	 0.000167864	1	    0.999205	 0.000795039	     0.99994	 5.99812e-05
2	2	3	1	2	14	2	    0.146767	    0.853233	2	    0.980963	   0.0190374	1	    0.912179	   0.0878205	    0.992794	  0.00720581
2	3	1	2	3	15	2	    0.146767	    0.853233	2	   0.0169596	     0.98304	2	  0.00150628	    0.998494	   0.0196177	    0.980382
2	1	2	1	1	16	2	    0.146767	    0.853233	2	    0.997435	  0.00256468	1	    0.987892	   0.0121078	    0.999077	  0.00092313
3	3	3	2	2	17	3	    0.998381	  0.00161923	1	    0.132516	    0.867484	2	    0.131648	    0.868352	    0.667884	    0.332116
3	3	1	3	3	18	3	    0.998381	  0.00161923	1	 0.000397159	    0.999603	2	 0.000389465	    0.999611	  0.00514151	    0.994858
3	3	2	2	2	19	3	    0.998381	  0.00161923	1	  0.00991756	    0.990082	2	  0.00974636	    0.990254	    0.115478	    0.884522
3	2	1	1	3	20	3	    0.998381	  0.00161923	1	   0.0944571	    0.905543	2	   0.0936725	    0.906328	    0.578227	    0.421773
3	3	2	2	2	21	3	    0.998381	  0.00161923	1	  0.00991756	    0.990082	2	  0.00974636	    0.990254	    0.115478	    0.884522
3	1	3	1	2	22	3	    0.998381	  0.00161923	1	    0.987593	   0.0124071	1	    0.987574	   0.0124257	    0.999052	  0.00094765
3	3	2	3	3	23	3	    0.998381	  0.00161923	1	  0.00120572	    0.998794	2	   0.0011826	    0.998817	   0.0154624	    0.984538
3	2	1	3	3	24	3	    0.998381	  0.00161923	1	  0.00235996	     0.99764	2	  0.00231535	    0.997685	    0.029864	    0.970136
4	1	3	3	2	25	4	     0.82152	     0.17848	1	    0.697745	    0.302255	1	    0.640884	    0.359116	    0.959468	   0.0405316
4	2	2	3	3	26	4	     0.82152	     0.17848	1	   0.0210212	    0.978979	2	  0.00700305	    0.992997	   0.0855449	    0.914455
4	3	1	3	3	27	4	     0.82152	     0.17848	1	  0.00123761	    0.998762	2	 0.000389465	    0.999611	  0.00514151	    0.994858
4	1	3	1	1	28	4	     0.82152	     0.17848	1	    0.999336	 0.000663846	1	    0.999205	 0.000795039	     0.99994	 5.99812e-05
4	2	3	2	2	29	4	     0.82152	     0.17848	1	    0.554559	    0.445441	1	    0.474524	    0.525476	    0.922949	   0.0770513
4	2	3	1	1	30	4	     0.82152	     0.17848	1	    0.994947	  0.00505329	1	    0.993949	  0.00605148	    0.999541	 0.000458781
4	3	1	3	3	31	4	     0.82152	     0.17848	1	  0.00123761	    0.998762	2	 0.000389465	    0.999611	  0.00514151	    0.994858
4	3	2	2	2	32	4	     0.82152	     0.17848	1	   0.0286172	    0.971383	2	  0.00974636	    0.990254	    0.115478	    0.884522
5	3	2	2	2	33	5	    0.951152	    0.048848	1	   0.0149111	    0.985089	2	  0.00974636	    0.990254	    0.115478	    0.884522
5	2	3	2	2	34	5	    0.951152	    0.048848	1	    0.496429	    0.503571	2	    0.474524	    0.525476	    0.922949	   0.0770513
5	1	3	1	1	35	5	    0.951152	    0.048848	1	    0.999241	 0.000759133	1	    0.999205	 0.000795039	     0.99994	 5.99812e-05
5	1	3	1	1	36	5	    0.951152	    0.048848	1	    0.999241	 0.000759133	1	    0.999205	 0.000795039	     0.99994	 5.99812e-05
5	3	1	3	1	37	5	    0.951152	    0.048848	1	   0.0197084	    0.980292	2	   0.0130547	    0.986945	    0.149266	    0.850734
5	3	3	2	3	38	5	    0.951152	    0.048848	1	   0.0863613	    0.913639	2	   0.0659577	    0.934042	    0.483653	    0.516347
5	3	2	3	2	39	5	    0.951152	    0.048848	1	  0.00400502	    0.995995	2	  0.00253553	    0.997464	   0.0326184	    0.967382
5	3	2	2	3	40	5	    0.951152	    0.048848	1	  0.00714064	    0.992859	2	  0.00456342	    0.995437	   0.0573234	    0.942677
6	3	1	2	2	41	6	    0.995808	  0.00419186	1	  0.00338745	    0.996613	2	  0.00322832	    0.996772	   0.0411913	    0.958809
6	2	2	2	2	42	6	    0.995808	  0.00419186	1	     0.05698	     0.94302	2	   0.0553784	    0.944622	    0.437454	    0.562546
6	3	1	3	3	43	6	    0.995808	  0.00419186	1	 0.000409384	    0.999591	2	 0.000389465	    0.999611	  0.00514151	    0.994858
6	2	3	1	1	44	6	    0.995808	  0.00419186	1	    0.993972	  0.00602803	1	    0.993949	  0.00605148	    0.999541	 0.000458781
6	2	1	1	1	45	6	    0.995808	  0.00419186	1	    0.779055	    0.220945	1	    0.778214	    0.221786	    0.978967	   0.0210335
6	3	1	3	3	46	6	    0.995808	  0.00419186	1	 0.000409384	    0.999591	2	 0.000389465	    0.999611	  0.00514151	    0.994858
6	3	1	3	2	47	6	    0.995808	  0.00419186	1	  0.00087828	    0.999122	2	 0.000835783	    0.999164	   0.0109738	    0.989026
6	3	2	3	3	48	6	    0.995808	  0.00419186	1	  0.00124246	    0.998758	2	   0.0011826	    0.998817	   0.0154624	    0.984538
7	1	1	2	2	49	7	    0.997392	  0.00260792	1	    0.130018	    0.869982	2	    0.128628	    0.871372	    0.661939	    0.338061
7	3	2	3	3	50	7	    0.997392	  0.00260792	1	  0.00121984	     0.99878	2	   0.0011826	    0.998817	   0.0154624	    0.984538
7	2	1	2	3	51	7	    0.997392	  0.00260792	1	   0.0091601	     0.99084	2	  0.00890559	    0.991094	    0.106497	    0.893503
7	1	1	2	1	52	7	    0.997392	  0.00260792	1	    0.700784	    0.299216	1	    0.700083	    0.299917	    0.968714	   0.0312863
7	3	1	3	1	53	7	    0.997392	  0.00260792	1	     0.01341	     0.98659	2	   0.0130547	    0.986945	    0.149266	    0.850734
7	3	1	3	3	54	7	    0.997392	  0.00260792	1	 0.000401857	    0.999598	2	 0.000389465	    0.999611	  0.00514151	    0.994858
7	3	1	2	2	55	7	    0.997392	  0.00260792	1	  0.00332732	    0.996673	2	  0.00322832	    0.996772	   0.0411913	    0.958809
7	2	3	2	3	56	7	    0.997392	  0.00260792	1	    0.297519	    0.702481	2	     0.29608	     0.70392	    0.848008	    0.151992
8	1	1	1	1	57	8	      0.1485	      0.8515	2	    0.992283	  0.00771653	1	    0.964092	   0.0359079	      0.9972	  0.00280002
8	2	3	1	2	58	8	      0.1485	      0.8515	2	    0.980823	   0.0191771	1	    0.912179	   0.0878205	    0.992794	  0.00720581
8	3	2	3	2	59	8	      0.1485	      0.8515	2	   0.0281511	    0.971849	2	  0.00253553	    0.997464	   0.0326184	    0.967382
8	3	3	3	3	60	8	      0.1485	      0.8515	2	    0.168527	    0.831473	2	   0.0179112	    0.982089	    0.194794	    0.805206
8	1	3	1	1	61	8	      0.1485	      0.8515	2	    0.999831	 0.000169137	1	    0.999205	 0.000795039	     0.99994	 5.99812e-05
8	1	2	3	1	62	8	      0.1485	      0.8515	2	    0.913911	   0.0860893	1	      0.6469	      0.3531	    0.960477	   0.0395234
8	1	3	1	1	63	8	      0.1485	      0.8515	2	    0.999831	 0.000169137	1	    0.999205	 0.000795039	     0.99994	 5.99812e-05
8	2	1	2	3	64	8	      0.1485	      0.8515	2	   0.0920045	    0.907996	2	  0.00890559	    0.991094	    0.106497	    0.893503
9	2	2	2	3	65	9	    0.999595	 0.000404812	1	   0.0266774	    0.973323	2	   0.0265805	    0.973419	    0.265897	    0.734103
9	3	1	3	3	66	9	    0.999595	 0.000404812	1	 0.000391388	    0.999609	2	 0.000389465	    0.999611	  0.00514151	    0.994858
9	3	1	3	1	67	9	    0.999595	 0.000404812	1	   0.0131099	     0.98689	2	   0.0130547	    0.986945	    0.149266	    0.850734
9	1	1	1	1	68	9	    0.999595	 0.000404812	1	    0.964105	   0.0358945	1	    0.964092	   0.0359079	      0.9972	  0.00280002
9	3	2	3	2	69	9	    0.999595	 0.000404812	1	  0.00254771	    0.997452	2	  0.00253553	    0.997464	   0.0326184	    0.967382
9	3	1	3	3	70	9	    0.999595	 0.000404812	1	 0.000391388	    0.999609	2	 0.000389465	    0.999611	  0.00514151	    0.994858
9	3	2	3	3	71	9	    0.999595	 0.000404812	1	  0.00118838	    0.998812	2	   0.0011826	    0.998817	   0.0154624	    0.984538
9	3	1	3	1	72	9	    0.999595	 0.000404812	1	   0.0131099	     0.98689	2	   0.0130547	    0.986945	    0.149266	    0.850734
10	1	3	2	1	73	10	    0.998275	  0.00172452	1	    0.990946	  0.00905449	1	    0.990931	  0.00906894	    0.999311	 0.000689479
10	3	1	3	2	74	10	    0.998275	  0.00172452	1	 0.000853266	    0.999147	2	 0.000835783	    0.999164	   0.0109738	    0.989026
10	3	2	1	2	75	10	    0.998275	  0.00172452	1	    0.102555	    0.897445	2	    0.101695	    0.898305	    0.600263	    0.399737
10	3	1	2	3	76	10	    0.998275	  0.00172452	1	  0.00153752	    0.998462	2	  0.00150628	    0.998494	   0.0196177	    0.980382
10	3	1	3	3	77	10	    0.998275	  0.00172452	1	  0.00039766	    0.999602	2	 0.000389465	    0.999611	  0.00514151	    0.994858
10	3	1	2	2	78	10	    0.998275	  0.00172452	1	  0.00329379	    0.996706	2	  0.00322832	    0.996772	   0.0411913	    0.958809
10	2	3	3	3	79	10	    0.998275	  0.00172452	1	   0.0988372	    0.901163	2	   0.0979882	    0.902012	    0.590326	    0.409674
10	3	2	3	1	80	10	    0.998275	  0.00172452	1	   0.0391765	    0.960824	2	   0.0386434	    0.961357	    0.347766	    0.652234
11	1	1	1	1	81	11	    0.126004	    0.873996	2	    0.993028	  0.00697175	1	    0.964092	   0.0359079	      0.9972	  0.00280002
11	1	3	3	2	82	11	    0.126004	    0.873996	2	    0.919325	   0.0806745	1	    0.640884	    0.359116	    0.959468	   0.0405316
11	3	1	1	3	83	11	    0.126004	    0.873996	2	    0.165673	    0.834327	2	   0.0170557	    0.982944	    0.187099	    0.812901
11	1	3	1	1	84	11	    0.126004	    0.873996	2	    0.999847	 0.000152601	1	    0.999205	 0.000795039	     0.99994	 5.99812e-05
11	3	3	3	3	85	11	    0.126004	    0.873996	2	    0.172506	    0.827494	2	   0.0179112	    0.982089	    0.194794	    0.805206
11	1	3	1	1	86	11	    0.126004	    0.873996	2	    0.999847	 0.000152601	1	    0.999205	 0.000795039	     0.99994	 5.99812e-05
11	2	1	3	2	87	11	    0.126004	    0.873996	2	   0.0548062	    0.945194	2	  0.00495775	    0.995042	   0.0619929	    0.938007
11	1	3	1	1	88	11	    0.126004	    0.873996	2	    0.999847	 0.000152601	1	    0.999205	 0.000795039	     0.99994	 5.99812e-05
12	1	3	1	1	89	12	    0.999226	 0.000773541	1	    0.999206	 0.000794471	1	    0.999205	 0.000795039	     0.99994	 5.99812e-05
12	3	1	2	2	90	12	    0.999226	 0.000773541	1	  0.00325768	    0.996742	2	  0.00322832	    0.996772	   0.0411913	    0.958809
12	3	1	3	3	91	12	    0.999226	 0.000773541	1	  0.00039314	    0.999607	2	 0.000389465	    0.999611	  0.00514151	    0.994858
12	2	2	3	3	92	12	    0.999226	 0.000773541	1	   0.0070638	    0.992936	2	  0.00700305	    0.992997	   0.0855449	    0.914455
12	2	2	2	2	93	12	    0.999226	 0.000773541	1	    0.055674	    0.944326	2	   0.0553784	    0.944622	    0.437454	    0.562546
12	2	1	2	2	94	12	    0.999226	 0.000773541	1	   0.0190694	    0.980931	2	   0.0189264	    0.981074	    0.203754	    0.796246
12	3	2	3	2	95	12	    0.999226	 0.000773541	1	   0.0025588	    0.997441	2	  0.00253553	    0.997464	   0.0326184	    0.967382
12	3	1	1	2	96	12	    0.999226	 0.000773541	1	    0.036143	    0.963857	2	   0.0359149	    0.964085	     0.33072	     0.66928
13	3	2	3	3	97	13	    0.996292	  0.00370839	1	  0.00123556	    0.998764	2	   0.0011826	    0.998817	   0.0154624	    0.984538
13	3	1	2	3	98	13	    0.996292	  0.00370839	1	  0.00157345	    0.998427	2	  0.00150628	    0.998494	   0.0196177	    0.980382
13	3	2	2	3	99	13	    0.996292	  0.00370839	1	  0.00475907	    0.995241	2	  0.00456342	    0.995437	   0.0573234	    0.942677
13	1	3	1	1	100	13	    0.996292	  0.00370839	1	    0.999208	 0.000792313	1	    0.999205	 0.000795039	     0.99994	 5.99812e-05
13	3	2	3	2	101	13	    0.996292	  0.00370839	1	  0.00264709	    0.997353	2	  0.00253553	    0.997464	   0.0326184	    0.967382
13	1	1	3	3	102	13	    0.996292	  0.00370839	1	   0.0180902	     0.98191	2	   0.0174479	    0.982552	    0.190643	    0.809357
13	2	2	1	1	103	13	    0.996292	  0.00370839	1	    0.914551	   0.0854492	1	    0.914259	   0.0857411	     0.99298	  0.00702049
13	3	1	3	3	104	13	    0.996292	  0.00370839	1	 0.000407087	    0.999593	2	 0.000389465	    0.999611	  0.00514151	    0.994858
14	1	3	1	2	105	14	 7.95714e-05	     0.99992	2	    0.999051	 0.000948564	1	    0.987574	   0.0124257	    0.999052	  0.00094765
14	1	1	1	1	106	14	 7.95714e-05	     0.99992	2	    0.997197	  0.00280266	1	    0.964092	   0.0359079	      0.9972	  0.00280002
14	1	3	2	1	107	14	 7.95714e-05	     0.99992	2	     0.99931	 0.000690146	1	    0.990931	  0.00906894	    0.999311	 0.000689479
14	1	2	1	2	108	14	 7.95714e-05	     0.99992	2	    0.985588	   0.0144124	1	    0.837655	    0.162345	    0.985599	   0.0144007
14	1	3	1	1	109	14	 7.95714e-05	     0.99992	2	     0.99994	 6.00397e-05	1	    0.999205	 0.000795039	     0.99994	 5.99812e-05
14	1	3	2	1	110	14	 7.95714e-05	     0.99992	2	     0.99931	 0.000690146	1	    0.990931	  0.00906894	    0.999311	 0.000689479
14	1	3	2	1	111	14	 7.95714e-05	     0.99992	2	     0.99931	 0.000690146	1	    0.990931	  0.00906894	    0.999311	 0.000689479
14	1	2	1	1	112	14	 7.95714e-05	     0.99992	2	    0.999076	  0.00092402	1	    0.987892	   0.0121078	    0.999077	  0.00092313
15	3	1	3	3	113	15	     0.97891	   0.0210897	1	 0.000489684	     0.99951	2	 0.000389465	    0.999611	  0.00514151	    0.994858
15	2	2	2	3	114	15	     0.97891	   0.0210897	1	   0.0316276	    0.968372	2	   0.0265805	    0.973419	    0.265897	    0.734103
15	1	3	1	3	115	15	     0.97891	   0.0210897	1	    0.974209	   0.0257906	1	    0.973698	   0.0263024	    0.997968	  0.00203234
15	3	1	1	1	116	15	     0.97891	   0.0210897	1	    0.381586	    0.618414	2	    0.370707	    0.629293	    0.886543	    0.113457
15	3	2	3	2	117	15	     0.97891	   0.0210897	1	  0.00316997	     0.99683	2	  0.00253553	    0.997464	   0.0326184	    0.967382
15	3	1	3	3	118	15	     0.97891	   0.0210897	1	 0.000489684	     0.99951	2	 0.000389465	    0.999611	  0.00514151	    0.994858
15	3	1	3	2	119	15	     0.97891	   0.0210897	1	  0.00104959	     0.99895	2	 0.000835783	    0.999164	   0.0109738	    0.989026
15	1	3	3	1	120	15	     0.97891	   0.0210897	1	    0.966443	   0.0335571	1	    0.965777	   0.0342227	    0.997336	  0.00266432
16	3	3	1	2	121	16	   0.0400915	    0.959909	2	    0.945609	   0.0543911	1	    0.635543	    0.364457	    0.958559	   0.0414409
16	1	2	1	1	122	16	   0.0400915	    0.959909	2	    0.998628	  0.00137154	1	    0.987892	   0.0121078	    0.999077	  0.00092313
16	1	3	1	1	123	16	   0.0400915	    0.959909	2	    0.999911	 8.94508e-05	1	    0.999205	 0.000795039	     0.99994	 5.99812e-05
16	3	1	3	2	124	16	   0.0400915	    0.959909	2	   0.0105673	    0.989433	2	 0.000835783	    0.999164	   0.0109738	    0.989026
16	1	3	1	2	125	16	   0.0400915	    0.959909	2	    0.998592	  0.00140782	1	    0.987574	   0.0124257	    0.999052	  0.00094765
16	3	1	1	1	126	16	   0.0400915	    0.959909	2	    0.865863	    0.134137	1	    0.370707	    0.629293	    0.886543	    0.113457
16	2	2	3	3	127	16	   0.0400915	    0.959909	2	    0.082396	    0.917604	2	  0.00700305	    0.992997	   0.0855449	    0.914455
16	1	3	2	2	128	16	   0.0400915	    0.959909	2	    0.984572	   0.0154285	1	    0.873575	    0.126425	    0.989207	   0.0107926
17	1	3	1	1	129	17	 0.000907297	    0.999093	2	    0.999939	 6.06482e-05	1	    0.999205	 0.000795039	     0.99994	 5.99812e-05
17	1	3	1	1	130	17	 0.000907297	    0.999093	2	    0.999939	 6.06482e-05	1	    0.999205	 0.000795039	     0.99994	 5.99812e-05
17	3	2	2	2	131	17	 0.000907297	    0.999093	2	    0.115382	    0.884618	2	  0.00974636	    0.990254	    0.115478	    0.884522
17	2	3	1	1	132	17	 0.000907297	    0.999093	2	    0.999536	 0.000463855	1	    0.993949	  0.00605148	    0.999541	 0.000458781
17	2	3	2	1	133	17	 0.000907297	    0.999093	2	    0.994694	  0.00530628	1	    0.934554	   0.0654457	    0.994748	  0.00525167
17	1	2	2	1	134	17	 0.000907297	    0.999093	2	    0.989381	   0.0106186	1	    0.876445	    0.123555	    0.989484	    0.010516
17	1	2	1	1	135	17	 0.000907297	    0.999093	2	    0.999067	 0.000933278	1	    0.987892	   0.0121078	    0.999077	  0.00092313
17	2	3	1	1	136	17	 0.000907297	    0.999093	2	    0.999536	 0.000463855	1	    0.993949	  0.00605148	    0.999541	 0.000458781
18	2	3	1	1	137	18	   0.0241843	    0.975816	2	    0.999406	 0.000594037	1	    0.993949	  0.00605148	    0.999541	 0.000458781
18	1	2	1	1	138	18	   0.0241843	    0.975816	2	    0.998806	  0.00119362	1	    0.987892	   0.0121078	    0.999077	  0.00092313
18	1	3	2	3	139	18	   0.0241843	    0.975816	2	    0.971933	   0.0280672	1	    0.762947	    0.237053	    0.977112	   0.0228877
18	1	1	1	3	140	18	   0.0241843	    0.975816	2	    0.901569	   0.0984305	1	    0.441604	    0.558396	    0.912969	   0.0870309
18	1	2	3	3	141	18	   0.0241843	    0.975816	2	    0.408332	    0.591668	2	   0.0512008	    0.948799	    0.417183	    0.582817
18	1	2	2	1	142	18	   0.0241843	    0.975816	2	     0.98675	   0.0132498	1	    0.876445	    0.123555	    0.989484	    0.010516
18	2	1	3	3	143	18	   0.0241843	    0.975816	2	   0.0291978	    0.970802	2	  0.00231535	    0.997685	    0.029864	    0.970136
18	2	3	3	1	144	18	   0.0241843	    0.975816	2	    0.975294	    0.024706	1	    0.786693	    0.213307	    0.979968	   0.0200318
19	3	1	3	3	145	19	    0.990692	  0.00930823	1	 0.000433698	    0.999566	2	 0.000389465	    0.999611	  0.00514151	    0.994858
19	3	1	3	3	146	19	    0.990692	  0.00930823	1	 0.000433698	    0.999566	2	 0.000389465	    0.999611	  0.00514151	    0.994858
19	3	1	1	2	147	19	    0.990692	  0.00930823	1	    0.038659	    0.961341	2	   0.0359149	    0.964085	     0.33072	     0.66928
19	3	1	3	2	148	19	    0.990692	  0.00930823	1	  0.00093015	     0.99907	2	 0.000835783	    0.999164	   0.0109738	    0.989026
19	1	1	3	3	149	19	    0.990692	  0.00930823	1	     0.01906	     0.98094	2	   0.0174479	    0.982552	    0.190643	    0.809357
19	3	3	2	3	150	19	    0.990692	  0.00930823	1	   0.0698457	    0.930154	2	   0.0659577	    0.934042	    0.483653	    0.516347
19	1	3	1	1	151	19	    0.990692	  0.00930823	1	    0.999212	 0.000788197	1	    0.999205	 0.000795039	     0.99994	 5.99812e-05
19	1	3	1	2	152	19	    0.990692	  0.00930823	1	    0.987681	   0.0123189	1	    0.987574	   0.0124257	    0.999052	  0.00094765
20	2	1	3	1	153	20	    0.948004	    0.051996	1	   0.0958077	    0.904192	2	    0.073034	    0.926966	    0.511024	    0.488976
20	3	1	3	2	154	20	    0.948004	    0.051996	1	  0.00136292	    0.998637	2	 0.000835783	    0.999164	   0.0109738	    0.989026
20	2	2	3	3	155	20	    0.948004	    0.051996	1	   0.0110869	    0.988913	2	  0.00700305	    0.992997	   0.0855449	    0.914455
20	1	3	2	1	156	20	    0.948004	    0.051996	1	    0.991367	  0.00863324	1	    0.990931	  0.00906894	    0.999311	 0.000689479
20	3	1	3	3	157	20	    0.948004	    0.051996	1	 0.000636552	    0.999363	2	 0.000389465	    0.999611	  0.00514151	    0.994858
20	3	2	2	3	158	20	    0.948004	    0.051996	1	  0.00730673	    0.992693	2	  0.00456342	    0.995437	   0.0573234	    0.942677
20	1	1	1	1	159	20	    0.948004	    0.051996	1	    0.965814	   0.0341865	1	    0.964092	   0.0359079	      0.9972	  0.00280002
20	3	3	1	2	160	20	    0.948004	    0.051996	1	    0.652338	    0.347662	1	    0.635543	    0.364457	    0.958559	   0.0414409
21	2	3	1	1	161	21	    0.984456	   0.0155443	1	    0.994035	  0.00596454	1	    0.993949	  0.00605148	    0.999541	 0.000458781
21	1	1	2	3	162	21	    0.984456	   0.0155443	1	   0.0707473	    0.929253	2	   0.0643328	    0.935667	    0.476992	    0.523008
21	3	1	3	3	163	21	    0.984456	   0.0155443	1	 0.000463332	    0.999537	2	 0.000389465	    0.999611	  0.00514151	    0.994858
21	1	1	2	3	164	21	    0.984456	   0.0155443	1	   0.0707473	    0.929253	2	   0.0643328	    0.935667	    0.476992	    0.523008
21	2	3	1	1	165	21	    0.984456	   0.0155443	1	    0.994035	  0.00596454	1	    0.993949	  0.00605148	    0.999541	 0.000458781
21	3	2	3	3	166	21	    0.984456	   0.0155443	1	  0.00140457	    0.998595	2	   0.0011826	    0.998817	   0.0154624	    0.984538
21	2	1	3	3	167	21	    0.984456	   0.0155443	1	  0.00274358	    0.997256	2	  0.00231535	    0.997685	    0.029864	    0.970136
21	3	2	1	3	168	21	    0.984456	   0.0155443	1	   0.0557076	    0.944292	2	   0.0500886	    0.949911	     0.41157	     0.58843
22	1	3	1	2	169	22	   0.0825503	     0.91745	2	    0.998105	  0.00189517	1	    0.987574	   0.0124257	    0.999052	  0.00094765
22	3	1	3	2	170	22	   0.0825503	     0.91745	2	   0.0101369	    0.989863	2	 0.000835783	    0.999164	   0.0109738	    0.989026
22	3	2	2	2	171	22	   0.0825503	     0.91745	2	    0.106749	    0.893251	2	  0.00974636	    0.990254	    0.115478	    0.884522
22	3	2	1	1	172	22	   0.0825503	     0.91745	2	    0.933339	   0.0666612	1	    0.641599	    0.358401	    0.959589	    0.040411
22	1	3	1	1	173	22	   0.0825503	     0.91745	2	    0.999879	 0.000120661	1	    0.999205	 0.000795039	     0.99994	 5.99812e-05
22	2	3	1	1	174	22	   0.0825503	     0.91745	2	     0.99908	  0.00092046	1	    0.993949	  0.00605148	    0.999541	 0.000458781
22	3	3	1	1	175	22	   0.0825503	     0.91745	2	     0.99461	  0.00539032	1	    0.965004	   0.0349956	    0.997273	   0.0027265
22	3	2	1	2	176	22	   0.0825503	     0.91745	2	    0.559106	    0.440894	1	    0.101695	    0.898305	    0.600263	    0.399737
23	1	1	3	3	177	23	    0.991939	   0.0080614	1	   0.0188441	    0.981156	2	   0.0174479	    0.982552	    0.190643	    0.809357
23	1	2	2	3	178	23	    0.991939	   0.0080614	1	    0.177361	    0.822639	2	    0.172831	    0.827169	    0.734855	    0.265145
23	1	1	3	3	179	23	    0.991939	   0.0080614	1	   0.0188441	    0.981156	2	   0.0174479	    0.982552	    0.190643	    0.809357
23	2	2	1	2	180	23	    0.991939	   0.0080614	1	    0.406744	    0.593256	2	     0.40274	     0.59726	    0.899442	    0.100558
23	1	3	2	1	181	23	    0.991939	   0.0080614	1	    0.990999	  0.00900139	1	    0.990931	  0.00906894	    0.999311	 0.000689479
23	2	2	3	3	182	23	    0.991939	   0.0080614	1	   0.0076362	    0.992364	2	  0.00700305	    0.992997	   0.0855449	    0.914455
23	2	1	3	3	183	23	    0.991939	   0.0080614	1	  0.00253743	    0.997463	2	  0.00231535	    0.997685	    0.029864	    0.970136
23	3	1	1	3	184	23	    0.991939	   0.0080614	1	   0.0184265	    0.981574	2	   0.0170557	    0.982944	    0.187099	    0.812901
24	3	1	1	3	185	24	    0.999877	 0.000123153	1	   0.0170766	    0.982923	2	   0.0170557	    0.982944	    0.187099	    0.812901
24	3	1	3	1	186	24	    0.999877	 0.000123153	1	   0.0130715	    0.986928	2	   0.0130547	    0.986945	    0.149266	    0.850734
24	3	1	3	1	187	24	    0.999877	 0.000123153	1	   0.0130715	    0.986928	2	   0.0130547	    0.986945	    0.149266	    0.850734
24	2	2	2	2	188	24	    0.999877	 0.000123153	1	   0.0554255	    0.944575	2	   0.0553784	    0.944622	    0.437454	    0.562546
24	3	1	3	3	189	24	    0.999877	 0.000123153	1	  0.00039005	     0.99961	2	 0.000389465	    0.999611	  0.00514151	    0.994858
24	3	1	3	3	190	24	    0.999877	 0.000123153	1	  0.00039005	     0.99961	2	 0.000389465	    0.999611	  0.00514151	    0.994858
24	3	1	3	3	191	24	    0.999877	 0.000123153	1	  0.00039005	     0.99961	2	 0.000389465	    0.999611	  0.00514151	    0.994858
24	3	2	2	1	192	24	    0.999877	 0.000123153	1	    0.134743	    0.865257	2	    0.134677	    0.865323	    0.673678	    0.326322
25	3	1	2	3	193	25	    0.940978	    0.059022	1	  0.00257526	    0.997425	2	  0.00150628	    0.998494	   0.0196177	    0.980382
25	1	2	1	1	194	25	    0.940978	    0.059022	1	    0.988552	   0.0114477	1	    0.987892	   0.0121078	    0.999077	  0.00092313
25	3	2	2	2	195	25	    0.940978	    0.059022	1	   0.0159868	    0.984013	2	  0.00974636	    0.990254	    0.115478	    0.884522
25	2	3	1	1	196	25	    0.940978	    0.059022	1	    0.994279	  0.00572138	1	    0.993949	  0.00605148	    0.999541	 0.000458781
25	3	1	3	3	197	25	    0.940978	    0.059022	1	  0.00066994	     0.99933	2	 0.000389465	    0.999611	  0.00514151	    0.994858
25	1	1	3	2	198	25	    0.940978	    0.059022	1	   0.0543801	     0.94562	2	   0.0367246	    0.963275	     0.33586	     0.66414
25	3	3	1	1	199	25	    0.940978	    0.059022	1	    0.966909	    0.033091	1	    0.965004	   0.0349956	    0.997273	   0.0027265
25	3	2	3	3	200	25	    0.940978	    0.059022	1	  0.00202542	    0.997975	2	   0.0011826	    0.998817	   0.0154624	    0.984538
26	3	2	3	1	201	26	    0.995643	  0.00435713	1	   0.0399902	     0.96001	2	   0.0386434	    0.961357	    0.347766	    0.652234
26	1	2	1	1	202	26	    0.995643	  0.00435713	1	    0.987941	   0.0120591	1	    0.987892	   0.0121078	    0.999077	  0.00092313
26	2	1	1	2	203	26	    0.995643	  0.00435713	1	     0.18406	     0.81594	2	    0.181599	    0.818401	    0.746407	    0.253593
26	3	2	3	3	204	26	    0.995643	  0.00435713	1	  0.00124482	    0.998755	2	   0.0011826	    0.998817	   0.0154624	    0.984538
26	2	1	3	3	205	26	    0.995643	  0.00435713	1	  0.00243538	    0.997565	2	  0.00231535	    0.997685	    0.029864	    0.970136
26	3	1	3	2	206	26	    0.995643	  0.00435713	1	 0.000879955	     0.99912	2	 0.000835783	    0.999164	   0.0109738	    0.989026
26	3	1	3	2	207	26	    0.995643	  0.00435713	1	 0.000879955	     0.99912	2	 0.000835783	    0.999164	   0.0109738	    0.989026
26	2	2	1	3	208	26	    0.995643	  0.00435713	1	    0.241485	    0.758515	2	    0.239012	    0.760988	    0.806432	    0.193568
27	3	2	3	3	209	27	    0.220702	    0.779298	2	   0.0123108	    0.987689	2	   0.0011826	    0.998817	   0.0154624	    0.984538
27	3	2	3	2	210	27	    0.220702	    0.779298	2	    0.025979	    0.974021	2	  0.00253553	    0.997464	   0.0326184	    0.967382
27	3	3	2	1	211	27	    0.220702	    0.779298	2	    0.911279	   0.0887213	1	    0.705656	    0.294344	    0.969512	   0.0304876
27	3	3	1	1	212	27	    0.220702	    0.779298	2	    0.990152	  0.00984834	1	    0.965004	   0.0349956	    0.997273	   0.0027265
27	1	3	1	3	213	27	    0.220702	    0.779298	2	    0.992611	  0.00738879	1	    0.973698	   0.0263024	    0.997968	  0.00203234
27	2	2	3	3	214	27	    0.220702	    0.779298	2	   0.0682106	    0.931789	2	  0.00700305	    0.992997	   0.0855449	    0.914455
27	3	3	1	2	215	27	    0.220702	    0.779298	2	    0.887269	    0.112731	1	    0.635543	    0.364457	    0.958559	   0.0414409
27	1	3	2	1	216	27	    0.220702	    0.779298	2	    0.997461	  0.00253884	1	    0.990931	  0.00906894	    0.999311	 0.000689479
28	1	3	1	1	217	28	  0.00148153	    0.998518	2	    0.999939	 6.10703e-05	1	    0.999205	 0.000795039	     0.99994	 5.99812e-05
28	1	1	3	1	218	28	  0.00148153	    0.998518	2	     0.88809	     0.11191	1	     0.37612	     0.62388	     0.88885	     0.11115
28	1	1	1	1	219	28	  0.00148153	    0.998518	2	    0.997151	  0.00284907	1	    0.964092	   0.0359079	      0.9972	  0.00280002
28	1	2	1	1	220	28	  0.00148153	    0.998518	2	     0.99906	   0.0009397	1	    0.987892	   0.0121078	    0.999077	  0.00092313
28	2	1	3	1	221	28	  0.00148153	    0.998518	2	    0.510375	    0.489625	1	    0.073034	    0.926966	    0.511024	    0.488976
28	2	3	1	3	222	28	  0.00148153	    0.998518	2	    0.984425	   0.0155746	1	    0.828708	    0.171292	    0.984656	   0.0153436
28	2	3	2	1	223	28	  0.00148153	    0.998518	2	    0.994659	  0.00534085	1	    0.934554	   0.0654457	    0.994748	  0.00525167
28	2	3	1	2	224	28	  0.00148153	    0.998518	2	    0.992675	  0.00732524	1	    0.912179	   0.0878205	    0.992794	  0.00720581
29	1	3	1	2	225	29	   0.0122906	    0.987709	2	    0.998911	  0.00108872	1	    0.987574	   0.0124257	    0.999052	  0.00094765
29	3	3	1	1	226	29	   0.0122906	    0.987709	2	    0.996877	  0.00312311	1	    0.965004	   0.0349956	    0.997273	   0.0027265
29	2	3	1	3	227	29	   0.0122906	    0.987709	2	     0.98274	   0.0172603	1	    0.828708	    0.171292	    0.984656	   0.0153436
29	3	1	2	2	228	29	   0.0122906	    0.987709	2	   0.0407247	    0.959275	2	  0.00322832	    0.996772	   0.0411913	    0.958809
29	1	3	1	2	229	29	   0.0122906	    0.987709	2	    0.998911	  0.00108872	1	    0.987574	   0.0124257	    0.999052	  0.00094765
29	3	2	1	3	230	29	   0.0122906	    0.987709	2	    0.407127	    0.592873	2	   0.0500886	    0.949911	     0.41157	     0.58843
29	2	3	1	1	231	29	   0.0122906	    0.987709	2	    0.999472	 0.000527519	1	    0.993949	  0.00605148	    0.999541	 0.000458781
29	3	3	1	2	232	29	   0.0122906	    0.987709	2	    0.954589	   0.0454109	1	    0.635543	    0.364457	    0.958559	   0.0414409
30	1	1	3	3	233	30	   0.0341714	    0.965829	2	    0.184724	    0.815276	2	   0.0174479	    0.982552	    0.190643	    0.809357
30	1	2	1	1	234	30	   0.0341714	    0.965829	2	    0.998695	  0.00130533	1	    0.987892	   0.0121078	    0.999077	  0.00092313
30	3	2	2	2	235	30	   0.0341714	    0.965829	2	    0.111865	    0.888135	2	  0.00974636	    0.990254	    0.115478	    0.884522
30	1	3	1	1	236	30	   0.0341714	    0.965829	2	    0.999915	 8.50992e-05	1	    0.999205	 0.000795039	     0.99994	 5.99812e-05
30	2	2	3	1	237	30	   0.0341714	    0.965829	2	    0.741144	    0.258856	1	    0.193177	    0.806823	    0.760532	    0.239468
30	2	3	1	1	238	30	   0.0341714	    0.965829	2	     0.99935	 0.000649891	1	    0.993949	  0.00605148	    0.999541	 0.000458781
30	1	3	2	1	239	30	   0.0341714	    0.965829	2	    0.999024	 0.000975817	1	    0.990931	  0.00906894	    0.999311	 0.000689479
30	2	2	1	1	240	30	   0.0341714	    0.965829	2	     0.99029	  0.00971048	1	    0.914259	   0.0857411	     0.99298	  0.00702049
31	2	3	1	1	241	31	    0.561605	    0.438395	1	      0.9964	  0.00359967	1	    0.993949	  0.00605148	    0.999541	 0.000458781
31	2	1	3	3	242	31	    0.561605	    0.438395	1	   0.0143925	    0.985607	2	  0.00231535	    0.997685	    0.029864	    0.970136
31	3	2	3	1	243	31	    0.561605	    0.438395	1	    0.174161	    0.825839	2	   0.0386434	    0.961357	    0.347766	    0.652234
31	3	1	3	2	244	31	    0.561605	    0.438395	1	  0.00528023	     0.99472	2	 0.000835783	    0.999164	   0.0109738	    0.989026
31	2	1	2	3	245	31	    0.561605	    0.438395	1	    0.051689	    0.948311	2	  0.00890559	    0.991094	    0.106497	    0.893503
31	1	3	1	1	246	31	    0.561605	    0.438395	1	    0.999527	 0.000472794	1	    0.999205	 0.000795039	     0.99994	 5.99812e-05
31	1	3	3	1	247	31	    0.561605	    0.438395	1	    0.979612	   0.0203877	1	    0.965777	   0.0342227	    0.997336	  0.00266432
31	2	2	1	1	248	31	    0.561605	    0.438395	1	     0.94877	   0.0512304	1	    0.914259	   0.0857411	     0.99298	  0.00702049
32	3	2	3	3	249	32	    0.999953	 4.70946e-05	1	  0.00118327	    0.998817	2	   0.0011826	    0.998817	   0.0154624	    0.984538
32	3	1	1	2	250	32	    0.999953	 4.70946e-05	1	   0.0359288	    0.964071	2	   0.0359149	    0.964085	     0.33072	     0.66928
32	3	1	3	3	251	32	    0.999953	 4.70946e-05	1	 0.000389688	     0.99961	2	 0.000389465	    0.999611	  0.00514151	    0.994858
32	3	1	3	3	252	32	    0.999953	 4.70946e-05	1	 0.000389688	     0.99961	2	 0.000389465	    0.999611	  0.00514151	    0.994858
32	3	1	2	2	253	32	    0.999953	 4.70946e-05	1	  0.00323011	     0.99677	2	  0.00322832	    0.996772	   0.0411913	    0.958809
32	3	2	2	2	254	32	    0.999953	 4.70946e-05	1	  0.00975134	    0.990249	2	  0.00974636	    0.990254	    0.115478	    0.884522
32	3	2	2	2	255	32	    0.999953	 4.70946e-05	1	  0.00975134	    0.990249	2	  0.00974636	    0.990254	    0.115478	    0.884522
32	3	3	3	2	256	32	    0.999953	 4.70946e-05	1	   0.0376946	    0.962305	2	   0.0376803	     0.96232	    0.341838	    0.658162
33	3	1	3	2	257	33	    0.998971	  0.00102854	1	  0.00084621	    0.999154	2	 0.000835783	    0.999164	   0.0109738	    0.989026
33	3	3	2	2	258	33	    0.998971	  0.00102854	1	      0.1322	      0.8678	2	    0.131648	    0.868352	    0.667884	    0.332116
33	3	3	3	3	259	33	    0.998971	  0.00102854	1	   0.0180932	    0.981907	2	   0.0179112	    0.982089	    0.194794	    0.805206
33	3	1	2	2	260	33	    0.998971	  0.00102854	1	  0.00326736	    0.996733	2	  0.00322832	    0.996772	   0.0411913	    0.958809
33	3	1	2	2	261	33	    0.998971	  0.00102854	1	  0.00326736	    0.996733	2	  0.00322832	    0.996772	   0.0411913	    0.958809
33	2	3	1	1	262	33	    0.998971	  0.00102854	1	    0.993954	  0.00604572	1	    0.993949	  0.00605148	    0.999541	 0.000458781
33	2	2	3	3	263	33	    0.998971	  0.00102854	1	  0.00708383	    0.992916	2	  0.00700305	    0.992997	   0.0855449	    0.914455
33	2	1	2	2	264	33	    0.998971	  0.00102854	1	   0.0191165	    0.980883	2	   0.0189264	    0.981074	    0.203754	    0.796246
34	2	1	3	3	265	34	    0.992701	  0.00729906	1	  0.00251643	    0.997484	2	  0.00231535	    0.997685	    0.029864	    0.970136
34	3	1	3	2	266	34	    0.992701	  0.00729906	1	 0.000909781	     0.99909	2	 0.000835783	    0.999164	   0.0109738	    0.989026
34	3	2	3	2	267	34	    0.992701	  0.00729906	1	  0.00275511	    0.997245	2	  0.00253553	    0.997464	   0.0326184	    0.967382
34	1	2	1	1	268	34	    0.992701	  0.00729906	1	    0.987974	   0.0120262	1	    0.987892	   0.0121078	    0.999077	  0.00092313
34	1	2	3	2	269	34	    0.992701	  0.00729906	1	    0.107492	    0.892508	2	    0.103828	    0.896172	    0.605801	    0.394199
34	2	1	3	3	270	34	    0.992701	  0.00729906	1	  0.00251643	    0.997484	2	  0.00231535	    0.997685	    0.029864	    0.970136
34	3	1	2	3	271	34	    0.992701	  0.00729906	1	  0.00163848	    0.998362	2	  0.00150628	    0.998494	   0.0196177	    0.980382
34	1	2	1	1	272	34	    0.992701	  0.00729906	1	    0.987974	   0.0120262	1	    0.987892	   0.0121078	    0.999077	  0.00092313
35	3	3	1	1	273	35	 0.000701417	    0.999299	2	    0.997251	  0.00274914	1	    0.965004	   0.0349956	    0.997273	   0.0027265
35	1	3	2	3	274	35	 0.000701417	    0.999299	2	    0.976962	    0.023038	1	    0.762947	    0.237053	    0.977112	   0.0228877
35	1	1	2	2	275	35	 0.000701417	    0.999299	2	    0.661565	    0.338435	1	    0.128628	    0.871372	    0.661939	    0.338061
35	2	2	1	1	276	35	 0.000701417	    0.999299	2	    0.992924	  0.00707571	1	    0.914259	   0.0857411	     0.99298	  0.00702049
35	1	2	1	1	277	35	 0.000701417	    0.999299	2	    0.999069	 0.000930975	1	    0.987892	   0.0121078	    0.999077	  0.00092313
35	1	3	1	1	278	35	 0.000701417	    0.999299	2	     0.99994	 6.04968e-05	1	    0.999205	 0.000795039	     0.99994	 5.99812e-05
35	1	3	3	2	279	35	 0.000701417	    0.999299	2	    0.959245	   0.0407551	1	    0.640884	    0.359116	    0.959468	   0.0405316
35	2	3	1	1	280	35	 0.000701417	    0.999299	2	    0.999537	 0.000462704	1	    0.993949	  0.00605148	    0.999541	 0.000458781
36	3	2	3	3	281	36	    0.996822	  0.00317758	1	  0.00122798	    0.998772	2	   0.0011826	    0.998817	   0.0154624	    0.984538
36	3	2	3	3	282	36	    0.996822	  0.00317758	1	  0.00122798	    0.998772	2	   0.0011826	    0.998817	   0.0154624	    0.984538
36	1	3	1	1	283	36	    0.996822	  0.00317758	1	    0.999207	 0.000792703	1	    0.999205	 0.000795039	     0.99994	 5.99812e-05
36	3	1	3	2	284	36	    0.996822	  0.00317758	1	 0.000867997	    0.999132	2	 0.000835783	    0.999164	   0.0109738	    0.989026
36	3	2	2	3	285	36	    0.996822	  0.00317758	1	  0.00473107	    0.995269	2	  0.00456342	    0.995437	   0.0573234	    0.942677
36	1	1	1	1	286	36	    0.996822	  0.00317758	1	    0.964197	   0.0358027	1	    0.964092	   0.0359079	      0.9972	  0.00280002
36	3	1	3	3	287	36	    0.996822	  0.00317758	1	 0.000404565	    0.999595	2	 0.000389465	    0.999611	  0.00514151	    0.994858
36	3	2	3	3	288	36	    0.996822	  0.00317758	1	  0.00122798	    0.998772	2	   0.0011826	    0.998817	   0.0154624	    0.984538
37	1	3	1	3	289	37	  0.00799367	    0.992006	2	    0.997774	  0.00222634	1	    0.973698	   0.0263024	    0.997968	  0.00203234
37	3	1	2	2	290	37	  0.00799367	    0.992006	2	   0.0408878	    0.959112	2	  0.00322832	    0.996772	   0.0411913	    0.958809
37	1	2	3	1	291	37	  0.00799367	    0.992006	2	     0.95797	     0.04203	1	      0.6469	      0.3531	    0.960477	   0.0395234
37	1	2	2	3	292	37	  0.00799367	    0.992006	2	    0.730363	    0.269637	1	    0.172831	    0.827169	    0.734855	    0.265145
37	2	3	1	1	293	37	  0.00799367	    0.992006	2	    0.999497	 0.000503487	1	    0.993949	  0.00605148	    0.999541	 0.000458781
37	1	3	2	3	294	37	  0.00799367	    0.992006	2	      0.9754	   0.0245997	1	    0.762947	    0.237053	    0.977112	   0.0228877
37	1	1	1	1	295	37	  0.00799367	    0.992006	2	    0.996935	  0.00306468	1	    0.964092	   0.0359079	      0.9972	  0.00280002
37	1	2	1	2	296	37	  0.00799367	    0.992006	2	    0.984417	   0.0155833	1	    0.837655	    0.162345	    0.985599	   0.0144007
38	1	3	1	1	297	38	   0.0777065	    0.922293	2	    0.999883	   0.0001171	1	    0.999205	 0.000795039	     0.99994	 5.99812e-05
38	2	3	3	3	298	38	   0.0777065	    0.922293	2	    0.552068	    0.447932	1	   0.0979882	    0.902012	    0.590326	    0.409674
38	3	2	1	3	299	38	   0.0777065	    0.922293	2	     0.38348	     0.61652	2	   0.0500886	    0.949911	     0.41157	     0.58843
38	3	1	1	3	300	38	   0.0777065	    0.922293	2	    0.173885	    0.826115	2	   0.0170557	    0.982944	    0.187099	    0.812901
38	3	3	3	1	301	38	   0.0777065	    0.922293	2	    0.851901	    0.148099	1	    0.382401	    0.617599	    0.891458	    0.108542
38	1	3	3	1	302	38	   0.0777065	    0.922293	2	    0.994883	  0.00511661	1	    0.965777	   0.0342227	    0.997336	  0.00266432
38	1	3	1	1	303	38	   0.0777065	    0.922293	2	    0.999883	   0.0001171	1	    0.999205	 0.000795039	     0.99994	 5.99812e-05
38	3	3	1	1	304	38	   0.0777065	    0.922293	2	    0.994766	  0.00523402	1	    0.965004	   0.0349956	    0.997273	   0.0027265
39	1	1	3	2	305	39	    0.994068	  0.00593206	1	   0.0384991	    0.961501	2	   0.0367246	    0.963275	     0.33586	     0.66414
39	3	1	2	3	306	39	    0.994068	  0.00593206	1	  0.00161372	    0.998386	2	  0.00150628	    0.998494	   0.0196177	    0.980382
39	1	3	1	3	307	39	    0.994068	  0.00593206	1	    0.973842	   0.0261585	1	    0.973698	   0.0263024	    0.997968	  0.00203234
39	3	2	2	3	308	39	    0.994068	  0.00593206	1	  0.00487639	    0.995124	2	  0.00456342	    0.995437	   0.0573234	    0.942677
39	2	3	1	3	309	39	    0.994068	  0.00593206	1	    0.829633	    0.170367	1	    0.828708	    0.171292	    0.984656	   0.0153436
39	2	2	3	3	310	39	    0.994068	  0.00593206	1	  0.00746896	    0.992531	2	  0.00700305	    0.992997	   0.0855449	    0.914455
39	3	1	3	2	311	39	    0.994068	  0.00593206	1	 0.000895922	    0.999104	2	 0.000835783	    0.999164	   0.0109738	    0.989026
39	3	1	1	2	312	39	    0.994068	  0.00593206	1	   0.0376637	    0.962336	2	   0.0359149	    0.964085	     0.33072	     0.66928
40	1	3	1	1	313	40	 0.000157055	    0.999843	2	     0.99994	 6.00967e-05	1	    0.999205	 0.000795039	     0.99994	 5.99812e-05
40	3	3	1	2	314	40	 0.000157055	    0.999843	2	    0.958508	   0.0414916	1	    0.635543	    0.364457	    0.958559	   0.0414409
40	1	2	1	1	315	40	 0.000157055	    0.999843	2	    0.999075	 0.000924887	1	    0.987892	   0.0121078	    0.999077	  0.00092313
40	1	2	1	1	316	40	 0.000157055	    0.999843	2	    0.999075	 0.000924887	1	    0.987892	   0.0121078	    0.999077	  0.00092313
40	3	3	1	1	317	40	 0.000157055	    0.999843	2	    0.997268	  0.00273157	1	    0.965004	   0.0349956	    0.997273	   0.0027265
40	3	3	1	1	318	40	 0.000157055	    0.999843	2	    0.997268	  0.00273157	1	    0.965004	   0.0349956	    0.997273	   0.0027265
40	1	1	1	2	319	40	 0.000157055	    0.999843	2	    0.957435	   0.0425654	1	     0.62934	     0.37066	    0.957486	   0.0425138
40	2	3	1	1	320	40	 0.000157055	    0.999843	2	     0.99954	  0.00045966	1	    0.993949	  0.00605148	    0.999541	 0.000458781
41	2	3	2	2	321	41	   0.0700795	    0.929921	2	    0.891523	    0.108477	1	    0.474524	    0.525476	    0.922949	   0.0770513
41	3	1	2	1	322	41	   0.0700795	    0.929921	2	    0.379595	    0.620405	2	     0.04872	     0.95128	     0.40453	     0.59547
41	2	2	1	3	323	41	   0.0700795	    0.929921	2	    0.766668	    0.233332	1	    0.239012	    0.760988	    0.806432	    0.193568
41	3	3	1	2	324	41	   0.0700795	    0.929921	2	    0.935922	   0.0640777	1	    0.635543	    0.364457	    0.958559	   0.0414409
41	3	1	2	3	325	41	   0.0700795	    0.929921	2	   0.0183485	    0.981651	2	  0.00150628	    0.998494	   0.0196177	    0.980382
41	1	3	1	1	326	41	   0.0700795	    0.929921	2	    0.999889	 0.000111494	1	    0.999205	 0.000795039	     0.99994	 5.99812e-05
41	1	2	2	1	327	41	   0.0700795	    0.929921	2	    0.981562	   0.0184377	1	    0.876445	    0.123555	    0.989484	    0.010516
41	1	3	1	1	328	41	   0.0700795	    0.929921	2	    0.999889	 0.000111494	1	    0.999205	 0.000795039	     0.99994	 5.99812e-05
42	3	2	2	3	329	42	    0.998776	   0.0012238	1	  0.00462799	    0.995372	2	  0.00456342	    0.995437	   0.0573234	    0.942677
42	1	1	3	2	330	42	    0.998776	   0.0012238	1	   0.0370907	    0.962909	2	   0.0367246	    0.963275	     0.33586	     0.66414
42	3	1	3	3	331	42	    0.998776	   0.0012238	1	  0.00039528	    0.999605	2	 0.000389465	    0.999611	  0.00514151	    0.994858
42	3	2	1	2	332	42	    0.998776	   0.0012238	1	    0.102305	    0.897695	2	    0.101695	    0.898305	    0.600263	    0.399737
42	3	3	3	2	333	42	    0.998776	   0.0012238	1	   0.0380525	    0.961948	2	   0.0376803	     0.96232	    0.341838	    0.658162
42	1	3	1	1	334	42	    0.998776	   0.0012238	1	    0.999206	  0.00079414	1	    0.999205	 0.000795039	     0.99994	 5.99812e-05
42	2	2	3	3	335	42	    0.998776	   0.0012238	1	  0.00709917	    0.992901	2	  0.00700305	    0.992997	   0.0855449	    0.914455
42	3	1	3	3	336	42	    0.998776	   0.0012238	1	  0.00039528	    0.999605	2	 0.000389465	    0.999611	  0.00514151	    0.994858
43	1	2	1	1	337	43	    0.861092	    0.138908	1	    0.989446	   0.0105542	1	    0.987892	   0.0121078	    0.999077	  0.00092313
43	3	2	2	2	338	43	    0.861092	    0.138908	1	   0.0244333	    0.975567	2	  0.00974636	    0.990254	    0.115478	    0.884522
43	2	2	1	3	339	43	    0.861092	    0.138908	1	    0.317832	    0.682168	2	    0.239012	    0.760988	    0.806432	    0.193568
43	3	1	1	2	340	43	    0.861092	    0.138908	1	   0.0768658	    0.923134	2	   0.0359149	    0.964085	     0.33072	     0.66928
43	1	3	2	1	341	43	    0.861092	    0.138908	1	    0.992095	  0.00790496	1	    0.990931	  0.00906894	    0.999311	 0.000689479
43	3	1	3	3	342	43	    0.861092	    0.138908	1	  0.00104956	     0.99895	2	 0.000389465	    0.999611	  0.00514151	    0.994858
43	1	1	1	2	343	43	    0.861092	    0.138908	1	    0.674922	    0.325078	1	     0.62934	     0.37066	    0.957486	   0.0425138
43	3	1	3	3	344	43	    0.861092	    0.138908	1	  0.00104956	     0.99895	2	 0.000389465	    0.999611	  0.00514151	    0.994858
44	2	2	3	2	345	44	     0.99095	  0.00905035	1	    0.016294	    0.983706	2	   0.0149153	    0.985085	     0.16725	     0.83275
44	1	2	1	2	346	44	     0.99095	  0.00905035	1	    0.838994	    0.161006	1	    0.837655	    0.162345	    0.985599	   0.0144007
44	3	1	3	2	347	44	     0.99095	  0.00905035	1	 0.000927535	    0.999072	2	 0.000835783	    0.999164	   0.0109738	    0.989026
44	3	1	3	1	348	44	     0.99095	  0.00905035	1	   0.0142875	    0.985713	2	   0.0130547	    0.986945	    0.149266	    0.850734
44	1	2	3	2	349	44	     0.99095	  0.00905035	1	    0.108371	    0.891629	2	    0.103828	    0.896172	    0.605801	    0.394199
44	3	2	3	2	350	44	     0.99095	  0.00905035	1	  0.00280779	    0.997192	2	  0.00253553	    0.997464	   0.0326184	    0.967382
44	3	1	3	1	351	44	     0.99095	  0.00905035	1	   0.0142875	    0.985713	2	   0.0130547	    0.986945	    0.149266	    0.850734
44	1	1	1	1	352	44	     0.99095	  0.00905035	1	    0.964392	   0.0356083	1	    0.964092	   0.0359079	      0.9972	  0.00280002
45	1	3	1	1	353	45	    0.994953	  0.00504745	1	    0.999209	 0.000791329	1	    0.999205	 0.000795039	     0.99994	 5.99812e-05
45	2	2	2	3	354	45	    0.994953	  0.00504745	1	   0.0277884	    0.972212	2	   0.0265805	    0.973419	    0.265897	    0.734103
45	1	1	3	3	355	45	    0.994953	  0.00504745	1	   0.0183221	    0.981678	2	   0.0174479	    0.982552	    0.190643	    0.809357
45	1	3	1	1	356	45	    0.994953	  0.00504745	1	    0.999209	 0.000791329	1	    0.999205	 0.000795039	     0.99994	 5.99812e-05
45	3	1	3	3	357	45	    0.994953	  0.00504745	1	  0.00041345	    0.999587	2	 0.000389465	    0.999611	  0.00514151	    0.994858
45	3	2	3	2	358	45	    0.994953	  0.00504745	1	  0.00268738	    0.997313	2	  0.00253553	    0.997464	   0.0326184	    0.967382
45	2	1	3	3	359	45	    0.994953	  0.00504745	1	   0.0024544	    0.997546	2	  0.00231535	    0.997685	    0.029864	    0.970136
45	3	1	3	3	360	45	    0.994953	  0.00504745	1	  0.00041345	    0.999587	2	 0.000389465	    0.999611	  0.00514151	    0.994858
46	1	3	1	1	361	46	 7.61219e-05	    0.999924	2	     0.99994	 6.00372e-05	1	    0.999205	 0.000795039	     0.99994	 5.99812e-05
46	1	3	1	3	362	46	 7.61219e-05	    0.999924	2	    0.997966	  0.00203418	1	    0.973698	   0.0263024	    0.997968	  0.00203234
46	1	3	1	1	363	46	 7.61219e-05	    0.999924	2	     0.99994	 6.00372e-05	1	    0.999205	 0.000795039	     0.99994	 5.99812e-05
46	3	3	1	1	364	46	 7.61219e-05	    0.999924	2	    0.997271	  0.00272896	1	    0.965004	   0.0349956	    0.997273	   0.0027265
46	1	3	2	2	365	46	 7.61219e-05	    0.999924	2	    0.989199	   0.0108014	1	    0.873575	    0.126425	    0.989207	   0.0107926
46	1	2	1	1	366	46	 7.61219e-05	    0.999924	2	    0.999076	 0.000923981	1	    0.987892	   0.0121078	    0.999077	  0.00092313
46	1	3	1	1	367	46	 7.61219e-05	    0.999924	2	     0.99994	 6.00372e-05	1	    0.999205	 0.000795039	     0.99994	 5.99812e-05
46	2	3	1	1	368	46	 7.61219e-05	    0.999924	2	    0.999541	 0.000459207	1	    0.993949	  0.00605148	    0.999541	 0.000458781
47	1	3	2	1	369	47	   0.0703866	    0.929613	2	    0.998721	  0.00127928	1	    0.990931	  0.00906894	    0.999311	 0.000689479
47	1	2	1	1	370	47	   0.0703866	    0.929613	2	     0.99829	  0.00171038	1	    0.987892	   0.0121078	    0.999077	  0.00092313
47	1	3	1	1	371	47	   0.0703866	    0.929613	2	    0.999888	 0.000111719	1	    0.999205	 0.000795039	     0.99994	 5.99812e-05
47	1	1	1	2	372	47	   0.0703866	    0.929613	2	    0.934389	   0.0656109	1	     0.62934	     0.37066	    0.957486	   0.0425138
47	1	1	3	3	373	47	   0.0703866	    0.929613	2	    0.178452	    0.821548	2	   0.0174479	    0.982552	    0.190643	    0.809357
47	2	3	2	2	374	47	   0.0703866	    0.929613	2	    0.891386	    0.108614	1	    0.474524	    0.525476	    0.922949	   0.0770513
47	3	2	3	2	375	47	   0.0703866	    0.929613	2	   0.0305009	    0.969499	2	  0.00253553	    0.997464	   0.0326184	    0.967382
47	2	3	2	3	376	47	   0.0703866	    0.929613	2	    0.809159	    0.190841	1	     0.29608	     0.70392	    0.848008	    0.151992
48	2	3	1	1	377	48	     0.78258	     0.21742	1	    0.995164	  0.00483551	1	    0.993949	  0.00605148	    0.999541	 0.000458781
48	3	3	3	3	378	48	     0.78258	     0.21742	1	   0.0563691	    0.943631	2	   0.0179112	    0.982089	    0.194794	    0.805206
48	2	2	1	3	379	48	     0.78258	     0.21742	1	    0.362381	    0.637619	2	    0.239012	    0.760988	    0.806432	    0.193568
48	1	3	1	1	380	48	     0.78258	     0.21742	1	    0.999365	 0.000635223	1	    0.999205	 0.000795039	     0.99994	 5.99812e-05
48	1	3	1	1	381	48	     0.78258	     0.21742	1	    0.999365	 0.000635223	1	    0.999205	 0.000795039	     0.99994	 5.99812e-05
48	3	2	3	3	382	48	     0.78258	     0.21742	1	  0.00428732	    0.995713	2	   0.0011826	    0.998817	   0.0154624	    0.984538
48	2	1	2	3	383	48	     0.78258	     0.21742	1	   0.0301239	    0.969876	2	  0.00890559	    0.991094	    0.106497	    0.893503
48	2	2	2	3	384	48	     0.78258	     0.21742	1	   0.0786127	    0.921387	2	   0.0265805	    0.973419	    0.265897	    0.734103
49	3	1	2	3	385	49	    0.960218	   0.0397815	1	  0.00222678	    0.997773	2	  0.00150628	    0.998494	   0.0196177	    0.980382
49	3	3	1	1	386	49	    0.960218	   0.0397815	1	    0.966288	   0.0337119	1	    0.965004	   0.0349956	    0.997273	   0.0027265
49	2	2	3	3	387	49	    0.960218	   0.0397815	1	   0.0101276	    0.989872	2	  0.00700305	    0.992997	   0.0855449	    0.914455
49	2	1	3	2	388	49	    0.960218	   0.0397815	1	  0.00722669	    0.992773	2	  0.00495775	    0.995042	   0.0619929	    0.938007
49	2	3	3	1	389	49	    0.960218	   0.0397815	1	    0.794381	    0.205619	1	    0.786693	    0.213307	    0.979968	   0.0200318
49	2	3	2	1	390	49	    0.960218	   0.0397815	1	    0.936949	   0.0630511	1	    0.934554	   0.0654457	    0.994748	  0.00525167
49	3	3	3	3	391	49	    0.960218	   0.0397815	1	   0.0249479	    0.975052	2	   0.0179112	    0.982089	    0.194794	    0.805206
49	3	2	3	3	392	49	    0.960218	   0.0397815	1	  0.00175067	    0.998249	2	   0.0011826	    0.998817	   0.0154624	    0.984538
50	2	3	1	1	393	50	   0.0198707	    0.980129	2	     0.99943	 0.000569912	1	    0.993949	  0.00605148	    0.999541	 0.000458781
50	1	1	1	3	394	50	   0.0198707	    0.980129	2	    0.903603	   0.0963972	1	    0.441604	    0.558396	    0.912969	   0.0870309
50	3	2	2	2	395	50	   0.0198707	    0.980129	2	    0.113377	    0.886623	2	  0.00974636	    0.990254	    0.115478	    0.884522
50	1	3	3	1	396	50	   0.0198707	    0.980129	2	    0.996709	   0.0032914	1	    0.965777	   0.0342227	    0.997336	  0.00266432
50	1	2	1	1	397	50	   0.0198707	    0.980129	2	    0.998855	  0.00114538	1	    0.987892	   0.0121078	    0.999077	  0.00092313
50	1	2	1	1	398	50	   0.0198707	    0.980129	2	    0.998855	  0.00114538	1	    0.987892	   0.0121078	    0.999077	  0.00092313
50	1	3	1	1	399	50	   0.0198707	    0.980129	2	    0.999925	 7.45873e-05	1	    0.999205	 0.000795039	     0.99994	 5.99812e-05
50	2	1	3	2	400	50	   0.0198707	    0.980129	2	   0.0608595	     0.93914	2	  0.00495775	    0.995042	   0.0619929	    0.938007
51	2	3	1	1	401	51	    0.998165	  0.00183483	1	    0.993959	  0.00604121	1	    0.993949	  0.00605148	    0.999541	 0.000458781
51	2	1	3	2	402	51	    0.998165	  0.00183483	1	   0.0050624	    0.994938	2	  0.00495775	    0.995042	   0.0619929	    0.938007
51	1	2	3	2	403	51	    0.998165	  0.00183483	1	    0.104749	    0.895251	2	    0.103828	    0.896172	    0.605801	    0.394199
51	3	1	1	2	404	51	    0.998165	  0.00183483	1	   0.0364559	    0.963544	2	   0.0359149	    0.964085	     0.33072	     0.66928
51	3	1	2	3	405	51	    0.998165	  0.00183483	1	  0.00153951	     0.99846	2	  0.00150628	    0.998494	   0.0196177	    0.980382
51	3	2	3	3	406	51	    0.998165	  0.00183483	1	   0.0012088	    0.998791	2	   0.0011826	    0.998817	   0.0154624	    0.984538
51	3	2	3	2	407	51	    0.998165	  0.00183483	1	  0.00259073	    0.997409	2	  0.00253553	    0.997464	   0.0326184	    0.967382
51	3	2	1	2	408	51	    0.998165	  0.00183483	1	     0.10261	     0.89739	2	    0.101695	    0.898305	    0.600263	    0.399737
52	1	3	2	1	409	52	 9.14638e-05	    0.999909	2	     0.99931	 0.000690246	1	    0.990931	  0.00906894	    0.999311	 0.000689479
52	1	3	1	2	410	52	 9.14638e-05	    0.999909	2	    0.999051	   0.0009487	1	    0.987574	   0.0124257	    0.999052	  0.00094765
52	1	2	1	3	411	52	 9.14638e-05	    0.999909	2	    0.969561	   0.0304391	1	    0.706166	    0.293834	    0.969585	    0.030415
52	1	3	1	1	412	52	 9.14638e-05	    0.999909	2	     0.99994	 6.00485e-05	1	    0.999205	 0.000795039	     0.99994	 5.99812e-05
52	1	3	1	1	413	52	 9.14638e-05	    0.999909	2	     0.99994	 6.00485e-05	1	    0.999205	 0.000795039	     0.99994	 5.99812e-05
52	1	1	1	1	414	52	 9.14638e-05	    0.999909	2	    0.997197	  0.00280305	1	    0.964092	   0.0359079	      0.9972	  0.00280002
52	1	3	1	2	415	52	 9.14638e-05	    0.999909	2	    0.999051	   0.0009487	1	    0.987574	   0.0124257	    0.999052	  0.00094765
52	1	3	1	1	416	52	 9.14638e-05	    0.999909	2	     0.99994	 6.00485e-05	1	    0.999205	 0.000795039	     0.99994	 5.99812e-05
53	3	1	3	3	417	53	    0.999961	 3.94817e-05	1	 0.000389652	     0.99961	2	 0.000389465	    0.999611	  0.00514151	    0.994858
53	3	1	3	3	418	53	    0.999961	 3.94817e-05	1	 0.000389652	     0.99961	2	 0.000389465	    0.999611	  0.00514151	    0.994858
53	3	1	3	3	419	53	    0.999961	 3.94817e-05	1	 0.000389652	     0.99961	2	 0.000389465	    0.999611	  0.00514151	    0.994858
53	3	1	3	3	420	53	    0.999961	 3.94817e-05	1	 0.000389652	     0.99961	2	 0.000389465	    0.999611	  0.00514151	    0.994858
53	2	1	3	2	421	53	    0.999961	 3.94817e-05	1	     0.00496	     0.99504	2	  0.00495775	    0.995042	   0.0619929	    0.938007
53	3	1	2	3	422	53	    0.999961	 3.94817e-05	1	    0.001507	    0.998493	2	  0.00150628	    0.998494	   0.0196177	    0.980382
53	2	2	3	2	423	53	    0.999961	 3.94817e-05	1	   0.0149213	    0.985079	2	   0.0149153	    0.985085	     0.16725	     0.83275
53	3	3	2	3	424	53	    0.999961	 3.94817e-05	1	   0.0659742	    0.934026	2	   0.0659577	    0.934042	    0.483653	    0.516347
54	1	2	1	2	425	54	    0.998925	   0.0010746	1	    0.837814	    0.162186	1	    0.837655	    0.162345	    0.985599	   0.0144007
54	2	1	3	2	426	54	    0.998925	   0.0010746	1	  0.00501904	    0.994981	2	  0.00495775	    0.995042	   0.0619929	    0.938007
54	3	3	3	2	427	54	    0.998925	   0.0010746	1	   0.0380071	    0.961993	2	   0.0376803	     0.96232	    0.341838	    0.658162
54	2	2	2	3	428	54	    0.998925	   0.0010746	1	   0.0268377	    0.973162	2	   0.0265805	    0.973419	    0.265897	    0.734103
54	3	1	3	2	429	54	    0.998925	   0.0010746	1	 0.000846677	    0.999153	2	 0.000835783	    0.999164	   0.0109738	    0.989026
54	1	1	3	2	430	54	    0.998925	   0.0010746	1	    0.037046	    0.962954	2	   0.0367246	    0.963275	     0.33586	     0.66414
54	2	2	3	2	431	54	    0.998925	   0.0010746	1	    0.015079	    0.984921	2	   0.0149153	    0.985085	     0.16725	     0.83275
54	3	1	2	1	432	54	    0.998925	   0.0010746	1	   0.0491024	    0.950898	2	     0.04872	     0.95128	     0.40453	     0.59547
55	3	2	3	3	433	55	    0.999864	 0.000135901	1	  0.00118454	    0.998815	2	   0.0011826	    0.998817	   0.0154624	    0.984538
55	3	3	2	3	434	55	    0.999864	 0.000135901	1	   0.0660145	    0.933986	2	   0.0659577	    0.934042	    0.483653	    0.516347
55	2	1	3	2	435	55	    0.999864	 0.000135901	1	   0.0049655	    0.995035	2	  0.00495775	    0.995042	   0.0619929	    0.938007
55	3	1	3	3	436	55	    0.999864	 0.000135901	1	  0.00039011	     0.99961	2	 0.000389465	    0.999611	  0.00514151	    0.994858
55	3	2	2	1	437	55	    0.999864	 0.000135901	1	     0.13475	     0.86525	2	    0.134677	    0.865323	    0.673678	    0.326322
55	3	2	3	1	438	55	    0.999864	 0.000135901	1	   0.0386854	    0.961315	2	   0.0386434	    0.961357	    0.347766	    0.652234
55	3	2	2	3	439	55	    0.999864	 0.000135901	1	  0.00457059	    0.995429	2	  0.00456342	    0.995437	   0.0573234	    0.942677
55	3	1	3	3	440	55	    0.999864	 0.000135901	1	  0.00039011	     0.99961	2	 0.000389465	    0.999611	  0.00514151	    0.994858
56	3	2	3	2	441	56	    0.996821	  0.00317918	1	  0.00263117	    0.997369	2	  0.00253553	    0.997464	   0.0326184	    0.967382
56	2	3	1	1	442	56	    0.996821	  0.00317918	1	    0.993966	  0.00603369	1	    0.993949	  0.00605148	    0.999541	 0.000458781
56	1	2	2	1	443	56	    0.996821	  0.00317918	1	    0.876804	    0.123196	1	    0.876445	    0.123555	    0.989484	    0.010516
56	3	1	2	3	444	56	    0.996821	  0.00317918	1	  0.00156386	    0.998436	2	  0.00150628	    0.998494	   0.0196177	    0.980382
56	3	1	3	3	445	56	    0.996821	  0.00317918	1	 0.000404572	    0.999595	2	 0.000389465	    0.999611	  0.00514151	    0.994858
56	3	2	3	2	446	56	    0.996821	  0.00317918	1	  0.00263117	    0.997369	2	  0.00253553	    0.997464	   0.0326184	    0.967382
56	3	1	2	2	447	56	    0.996821	  0.00317918	1	  0.00334901	    0.996651	2	  0.00322832	    0.996772	   0.0411913	    0.958809
56	2	2	3	3	448	56	    0.996821	  0.00317918	1	  0.00725274	    0.992747	2	  0.00700305	    0.992997	   0.0855449	    0.914455
57	3	3	1	1	449	57	 0.000816757	    0.999183	2	    0.997247	  0.00275286	1	    0.965004	   0.0349956	    0.997273	   0.0027265
57	1	1	3	2	450	57	 0.000816757	    0.999183	2	    0.335616	    0.664384	2	   0.0367246	    0.963275	     0.33586	     0.66414
57	1	3	2	2	451	57	 0.000816757	    0.999183	2	    0.989113	   0.0108871	1	    0.873575	    0.126425	    0.989207	   0.0107926
57	2	2	1	1	452	57	 0.000816757	    0.999183	2	    0.992915	  0.00708479	1	    0.914259	   0.0857411	     0.99298	  0.00702049
57	1	3	1	2	453	57	 0.000816757	    0.999183	2	    0.999043	 0.000957025	1	    0.987574	   0.0124257	    0.999052	  0.00094765
57	1	3	1	3	454	57	 0.000816757	    0.999183	2	    0.997948	  0.00205216	1	    0.973698	   0.0263024	    0.997968	  0.00203234
57	2	3	1	2	455	57	 0.000816757	    0.999183	2	    0.992728	  0.00727165	1	    0.912179	   0.0878205	    0.992794	  0.00720581
57	1	3	1	1	456	57	 0.000816757	    0.999183	2	    0.999939	 6.05816e-05	1	    0.999205	 0.000795039	     0.99994	 5.99812e-05
58	1	3	1	1	457	58	    0.262341	    0.737659	2	    0.999747	 0.000252817	1	    0.999205	 0.000795039	     0.99994	 5.99812e-05
58	1	1	1	2	458	58	    0.262341	    0.737659	2	      0.8714	      0.1286	1	     0.62934	     0.37066	    0.957486	   0.0425138
58	1	2	3	1	459	58	    0.262341	    0.737659	2	    0.878213	    0.121787	1	      0.6469	      0.3531	    0.960477	   0.0395234
58	1	2	2	1	460	58	    0.262341	    0.737659	2	    0.959829	   0.0401707	1	    0.876445	    0.123555	    0.989484	    0.010516
58	2	1	3	3	461	58	    0.262341	    0.737659	2	   0.0226369	    0.977363	2	  0.00231535	    0.997685	    0.029864	    0.970136
58	2	2	2	1	462	58	    0.262341	    0.737659	2	    0.808387	    0.191613	1	    0.481071	    0.518929	    0.924794	   0.0752058
58	2	1	3	3	463	58	    0.262341	    0.737659	2	   0.0226369	    0.977363	2	  0.00231535	    0.997685	    0.029864	    0.970136
58	2	1	3	1	464	58	    0.262341	    0.737659	2	    0.396121	    0.603879	2	    0.073034	    0.926966	    0.511024	    0.488976
59	3	1	2	1	465	59	    0.999038	 0.000961897	1	   0.0490623	    0.950938	2	     0.04872	     0.95128	     0.40453	     0.59547
59	2	2	3	3	466	59	    0.999038	 0.000961897	1	   0.0070786	    0.992921	2	  0.00700305	    0.992997	   0.0855449	    0.914455
59	1	3	1	2	467	59	    0.999038	 0.000961897	1	    0.987585	   0.0124147	1	    0.987574	   0.0124257	    0.999052	  0.00094765
59	2	1	3	2	468	59	    0.999038	 0.000961897	1	  0.00501261	    0.994987	2	  0.00495775	    0.995042	   0.0619929	    0.938007
59	3	2	1	2	469	59	    0.999038	 0.000961897	1	    0.102174	    0.897826	2	    0.101695	    0.898305	    0.600263	    0.399737
59	3	1	3	3	470	59	    0.999038	 0.000961897	1	 0.000394035	    0.999606	2	 0.000389465	    0.999611	  0.00514151	    0.994858
59	3	1	2	2	471	59	    0.999038	 0.000961897	1	  0.00326483	    0.996735	2	  0.00322832	    0.996772	   0.0411913	    0.958809
59	3	2	3	3	472	59	    0.999038	 0.000961897	1	  0.00119634	    0.998804	2	   0.0011826	    0.998817	   0.0154624	    0.984538
60	1	3	1	1	473	60	     0.12127	     0.87873	2	    0.999851	 0.000149122	1	    0.999205	 0.000795039	     0.99994	 5.99812e-05
60	2	2	3	2	474	60	     0.12127	     0.87873	2	    0.148776	    0.851224	2	   0.0149153	    0.985085	     0.16725	     0.83275
60	1	2	2	1	475	60	     0.12127	     0.87873	2	    0.975776	   0.0242243	1	    0.876445	    0.123555	    0.989484	    0.010516
60	3	1	2	2	476	60	     0.12127	     0.87873	2	   0.0365875	    0.963413	2	  0.00322832	    0.996772	   0.0411913	    0.958809
60	1	3	1	2	477	60	     0.12127	     0.87873	2	     0.99766	   0.0023396	1	    0.987574	   0.0124257	    0.999052	  0.00094765
60	1	2	1	1	478	60	     0.12127	     0.87873	2	    0.997721	   0.0022795	1	    0.987892	   0.0121078	    0.999077	  0.00092313
60	3	2	3	3	479	60	     0.12127	     0.87873	2	   0.0137307	    0.986269	2	   0.0011826	    0.998817	   0.0154624	    0.984538
60	1	3	1	3	480	60	     0.12127	     0.87873	2	    0.995024	  0.00497558	1	    0.973698	   0.0263024	    0.997968	  0.00203234
61	1	3	1	1	481	61	    0.685485	    0.314515	1	    0.999436	 0.000563852	1	    0.999205	 0.000795039	     0.99994	 5.99812e-05
61	3	1	3	2	482	61	    0.685485	    0.314515	1	  0.00402434	    0.995976	2	 0.000835783	    0.999164	   0.0109738	    0.989026
61	2	3	3	1	483	61	    0.685485	    0.314515	1	    0.847481	    0.152519	1	    0.786693	    0.213307	    0.979968	   0.0200318
61	3	2	2	3	484	61	    0.685485	    0.314515	1	   0.0211572	    0.978843	2	  0.00456342	    0.995437	   0.0573234	    0.942677
61	3	1	3	2	485	61	    0.685485	    0.314515	1	  0.00402434	    0.995976	2	 0.000835783	    0.999164	   0.0109738	    0.989026
61	2	1	3	2	486	61	    0.685485	    0.314515	1	   0.0228961	    0.977104	2	  0.00495775	    0.995042	   0.0619929	    0.938007
61	1	3	1	2	487	61	    0.685485	    0.314515	1	    0.991184	  0.00881571	1	    0.987574	   0.0124257	    0.999052	  0.00094765
61	1	3	1	3	488	61	    0.685485	    0.314515	1	    0.981331	   0.0186691	1	    0.973698	   0.0263024	    0.997968	  0.00203234
62	1	3	2	1	489	62	    0.950645	   0.0493554	1	    0.991345	  0.00865537	1	    0.990931	  0.00906894	    0.999311	 0.000689479
62	3	2	3	1	490	62	    0.950645	   0.0493554	1	   0.0539002	      0.9461	2	   0.0386434	    0.961357	    0.347766	    0.652234
62	1	1	2	3	491	62	    0.950645	   0.0493554	1	   0.0846998	      0.9153	2	   0.0643328	    0.935667	    0.476992	    0.523008
62	1	3	1	1	492	62	    0.950645	   0.0493554	1	    0.999241	  0.00075876	1	    0.999205	 0.000795039	     0.99994	 5.99812e-05
62	3	1	3	3	493	62	    0.950645	   0.0493554	1	 0.000624004	    0.999376	2	 0.000389465	    0.999611	  0.00514151	    0.994858
62	3	1	3	2	494	62	    0.950645	   0.0493554	1	  0.00133615	    0.998664	2	 0.000835783	    0.999164	   0.0109738	    0.989026
62	1	1	3	1	495	62	    0.950645	   0.0493554	1	    0.401426	    0.598574	2	     0.37612	     0.62388	     0.88885	     0.11115
62	2	2	3	2	496	62	    0.950645	   0.0493554	1	   0.0224338	    0.977566	2	   0.0149153	    0.985085	     0.16725	     0.83275
63	3	1	3	2	497	63	  0.00131456	    0.998685	2	   0.0109605	     0.98904	2	 0.000835783	    0.999164	   0.0109738	    0.989026
63	1	3	2	3	498	63	  0.00131456	    0.998685	2	    0.976831	   0.0231693	1	    0.762947	    0.237053	    0.977112	   0.0228877
63	1	3	1	2	499	63	  0.00131456	    0.998685	2	    0.999037	 0.000962739	1	    0.987574	   0.0124257	    0.999052	  0.00094765
63	1	1	1	1	500	63	  0.00131456	    0.998685	2	    0.997156	  0.00284355	1	    0.964092	   0.0359079	      0.9972	  0.00280002
63	1	3	1	1	501	63	  0.00131456	    0.998685	2	    0.999939	 6.09475e-05	1	    0.999205	 0.000795039	     0.99994	 5.99812e-05
63	1	3	1	3	502	63	  0.00131456	    0.998685	2	    0.997936	  0.00206424	1	    0.973698	   0.0263024	    0.997968	  0.00203234
63	1	3	2	2	503	63	  0.00131456	    0.998685	2	    0.989055	   0.0109446	1	    0.873575	    0.126425	    0.989207	   0.0107926
63	1	1	1	1	504	63	  0.00131456	    0.998685	2	    0.997156	  0.00284355	1	    0.964092	   0.0359079	      0.9972	  0.00280002
64	1	2	1	2	505	64	    0.001085	    0.998915	2	    0.985439	   0.0145612	1	    0.837655	    0.162345	    0.985599	   0.0144007
64	1	3	1	3	506	64	    0.001085	    0.998915	2	    0.997941	  0.00205867	1	    0.973698	   0.0263024	    0.997968	  0.00203234
64	1	3	1	1	507	64	    0.001085	    0.998915	2	    0.999939	 6.07788e-05	1	    0.999205	 0.000795039	     0.99994	 5.99812e-05
64	1	3	1	1	508	64	    0.001085	    0.998915	2	    0.999939	 6.07788e-05	1	    0.999205	 0.000795039	     0.99994	 5.99812e-05
64	2	2	1	1	509	64	    0.001085	    0.998915	2	    0.992894	  0.00710591	1	    0.914259	   0.0857411	     0.99298	  0.00702049
64	3	3	1	1	510	64	    0.001085	    0.998915	2	    0.997238	  0.00276151	1	    0.965004	   0.0349956	    0.997273	   0.0027265
64	3	1	2	2	511	64	    0.001085	    0.998915	2	   0.0411501	     0.95885	2	  0.00322832	    0.996772	   0.0411913	    0.958809
64	1	3	2	1	512	64	    0.001085	    0.998915	2	    0.999301	 0.000698571	1	    0.990931	  0.00906894	    0.999311	 0.000689479
65	3	1	2	3	513	65	  0.00183703	    0.998163	2	   0.0195845	    0.980416	2	  0.00150628	    0.998494	   0.0196177	    0.980382
65	1	3	2	1	514	65	  0.00183703	    0.998163	2	    0.999295	 0.000704872	1	    0.990931	  0.00906894	    0.999311	 0.000689479
65	1	3	2	2	515	65	  0.00183703	    0.998163	2	    0.988995	    0.011005	1	    0.873575	    0.126425	    0.989207	   0.0107926
65	1	3	1	1	516	65	  0.00183703	    0.998163	2	    0.999939	 6.13316e-05	1	    0.999205	 0.000795039	     0.99994	 5.99812e-05
65	1	3	1	2	517	65	  0.00183703	    0.998163	2	    0.999031	 0.000968736	1	    0.987574	   0.0124257	    0.999052	  0.00094765
65	1	3	1	1	518	65	  0.00183703	    0.998163	2	    0.999939	 6.13316e-05	1	    0.999205	 0.000795039	     0.99994	 5.99812e-05
65	2	3	2	2	519	65	  0.00183703	    0.998163	2	    0.922125	   0.0778751	1	    0.474524	    0.525476	    0.922949	   0.0770513
65	1	3	2	1	520	65	  0.00183703	    0.998163	2	    0.999295	 0.000704872	1	    0.990931	  0.00906894	    0.999311	 0.000689479
66	3	3	3	2	521	66	     0.98521	   0.0147897	1	   0.0421787	    0.957821	2	   0.0376803	     0.96232	    0.341838	    0.658162
66	2	1	3	3	522	66	     0.98521	   0.0147897	1	  0.00272279	    0.997277	2	  0.00231535	    0.997685	    0.029864	    0.970136
66	2	3	2	2	523	66	     0.98521	   0.0147897	1	    0.481156	    0.518844	2	    0.474524	    0.525476	    0.922949	   0.0770513
66	1	1	1	3	524	66	     0.98521	   0.0147897	1	    0.448575	    0.551425	2	    0.441604	    0.558396	    0.912969	   0.0870309
66	3	2	3	3	525	66	     0.98521	   0.0147897	1	   0.0013938	    0.998606	2	   0.0011826	    0.998817	   0.0154624	    0.984538
66	1	2	1	1	526	66	     0.98521	   0.0147897	1	    0.988058	   0.0119424	1	    0.987892	   0.0121078	    0.999077	  0.00092313
66	3	1	3	3	527	66	     0.98521	   0.0147897	1	 0.000459746	     0.99954	2	 0.000389465	    0.999611	  0.00514151	    0.994858
66	3	1	2	3	528	66	     0.98521	   0.0147897	1	  0.00177415	    0.998226	2	  0.00150628	    0.998494	   0.0196177	    0.980382
67	1	3	2	1	529	67	  0.00188845	    0.998112	2	    0.999295	 0.000705303	1	    0.990931	  0.00906894	    0.999311	 0.000689479
67	1	3	2	1	530	67	  0.00188845	    0.998112	2	    0.999295	 0.000705303	1	    0.990931	  0.00906894	    0.999311	 0.000689479
67	1	3	1	1	531	67	  0.00188845	    0.998112	2	    0.999939	 6.13694e-05	1	    0.999205	 0.000795039	     0.99994	 5.99812e-05
67	2	2	1	1	532	67	  0.00188845	    0.998112	2	    0.992831	  0.00716915	1	    0.914259	   0.0857411	     0.99298	  0.00702049
67	2	3	3	1	533	67	  0.00188845	    0.998112	2	    0.979603	   0.0203968	1	    0.786693	    0.213307	    0.979968	   0.0200318
67	1	3	2	1	534	67	  0.00188845	    0.998112	2	    0.999295	 0.000705303	1	    0.990931	  0.00906894	    0.999311	 0.000689479
67	1	2	2	3	535	67	  0.00188845	    0.998112	2	    0.733794	    0.266206	1	    0.172831	    0.827169	    0.734855	    0.265145
67	1	1	2	2	536	67	  0.00188845	    0.998112	2	    0.660932	    0.339068	1	    0.128628	    0.871372	    0.661939	    0.338061
68	3	2	2	2	537	68	     0.10415	     0.89585	2	    0.104466	    0.895534	2	  0.00974636	    0.990254	    0.115478	    0.884522
68	1	2	1	1	538	68	     0.10415	     0.89585	2	    0.997912	  0.00208802	1	    0.987892	   0.0121078	    0.999077	  0.00092313
68	1	3	2	1	539	68	     0.10415	     0.89585	2	    0.998438	   0.0015622	1	    0.990931	  0.00906894	    0.999311	 0.000689479
68	2	3	1	1	540	68	     0.10415	     0.89585	2	    0.998959	  0.00104126	1	    0.993949	  0.00605148	    0.999541	 0.000458781
68	2	3	2	1	541	68	     0.10415	     0.89585	2	    0.988479	   0.0115209	1	    0.934554	   0.0654457	    0.994748	  0.00525167
68	3	3	1	1	542	68	     0.10415	     0.89585	2	    0.993913	  0.00608734	1	    0.965004	   0.0349956	    0.997273	   0.0027265
68	2	2	3	3	543	68	     0.10415	     0.89585	2	   0.0773647	    0.922635	2	  0.00700305	    0.992997	   0.0855449	    0.914455
68	3	1	3	1	544	68	     0.10415	     0.89585	2	     0.13508	     0.86492	2	   0.0130547	    0.986945	    0.149266	    0.850734
69	2	3	1	2	545	69	   0.0286542	    0.971346	2	    0.990484	  0.00951575	1	    0.912179	   0.0878205	    0.992794	  0.00720581
69	1	2	1	1	546	69	   0.0286542	    0.971346	2	    0.998756	  0.00124362	1	    0.987892	   0.0121078	    0.999077	  0.00092313
69	3	1	3	2	547	69	   0.0286542	    0.971346	2	   0.0106833	    0.989317	2	 0.000835783	    0.999164	   0.0109738	    0.989026
69	1	3	1	1	548	69	   0.0286542	    0.971346	2	    0.999919	 8.10437e-05	1	    0.999205	 0.000795039	     0.99994	 5.99812e-05
69	2	2	1	1	549	69	   0.0286542	    0.971346	2	    0.990724	  0.00927617	1	    0.914259	   0.0857411	     0.99298	  0.00702049
69	2	3	3	3	550	69	   0.0286542	    0.971346	2	    0.576219	    0.423781	1	   0.0979882	    0.902012	    0.590326	    0.409674
69	3	2	2	1	551	69	   0.0286542	    0.971346	2	    0.658234	    0.341766	1	    0.134677	    0.865323	    0.673678	    0.326322
69	1	3	1	1	552	69	   0.0286542	    0.971346	2	    0.999919	 8.10437e-05	1	    0.999205	 0.000795039	     0.99994	 5.99812e-05
70	1	3	1	1	553	70	    0.245437	    0.754563	2	     0.99976	 0.000240391	1	    0.999205	 0.000795039	     0.99994	 5.99812e-05
70	1	3	1	1	554	70	    0.245437	    0.754563	2	     0.99976	 0.000240391	1	    0.999205	 0.000795039	     0.99994	 5.99812e-05
70	1	3	1	3	555	70	    0.245437	    0.754563	2	    0.992011	  0.00798911	1	    0.973698	   0.0263024	    0.997968	  0.00203234
70	3	1	3	3	556	70	    0.245437	    0.754563	2	  0.00397518	    0.996025	2	 0.000389465	    0.999611	  0.00514151	    0.994858
70	3	3	1	2	557	70	    0.245437	    0.754563	2	    0.879279	    0.120721	1	    0.635543	    0.364457	    0.958559	   0.0414409
70	1	1	1	2	558	70	    0.245437	    0.754563	2	    0.876947	    0.123053	1	     0.62934	     0.37066	    0.957486	   0.0425138
70	2	1	3	3	559	70	    0.245437	    0.754563	2	   0.0231026	    0.976897	2	  0.00231535	    0.997685	    0.029864	    0.970136
70	3	1	2	3	560	70	    0.245437	    0.754563	2	   0.0151725	    0.984827	2	  0.00150628	    0.998494	   0.0196177	    0.980382
71	2	2	2	1	561	71	    0.326728	    0.673272	2	    0.779818	    0.220182	1	    0.481071	    0.518929	    0.924794	   0.0752058
71	1	2	2	3	562	71	    0.326728	    0.673272	2	    0.551226	    0.448774	1	    0.172831	    0.827169	    0.734855	    0.265145
71	1	1	3	1	563	71	    0.326728	    0.673272	2	    0.721327	    0.278673	1	     0.37612	     0.62388	     0.88885	     0.11115
71	1	3	1	1	564	71	    0.326728	    0.673272	2	      0.9997	 0.000300145	1	    0.999205	 0.000795039	     0.99994	 5.99812e-05
71	1	1	3	3	565	71	    0.326728	    0.673272	2	    0.134055	    0.865945	2	   0.0174479	    0.982552	    0.190643	    0.809357
71	3	1	3	3	566	71	    0.326728	    0.673272	2	  0.00358889	    0.996411	2	 0.000389465	    0.999611	  0.00514151	    0.994858
71	1	1	2	1	567	71	    0.326728	    0.673272	2	    0.880945	    0.119055	1	    0.700083	    0.299917	    0.968714	   0.0312863
71	1	3	3	3	568	71	    0.326728	    0.673272	2	    0.765596	    0.234404	1	    0.453921	    0.546079	    0.916847	   0.0831533
72	2	3	1	1	569	72	  0.00264766	    0.997352	2	    0.999526	 0.000473589	1	    0.993949	  0.00605148	    0.999541	 0.000458781
72	1	3	1	1	570	72	  0.00264766	    0.997352	2	    0.999938	 6.19274e-05	1	    0.999205	 0.000795039	     0.99994	 5.99812e-05
72	1	3	2	1	571	72	  0.00264766	    0.997352	2	    0.999288	 0.000711665	1	    0.990931	  0.00906894	    0.999311	 0.000689479
72	1	3	1	2	572	72	  0.00264766	    0.997352	2	    0.999022	  0.00097804	1	    0.987574	   0.0124257	    0.999052	  0.00094765
72	3	3	1	1	573	72	  0.00264766	    0.997352	2	    0.997188	  0.00281194	1	    0.965004	   0.0349956	    0.997273	   0.0027265
72	1	1	1	2	574	72	  0.00264766	    0.997352	2	    0.956617	   0.0433827	1	     0.62934	     0.37066	    0.957486	   0.0425138
72	3	2	3	3	575	72	  0.00264766	    0.997352	2	   0.0154246	    0.984575	2	   0.0011826	    0.998817	   0.0154624	    0.984538
72	1	3	3	3	576	72	  0.00264766	    0.997352	2	    0.915621	   0.0843789	1	    0.453921	    0.546079	    0.916847	   0.0831533
73	2	1	3	3	577	73	   0.0432043	    0.956796	2	   0.0286738	    0.971326	2	  0.00231535	    0.997685	    0.029864	    0.970136
73	1	3	1	1	578	73	   0.0432043	    0.956796	2	    0.999908	 9.17389e-05	1	    0.999205	 0.000795039	     0.99994	 5.99812e-05
73	2	2	2	1	579	73	   0.0432043	    0.956796	2	    0.905623	   0.0943766	1	    0.481071	    0.518929	    0.924794	   0.0752058
73	2	2	1	2	580	73	   0.0432043	    0.956796	2	    0.877982	    0.122018	1	     0.40274	     0.59726	    0.899442	    0.100558
73	2	3	2	3	581	73	   0.0432043	    0.956796	2	    0.824162	    0.175838	1	     0.29608	     0.70392	    0.848008	    0.151992
73	1	3	3	3	582	73	   0.0432043	    0.956796	2	    0.896846	    0.103154	1	    0.453921	    0.546079	    0.916847	   0.0831533
73	2	2	2	1	583	73	   0.0432043	    0.956796	2	    0.905623	   0.0943766	1	    0.481071	    0.518929	    0.924794	   0.0752058
73	1	2	1	2	584	73	   0.0432043	    0.956796	2	    0.979207	   0.0207925	1	    0.837655	    0.162345	    0.985599	   0.0144007
74	1	3	3	1	585	74	 0.000355398	    0.999645	2	    0.997324	  0.00267553	1	    0.965777	   0.0342227	    0.997336	  0.00266432
74	1	3	3	3	586	74	 0.000355398	    0.999645	2	    0.916682	   0.0833178	1	    0.453921	    0.546079	    0.916847	   0.0831533
74	3	3	1	3	587	74	 0.000355398	    0.999645	2	      0.9149	   0.0850999	1	    0.448193	    0.551807	    0.915066	    0.084934
74	2	3	1	1	588	74	 0.000355398	    0.999645	2	    0.999539	 0.000460769	1	    0.993949	  0.00605148	    0.999541	 0.000458781
74	1	3	2	3	589	74	 0.000355398	    0.999645	2	    0.977036	   0.0229639	1	    0.762947	    0.237053	    0.977112	   0.0228877
74	1	3	1	1	590	74	 0.000355398	    0.999645	2	     0.99994	 6.02425e-05	1	    0.999205	 0.000795039	     0.99994	 5.99812e-05
74	2	3	1	1	591	74	 0.000355398	    0.999645	2	    0.999539	 0.000460769	1	    0.993949	  0.00605148	    0.999541	 0.000458781
74	1	1	1	1	592	74	 0.000355398	    0.999645	2	    0.997188	  0.00281179	1	    0.964092	   0.0359079	      0.9972	  0.00280002
75	2	2	2	2	593	75	    0.999894	 0.000106046	1	   0.0554189	    0.944581	2	   0.0553784	    0.944622	    0.437454	    0.562546
75	3	1	2	2	594	75	    0.999894	 0.000106046	1	  0.00323234	    0.996768	2	  0.00322832	    0.996772	   0.0411913	    0.958809
75	2	1	1	2	595	75	    0.999894	 0.000106046	1	    0.181659	    0.818341	2	    0.181599	    0.818401	    0.746407	    0.253593
75	3	2	3	3	596	75	    0.999894	 0.000106046	1	  0.00118412	    0.998816	2	   0.0011826	    0.998817	   0.0154624	    0.984538
75	3	2	3	2	597	75	    0.999894	 0.000106046	1	  0.00253872	    0.997461	2	  0.00253553	    0.997464	   0.0326184	    0.967382
75	3	1	3	2	598	75	    0.999894	 0.000106046	1	 0.000836858	    0.999163	2	 0.000835783	    0.999164	   0.0109738	    0.989026
75	3	2	3	2	599	75	    0.999894	 0.000106046	1	  0.00253872	    0.997461	2	  0.00253553	    0.997464	   0.0326184	    0.967382
75	3	2	3	2	600	75	    0.999894	 0.000106046	1	  0.00253872	    0.997461	2	  0.00253553	    0.997464	   0.0326184	    0.967382
76	2	3	2	3	601	76	  0.00881979	     0.99118	2	     0.84314	     0.15686	1	     0.29608	     0.70392	    0.848008	    0.151992
76	1	3	1	1	602	76	  0.00881979	     0.99118	2	    0.999934	 6.64643e-05	1	    0.999205	 0.000795039	     0.99994	 5.99812e-05
76	1	3	1	1	603	76	  0.00881979	     0.99118	2	    0.999934	 6.64643e-05	1	    0.999205	 0.000795039	     0.99994	 5.99812e-05
76	2	1	2	3	604	76	  0.00881979	     0.99118	2	    0.105636	    0.894364	2	  0.00890559	    0.991094	    0.106497	    0.893503
76	1	1	3	1	605	76	  0.00881979	     0.99118	2	    0.884327	    0.115673	1	     0.37612	     0.62388	     0.88885	     0.11115
76	1	3	1	1	606	76	  0.00881979	     0.99118	2	    0.999934	 6.64643e-05	1	    0.999205	 0.000795039	     0.99994	 5.99812e-05
76	1	2	1	2	607	76	  0.00881979	     0.99118	2	    0.984294	   0.0157055	1	    0.837655	    0.162345	    0.985599	   0.0144007
76	1	3	3	2	608	76	  0.00881979	     0.99118	2	    0.956659	   0.0433415	1	    0.640884	    0.359116	    0.959468	   0.0405316
77	2	3	1	1	609	77	    0.992017	  0.00798265	1	    0.993993	  0.00600683	1	    0.993949	  0.00605148	    0.999541	 0.000458781
77	2	2	3	3	610	77	    0.992017	  0.00798265	1	  0.00763002	     0.99237	2	  0.00700305	    0.992997	   0.0855449	    0.914455
77	2	3	3	2	611	77	    0.992017	  0.00798265	1	    0.193643	    0.806357	2	     0.18912	     0.81088	     0.75572	     0.24428
77	1	1	2	3	612	77	    0.992017	  0.00798265	1	   0.0676269	    0.932373	2	   0.0643328	    0.935667	    0.476992	    0.523008
77	2	3	3	2	613	77	    0.992017	  0.00798265	1	    0.193643	    0.806357	2	     0.18912	     0.81088	     0.75572	     0.24428
77	3	1	1	3	614	77	    0.992017	  0.00798265	1	   0.0184131	    0.981587	2	   0.0170557	    0.982944	    0.187099	    0.812901
77	2	1	3	2	615	77	    0.992017	  0.00798265	1	  0.00541304	    0.994587	2	  0.00495775	    0.995042	   0.0619929	    0.938007
77	2	2	2	3	616	77	    0.992017	  0.00798265	1	   0.0284909	    0.971509	2	   0.0265805	    0.973419	    0.265897	    0.734103
78	2	1	3	2	617	78	    0.993316	  0.00668366	1	  0.00533895	    0.994661	2	  0.00495775	    0.995042	   0.0619929	    0.938007
78	2	1	2	2	618	78	    0.993316	  0.00668366	1	   0.0201618	    0.979838	2	   0.0189264	    0.981074	    0.203754	    0.796246
78	3	1	3	3	619	78	    0.993316	  0.00668366	1	 0.000421226	    0.999579	2	 0.000389465	    0.999611	  0.00514151	    0.994858
78	3	1	2	1	620	78	    0.993316	  0.00668366	1	   0.0510981	    0.948902	2	     0.04872	     0.95128	     0.40453	     0.59547
78	3	1	2	3	621	78	    0.993316	  0.00668366	1	  0.00162733	    0.998373	2	  0.00150628	    0.998494	   0.0196177	    0.980382
78	2	1	2	3	622	78	    0.993316	  0.00668366	1	  0.00955786	    0.990442	2	  0.00890559	    0.991094	    0.106497	    0.893503
78	2	3	1	1	623	78	    0.993316	  0.00668366	1	    0.993986	   0.0060141	1	    0.993949	  0.00605148	    0.999541	 0.000458781
78	1	3	3	1	624	78	    0.993316	  0.00668366	1	    0.965988	   0.0340118	1	    0.965777	   0.0342227	    0.997336	  0.00266432
79	2	3	2	1	625	79	    0.637996	    0.362004	1	    0.956345	   0.0436552	1	    0.934554	   0.0654457	    0.994748	  0.00525167
79	1	1	2	3	626	79	    0.637996	    0.362004	1	    0.213717	    0.786283	2	   0.0643328	    0.935667	    0.476992	    0.523008
79	1	3	1	1	627	79	    0.637996	    0.362004	1	    0.999471	 0.000528945	1	    0.999205	 0.000795039	     0.99994	 5.99812e-05
79	3	1	2	3	628	79	    0.637996	    0.362004	1	  0.00806271	    0.991937	2	  0.00150628	    0.998494	   0.0196177	    0.980382
79	3	3	1	3	629	79	    0.637996	    0.362004	1	    0.617203	    0.382797	1	    0.448193	    0.551807	    0.915066	    0.084934
79	2	2	2	2	630	79	    0.637996	    0.362004	1	    0.193692	    0.806308	2	   0.0553784	    0.944622	    0.437454	    0.562546
79	1	1	1	2	631	79	    0.637996	    0.362004	1	     0.74813	     0.25187	1	     0.62934	     0.37066	    0.957486	   0.0425138
79	2	2	3	2	632	79	    0.637996	    0.362004	1	   0.0700611	    0.929939	2	   0.0149153	    0.985085	     0.16725	     0.83275
80	2	3	1	1	633	80	   0.0001206	    0.999879	2	    0.999541	 0.000459456	1	    0.993949	  0.00605148	    0.999541	 0.000458781
80	3	3	2	1	634	80	   0.0001206	    0.999879	2	    0.969481	   0.0305195	1	    0.705656	    0.294344	    0.969512	   0.0304876
80	2	3	2	1	635	80	   0.0001206	    0.999879	2	    0.994741	  0.00525893	1	    0.934554	   0.0654457	    0.994748	  0.00525167
80	2	3	3	1	636	80	   0.0001206	    0.999879	2	    0.979945	   0.0200551	1	    0.786693	    0.213307	    0.979968	   0.0200318
80	1	3	1	2	637	80	   0.0001206	    0.999879	2	    0.999051	 0.000949035	1	    0.987574	   0.0124257	    0.999052	  0.00094765
80	1	2	1	1	638	80	   0.0001206	    0.999879	2	    0.999076	 0.000924479	1	    0.987892	   0.0121078	    0.999077	  0.00092313
80	1	3	3	1	639	80	   0.0001206	    0.999879	2	    0.997332	  0.00266812	1	    0.965777	   0.0342227	    0.997336	  0.00266432
80	1	3	1	1	640	80	   0.0001206	    0.999879	2	     0.99994	 6.00699e-05	1	    0.999205	 0.000795039	     0.99994	 5.99812e-05
