g	y1	y2	y3	id	g	GClass#1	GClass#2	GClass#	Cluster#1	Cluster#2	Cluster#	joint2_1_1	joint2_1_2	joint2_2_1	joint2_2_2
1	1.8473759255461	1.48822749785577	-0.189980183559567	1	1	    0.981686	    0.018314	1	    0.156911	    0.843089	2	    0.159452	    0.840548	   0.0207059	    0.979294
1	1.17420029404638	2.52065130286084	1.45947896943292	2	1	    0.981686	    0.018314	1	   0.0449949	    0.955005	2	   0.0457352	    0.954265	  0.00531353	    0.994686
1	0.81923512809121	-0.596343821684926	0.923182857427171	3	1	    0.981686	    0.018314	1	    0.955711	   0.0442887	1	    0.959965	   0.0400352	    0.727711	    0.272289
1	0.28193128968164	0.325041079244577	-0.628791396250023	4	1	    0.981686	    0.018314	1	    0.987259	   0.0127406	1	     0.98875	   0.0112502	    0.907372	   0.0926282
1	-1.33646393987234	-1.2711423373141	-0.0341063428942818	5	1	    0.981686	    0.018314	1	    0.999979	 2.07912e-05	1	    0.999982	 1.81429e-05	    0.999837	 0.000162752
1	-0.617854062893971	-2.18007398794192	0.456189173456933	6	1	    0.981686	    0.018314	1	    0.999944	 5.57169e-05	1	    0.999951	 4.86214e-05	    0.999564	 0.000436057
1	-0.970567912484072	-0.269846380097227	-0.797232526269066	7	1	    0.981686	    0.018314	1	    0.999843	 0.000156587	1	    0.999863	  0.00013666	    0.998775	  0.00122476
1	0.217852772579369	0.350572599974192	-1.24276539085558	8	1	    0.981686	    0.018314	1	    0.992247	  0.00775301	1	    0.993184	  0.00681566	    0.942002	   0.0579981
1	-1.26542322230088	-0.571877053026141	2.53344319504889	9	1	    0.981686	    0.018314	1	    0.998844	  0.00115598	1	     0.99899	  0.00100987	    0.991012	  0.00898809
1	3.00653331461473	4.12437897587942	2.02199493936835	10	1	    0.981686	    0.018314	1	 2.33329e-05	    0.999977	2	 2.37189e-05	    0.999976	 2.64375e-06	    0.999997
2	-0.251409698997466	-3.26130103982866	0.767513443206401	11	2	  0.00165183	    0.998348	2	    0.999714	 0.000286066	1	    0.999968	 3.19397e-05	    0.999714	 0.000286486
2	1.2838663142414	1.21148745714112	2.51208277783746	12	2	  0.00165183	    0.998348	2	  0.00798686	    0.992013	2	   0.0665983	    0.933402	  0.00788988	     0.99211
2	2.95776784765863	4.1973874117148	-0.34238919045812	13	2	  0.00165183	    0.998348	2	 2.75414e-05	    0.999972	2	 0.000243835	    0.999756	 2.71836e-05	    0.999973
2	1.96646206659232	0.166673834830358	1.1718739869502	14	2	  0.00165183	    0.998348	2	   0.0330961	    0.966904	2	    0.233084	    0.766916	   0.0327652	    0.967235
2	2.31656833810385	2.65389094363856	0.167335251620389	15	2	  0.00165183	    0.998348	2	 0.000866076	    0.999134	2	  0.00761818	    0.992382	 0.000854904	    0.999145
2	0.0470865705376568	0.100298942812333	1.3801350058611	16	2	  0.00165183	    0.998348	2	    0.814476	    0.185524	1	    0.975198	   0.0248024	     0.81421	     0.18579
2	1.00171480706949	1.12867672739044	2.13348461163204	17	2	  0.00165183	    0.998348	2	   0.0298821	    0.970118	2	    0.214727	    0.785273	   0.0295762	    0.970424
2	1.35448855400643	2.80639354850664	2.20842551619905	18	2	  0.00165183	    0.998348	2	  0.00091219	    0.999088	2	  0.00802096	    0.991979	 0.000900428	      0.9991
2	3.40642051706153	0.78956093193032	0.89229110565456	19	2	  0.00165183	    0.998348	2	 0.000517602	    0.999482	2	  0.00456519	    0.995435	 0.000510905	    0.999489
2	2.2954025807921	0.760323317149696	2.40046622798688	20	2	  0.00165183	    0.998348	2	  0.00143094	    0.998569	2	   0.0125323	    0.987468	  0.00141257	    0.998587
3	1.7645270265543	1.55542795190823	1.26619888490742	21	3	    0.997585	  0.00241505	1	   0.0525164	    0.947484	2	   0.0526286	    0.947371	  0.00615371	    0.993846
3	-0.262528375003954	-0.217614827089774	-0.47850493455185	22	3	    0.997585	  0.00241505	1	    0.998703	  0.00129732	1	    0.998727	  0.00127309	    0.988693	   0.0113072
3	0.998209833771386	0.0051797037635557	-1.56906259535903	23	3	    0.997585	  0.00241505	1	    0.973598	   0.0264021	1	    0.974002	   0.0259983	     0.80679	     0.19321
3	0.682795892196411	-0.228180567776726	0.51035225784634	24	3	    0.997585	  0.00241505	1	    0.965992	   0.0340076	1	    0.966485	   0.0335155	    0.762704	    0.237296
3	-0.0554355219430522	0.504412701579178	-1.61560696334814	25	3	    0.997585	  0.00241505	1	     0.99649	  0.00350983	1	    0.996555	  0.00344549	    0.969914	   0.0300862
3	-2.15418141178167	-1.18893780997104	0.12748182098141	26	3	    0.997585	  0.00241505	1	    0.999998	 2.35804e-06	1	    0.999998	  2.3135e-06	    0.999979	  2.0756e-05
3	1.17602887583855	0.357115129050485	2.67691566630089	27	3	    0.997585	  0.00241505	1	    0.216091	    0.783909	2	    0.216542	    0.783458	   0.0298858	    0.970114
3	0.568000281024971	0.116069212804811	-0.211435615265198	28	3	    0.997585	  0.00241505	1	    0.976407	    0.023593	1	    0.976775	   0.0232245	    0.824183	    0.175817
3	-1.02848177522618	-0.748368340543984	-0.516718251304872	29	3	    0.997585	  0.00241505	1	    0.999932	 6.84104e-05	1	    0.999933	 6.71189e-05	    0.999398	 0.000601861
3	0.144806031165182	-0.679522120808401	-0.78286752794961	30	3	    0.997585	  0.00241505	1	    0.998449	  0.00155099	1	    0.998478	  0.00152208	    0.986508	   0.0134922
4	-1.45107615239174	0.0375723596362088	0.48968465768038	31	4	    0.695013	    0.304987	1	    0.999469	 0.000531447	1	    0.999845	 0.000155034	    0.998611	  0.00138923
4	0.331761260207027	1.44326273040221	1.44340492055786	32	4	    0.695013	    0.304987	1	    0.540414	    0.459586	1	    0.690251	    0.309749	    0.198961	    0.801039
4	2.9021695926983	2.60767491112079	1.39011408835117	33	4	    0.695013	    0.304987	1	 0.000434956	    0.999565	2	 0.000596627	    0.999403	 6.65348e-05	    0.999933
4	-2.01920957921401	-2.62683244055358	-0.109722284390775	34	4	    0.695013	    0.304987	1	    0.999999	 1.01555e-06	1	           1	 2.95965e-07	    0.999997	 2.65536e-06
4	-0.429072021784754	-0.63136352245273	0.908872908686452	35	4	    0.695013	    0.304987	1	    0.995263	  0.00473686	1	    0.998607	  0.00139267	    0.987642	   0.0123577
4	3.44489595546024	3.4236251489937	0.664159101110086	36	4	    0.695013	    0.304987	1	  7.3705e-05	    0.999926	2	 0.000101103	    0.999899	 1.12699e-05	    0.999989
4	3.19829656158154	0.792905721863901	-1.84334964974748	37	4	    0.695013	    0.304987	1	   0.0359631	    0.964037	2	   0.0492266	    0.950773	  0.00573773	    0.994262
4	1.86042618534323	1.5295675748514	-0.364950260204546	38	4	    0.695013	    0.304987	1	    0.120701	    0.879299	2	     0.16426	     0.83574	   0.0214371	    0.978563
4	0.389782852088196	0.172830788584834	-0.510833310469949	39	4	    0.695013	    0.304987	1	    0.959177	   0.0408234	1	    0.987151	   0.0128494	    0.895429	    0.104571
4	-0.0588975492372227	0.513643909738765	-0.72454313987363	40	4	    0.695013	    0.304987	1	    0.981151	   0.0188485	1	     0.99431	  0.00568996	    0.951165	   0.0488346
5	-0.0899158228410208	-1.03827429918145	0.580943382598814	41	5	    0.959912	   0.0400876	1	    0.998216	  0.00178402	1	    0.998644	  0.00135592	    0.987965	   0.0120351
5	1.76233680009461	1.42100711995404	0.857711309250263	42	5	    0.959912	   0.0400876	1	   0.0909491	    0.909051	2	   0.0942684	    0.905732	   0.0114676	    0.988532
5	0.53132306644692	0.19730106969615	0.540531518941237	43	5	    0.959912	   0.0400876	1	    0.946127	   0.0538734	1	    0.956068	   0.0439322	    0.708081	    0.291919
5	-0.214310426487549	1.64923870780639	-0.860794015248772	44	5	    0.959912	   0.0400876	1	    0.975947	   0.0240533	1	    0.981097	   0.0189028	    0.852616	    0.147384
5	0.924324420907815	-1.22319768709899	0.871895131985899	45	5	    0.959912	   0.0400876	1	     0.97538	   0.0246202	1	    0.980637	   0.0193635	    0.849504	    0.150496
5	1.61654635374873	1.90067973040349	0.93571189634804	46	5	    0.959912	   0.0400876	1	   0.0612115	    0.938788	2	   0.0634548	    0.936545	  0.00749522	    0.992505
5	0.100888211272315	-0.54932954598612	-0.767724933543253	47	5	    0.959912	   0.0400876	1	    0.997803	  0.00219668	1	    0.998329	  0.00167067	    0.985208	   0.0147921
5	1.46294834484706	2.15233544004563	0.335194989977151	48	5	    0.959912	   0.0400876	1	    0.103963	    0.896037	2	     0.10775	     0.89225	   0.0132813	    0.986719
5	-2.92348359717856	-4.08108877279162	0.271685726589366	49	5	    0.959912	   0.0400876	1	           1	 3.84309e-09	1	           1	 2.91237e-09	           1	 2.61295e-08
5	0.586521900477756	0.931031233607271	0.354773177231761	50	5	    0.959912	   0.0400876	1	    0.861783	    0.138217	1	     0.87908	     0.12092	    0.447606	    0.552394
6	2.67585203941407	2.31300728564719	-0.0732137455530206	51	6	    0.972005	    0.027995	1	  0.00619828	    0.993802	2	  0.00635628	    0.993644	  0.00071249	    0.999288
6	1.33566849309794	-0.631358774714257	0.859981224078582	52	6	    0.972005	    0.027995	1	    0.863904	    0.136096	1	    0.876092	    0.123908	    0.440739	    0.559261
6	-0.812213562384834	-2.09322759782784	0.471597601961248	53	6	    0.972005	    0.027995	1	    0.999959	  4.0525e-05	1	    0.999967	 3.31328e-05	    0.999703	 0.000297186
6	0.40451891875938	-1.92074383369277	-0.965034548365096	54	6	    0.972005	    0.027995	1	    0.999519	 0.000481373	1	    0.999606	 0.000393798	    0.996478	  0.00352205
6	-0.632027168145955	0.0284934060756676	-0.0618009010979745	55	6	    0.972005	    0.027995	1	    0.998867	  0.00113333	1	    0.999072	 0.000927952	    0.991736	  0.00826434
6	1.79053818109559	3.39658826991989	-0.353419168406171	56	6	    0.972005	    0.027995	1	   0.0138159	    0.986184	2	   0.0141677	    0.985832	  0.00159926	    0.998401
6	2.08169272228145	1.39052537071346	-1.00654368453457	57	6	    0.972005	    0.027995	1	       0.171	       0.829	2	    0.175259	    0.824741	   0.0231373	    0.976863
6	0.0559687946879503	-0.155547441915948	-0.986952534463734	58	6	    0.972005	    0.027995	1	    0.997114	   0.0028858	1	    0.997632	  0.00236828	    0.979146	   0.0208543
6	-0.542962153707807	-0.952943343345117	0.666273116184263	59	6	    0.972005	    0.027995	1	      0.9994	 0.000600222	1	    0.999509	 0.000491102	    0.995611	  0.00438893
6	0.257644732581464	0.615620462670462	-0.503022989375796	60	6	    0.972005	    0.027995	1	    0.978794	   0.0212058	1	     0.98221	   0.0177904	    0.860211	    0.139789
7	1.38223578798825	1.98021352920467	-1.22538312824187	61	7	     0.99341	  0.00659043	1	    0.366507	    0.633493	2	    0.368533	    0.631467	   0.0610763	    0.938924
7	2.54539741485289	1.76733142935831	1.04667612323372	62	7	     0.99341	  0.00659043	1	  0.00713713	    0.992863	2	  0.00717913	    0.992821	 0.000805318	    0.999195
7	0.382204261261064	0.505660139201327	0.166057691850402	63	7	     0.99341	  0.00659043	1	    0.964164	   0.0358358	1	    0.965536	   0.0344643	    0.757434	    0.242566
7	1.35698722545656	-0.419611724849356	0.493512697917052	64	7	     0.99341	  0.00659043	1	    0.869411	    0.130589	1	    0.872311	    0.127689	    0.432282	    0.567718
7	-1.60735383592923	-0.405050218779938	0.5428012407661	65	7	     0.99341	  0.00659043	1	    0.999944	 5.58757e-05	1	    0.999947	 5.30879e-05	    0.999524	 0.000476098
7	1.00870808425419	0.691783446043532	-1.0767295096821	66	7	     0.99341	  0.00659043	1	    0.905299	    0.094701	1	    0.907833	   0.0921669	    0.523324	    0.476676
7	-0.0211422428471197	0.337738927831895	0.264862685958464	67	7	     0.99341	  0.00659043	1	    0.989375	   0.0106246	1	    0.989863	   0.0101368	    0.915853	   0.0841467
7	-0.740907353840414	-0.706143936048634	1.33024738096759	68	7	     0.99341	  0.00659043	1	    0.999137	 0.000862566	1	     0.99918	  0.00081981	    0.992693	  0.00730749
7	-0.232258410878024	1.75289942470809	-0.730534478946997	69	7	     0.99341	  0.00659043	1	     0.97623	   0.0237704	1	    0.977219	   0.0227805	    0.827028	    0.172972
7	0.3624885705684	-0.12624962513254	-0.853288470338634	70	7	     0.99341	  0.00659043	1	    0.993633	  0.00636707	1	    0.993935	  0.00606496	    0.948095	   0.0519046
8	1.1258914104941	1.0502407711078	1.46919662665535	71	8	    0.995026	  0.00497386	1	    0.327219	    0.672781	2	    0.328596	    0.671404	   0.0517282	    0.948272
8	1.22117445639736	2.24001677037595	2.18000607628578	72	8	    0.995026	  0.00497386	1	   0.0266121	    0.973388	2	   0.0267299	     0.97327	  0.00305177	    0.996948
8	-0.814721948873579	-0.276578535829722	0.277690805538925	73	8	    0.995026	  0.00497386	1	    0.999516	 0.000484371	1	    0.999534	 0.000465972	    0.995835	  0.00416517
8	-0.927111935498454	-3.02892970438392	0.13189731652585	74	8	    0.995026	  0.00497386	1	    0.999996	 4.27035e-06	1	    0.999996	 4.10749e-06	    0.999963	 3.68507e-05
8	-1.58107460054057	-0.814386518333948	-1.39460973997919	75	8	    0.995026	  0.00497386	1	    0.999992	 7.89483e-06	1	    0.999992	 7.59375e-06	    0.999932	 6.81262e-05
8	-0.254441716935562	-0.137100775184202	0.807091067684585	76	8	    0.995026	  0.00497386	1	    0.995516	  0.00448416	1	    0.995681	  0.00431931	    0.962538	   0.0374624
8	-0.823135922537987	0.212757830690456	0.92210183245939	77	8	    0.995026	  0.00497386	1	    0.998177	  0.00182282	1	    0.998246	  0.00175434	    0.984477	   0.0155226
8	-1.70441380510076	-3.02920827357926	0.791796157911226	78	8	    0.995026	  0.00497386	1	    0.999999	 8.78904e-07	1	    0.999999	 8.45384e-07	    0.999992	 7.58464e-06
8	-0.601573933208238	0.0144073351102514	1.26317121287421	79	8	    0.995026	  0.00497386	1	     0.99649	  0.00350957	1	     0.99662	  0.00337952	    0.970475	   0.0295253
8	0.41162807914193	2.01764437024841	0.714757899989774	80	8	    0.995026	  0.00497386	1	    0.614723	    0.385277	1	    0.617034	    0.382966	    0.152243	    0.847757
9	1.08863832942884	1.46798915841412	2.4123135979302	81	9	 0.000643802	    0.999356	2	   0.0101383	    0.989862	2	   0.0837936	    0.916206	   0.0100909	    0.989909
9	4.12180976817062	3.42821363249509	0.43000300443387	82	9	 0.000643802	    0.999356	2	 2.83265e-06	    0.999997	2	 2.52839e-05	    0.999975	 2.81819e-06	    0.999997
9	1.59396643709118	2.60606763558179	1.25869747726203	83	9	 0.000643802	    0.999356	2	  0.00200138	    0.997999	2	   0.0175869	    0.982413	  0.00199134	    0.998009
9	1.28617637561315	-0.196357415916984	2.49619812025173	84	9	 0.000643802	    0.999356	2	   0.0648037	    0.935196	2	    0.382564	    0.617436	    0.064599	    0.935401
9	-0.538491960809705	-0.55515930747996	-0.0532331997761341	85	9	 0.000643802	    0.999356	2	    0.995605	  0.00439464	1	    0.999508	 0.000492025	    0.995603	  0.00439715
9	2.1343957801467	1.72412456027693	0.387084915731794	86	9	 0.000643802	    0.999356	2	  0.00447877	    0.995521	2	   0.0386138	    0.961386	  0.00445678	    0.995543
9	1.66558850681435	-0.149362070174245	1.07675718472175	87	9	 0.000643802	    0.999356	2	    0.115193	    0.884807	2	     0.53809	     0.46191	     0.11492	     0.88508
9	2.57790729070172	0.886991560463798	-0.248761287252706	88	9	 0.000643802	    0.999356	2	  0.00885419	    0.991146	2	   0.0738733	    0.926127	   0.0088123	    0.991188
9	2.25368178323314	1.34769265899533	0.851946374894552	89	9	 0.000643802	    0.999356	2	  0.00380131	    0.996199	2	   0.0329432	    0.967057	  0.00378254	    0.996217
9	2.26821249170644	0.182370878595507	-0.0777515713961106	90	9	 0.000643802	    0.999356	2	   0.0469393	    0.953061	2	    0.305666	    0.694334	   0.0467726	    0.953227
10	1.70653672644609	-0.444145309534762	2.03501301594778	91	10	    0.988952	   0.0110483	1	    0.355338	    0.644662	2	    0.358653	    0.641347	   0.0586729	    0.941327
10	1.77926526384829	0.878812458064238	-1.40562210775795	92	10	    0.988952	   0.0110483	1	    0.546914	    0.453086	1	    0.551677	    0.448323	    0.120612	    0.879388
10	-0.970000316630857	-1.14042597876503	-0.24457470916593	93	10	    0.988952	   0.0110483	1	    0.999943	 5.69885e-05	1	    0.999948	 5.23775e-05	     0.99953	 0.000469729
10	-1.54039216371427	-2.36357065966827	-1.76935853877449	94	10	    0.988952	   0.0110483	1	    0.999999	 6.91699e-07	1	    0.999999	 6.35708e-07	    0.999994	 5.70348e-06
10	-0.632782911570357	-0.171891056971867	1.7343817358384	95	10	    0.988952	   0.0110483	1	    0.995717	   0.0042827	1	    0.996053	    0.003947	    0.965668	   0.0343318
10	-0.6163113660174	-1.7776404680814	-0.683147654007757	96	10	    0.988952	   0.0110483	1	    0.999959	  4.0986e-05	1	    0.999962	 3.76693e-05	    0.999662	 0.000337864
10	0.0298434516047382	0.961985135081247	-0.395605954054019	97	10	    0.988952	   0.0110483	1	    0.980971	   0.0190289	1	    0.982312	   0.0176877	    0.860919	    0.139081
10	2.71981672190596	1.71609748141246	1.67673927802326	98	10	    0.988952	   0.0110483	1	  0.00252924	    0.997471	2	  0.00255431	    0.997446	 0.000285349	    0.999715
10	-0.999872162913407	-1.34963813907254	-1.89771880672192	99	10	    0.988952	   0.0110483	1	    0.999985	 1.45081e-05	1	    0.999987	 1.33338e-05	     0.99988	 0.000119617
10	0.692600247862883	1.28531416919869	-0.933801324468121	100	10	    0.988952	   0.0110483	1	    0.889032	    0.110968	1	    0.893564	    0.106436	    0.483401	    0.516599
11	0.749291140492313	1.32854821043519	0.633469949752474	101	11	    0.988997	    0.011003	1	    0.663141	    0.336859	1	    0.668477	    0.331523	    0.183503	    0.816497
11	-0.647817978917394	0.0863155415823967	-1.64954583597606	102	11	    0.988997	    0.011003	1	    0.999609	 0.000391059	1	     0.99964	 0.000359617	    0.996783	  0.00321722
11	1.88970932012698	3.07208964395269	1.0607326302583	103	11	    0.988997	    0.011003	1	  0.00513628	    0.994864	2	  0.00518696	    0.994813	 0.000580812	    0.999419
11	0.519836497199591	0.484895794633732	-1.05688207590231	104	11	    0.988997	    0.011003	1	    0.978076	   0.0219237	1	    0.979585	    0.020415	    0.842475	    0.157525
11	0.368559310867356	-0.766497653230092	0.492508183538351	105	11	    0.988997	    0.011003	1	    0.993014	  0.00698598	1	    0.993549	  0.00645126	    0.944951	   0.0550489
11	0.251830204253531	0.662140970903484	-0.108639869616295	106	11	    0.988997	    0.011003	1	    0.973217	   0.0267827	1	       0.975	       0.025	    0.812976	    0.187024
11	-0.992076492069575	-2.03352634286529	-1.41077955196887	107	11	    0.988997	    0.011003	1	    0.999994	  6.3663e-06	1	    0.999994	 5.85294e-06	    0.999947	 5.25095e-05
11	2.51116967915652	3.72490446101379	1.71648750826256	108	11	    0.988997	    0.011003	1	 0.000204042	    0.999796	2	 0.000206056	    0.999794	 2.29711e-05	    0.999977
11	0.914262098394691	-0.188225638764545	-0.320810239474273	109	11	    0.988997	    0.011003	1	     0.96488	   0.0351197	1	    0.967092	   0.0329083	     0.76611	     0.23389
11	-0.515689960929079	-0.740928292057272	-0.826006679060356	110	11	    0.988997	    0.011003	1	    0.999754	 0.000246429	1	    0.999773	 0.000226594	    0.997971	  0.00202931
12	0.539006672228954	1.08821935365912	-0.900947165779876	111	12	    0.990046	   0.0099545	1	    0.940276	   0.0597236	1	    0.943203	   0.0567973	    0.649239	    0.350761
12	-0.0472557245997047	0.997344332600293	-1.25324659610969	112	12	    0.990046	   0.0099545	1	    0.990447	  0.00955253	1	    0.991101	  0.00889899	    0.925448	   0.0745519
12	0.190404521420532	-0.126433813480642	0.0353248626897971	113	12	    0.990046	   0.0099545	1	    0.992198	   0.0078019	1	    0.992739	  0.00726117	    0.938418	   0.0615817
12	0.592192313805322	0.544768298518945	0.890814419025722	114	12	    0.990046	   0.0099545	1	    0.882236	    0.117764	1	    0.886429	    0.113571	    0.465226	    0.534774
12	0.535540911819527	0.0832368406779952	0.955707547235607	115	12	    0.990046	   0.0099545	1	    0.942164	   0.0578356	1	    0.945031	   0.0549693	    0.657089	    0.342911
12	1.20559160318856	-0.000684518888524055	0.0131053254870676	116	12	    0.990046	   0.0099545	1	    0.884736	    0.115264	1	    0.888892	    0.111108	    0.471375	    0.528625
12	0.393098464635936	0.522833860614194	0.805913742991197	117	12	    0.990046	   0.0099545	1	    0.933759	    0.066241	1	    0.936881	   0.0631191	    0.623267	    0.376733
12	1.23673984907833	0.356531554373417	0.0397504918794502	118	12	    0.990046	   0.0099545	1	    0.802182	    0.197818	1	    0.807051	    0.192949	    0.317966	    0.682034
12	0.744984440415926	0.646336315545529	0.410014036953845	119	12	    0.990046	   0.0099545	1	     0.87125	     0.12875	1	     0.87559	     0.12441	    0.439601	    0.560399
12	1.86558456524565	1.10478675284831	0.33603688899864	120	12	    0.990046	   0.0099545	1	    0.172094	    0.827906	2	    0.173594	    0.826406	   0.0228775	    0.977123
13	-1.46206051803768	-1.53314792001347	-0.41622861920082	121	13	    0.860261	    0.139739	1	    0.999987	 1.34209e-05	1	    0.999994	 6.34879e-06	    0.999943	 5.69577e-05
13	2.39572999768691	2.67055805116329	0.948158080994116	122	13	    0.860261	    0.139739	1	  0.00261657	    0.997383	2	  0.00298737	    0.997013	 0.000333856	    0.999666
13	0.675819225581705	0.69226213365638	0.0807555803276819	123	13	    0.860261	    0.139739	1	    0.860128	    0.139872	1	    0.912519	   0.0874812	    0.537601	    0.462399
13	2.50928646158852	0.991927013833574	1.29708165226196	124	13	    0.860261	    0.139739	1	   0.0168318	    0.983168	2	   0.0192121	    0.980788	  0.00217855	    0.997821
13	0.842589610904251	-1.77167530779818	1.49103346630204	125	13	    0.860261	    0.139739	1	    0.974332	    0.025668	1	     0.98715	   0.0128501	    0.895423	    0.104577
13	1.33371242286392	1.72584229861101	-0.767783084861811	126	13	    0.860261	    0.139739	1	     0.37565	     0.62435	2	    0.424337	    0.575663	    0.075922	    0.924078
13	-0.520979111093692	-0.717456361255288	0.546869881389855	127	13	    0.860261	    0.139739	1	    0.998585	  0.00141525	1	    0.999328	 0.000671589	    0.994007	  0.00599333
13	0.170721276035439	0.431113639259739	-0.32870738441837	128	13	    0.860261	    0.139739	1	    0.975677	   0.0243231	1	    0.987859	   0.0121412	    0.900683	   0.0993167
13	1.81281161199775	1.81888290097956	1.22256804142202	129	13	    0.860261	    0.139739	1	   0.0293498	     0.97065	2	   0.0334923	    0.966508	  0.00384753	    0.996152
13	-1.40165186030965	-0.904706532718171	-0.35613067910646	130	13	    0.860261	    0.139739	1	    0.999956	  4.4106e-05	1	    0.999979	 2.08659e-05	    0.999813	 0.000187176
14	-0.179322844435998	-1.58653354425876	-0.268861801016737	131	14	    0.999697	 0.000302761	1	    0.999776	 0.000223617	1	    0.999777	 0.000223079	    0.998002	  0.00199789
14	-1.72510624684819	-0.807316626183409	1.14561436269668	132	14	    0.999697	 0.000302761	1	    0.999963	 3.70428e-05	1	    0.999963	 3.69537e-05	    0.999669	 0.000331447
14	-0.062678155196473	1.36417078480778	-0.706027810645702	133	14	    0.999697	 0.000302761	1	    0.979547	   0.0204535	1	    0.979588	    0.020412	    0.842496	    0.157504
14	-0.904440529696423	0.447882098525108	0.911663361484674	134	14	    0.999697	 0.000302761	1	    0.998009	  0.00199102	1	    0.998014	  0.00198631	    0.982457	   0.0175431
14	-1.34202148610384	0.363483431060613	0.871803767078735	135	14	    0.999697	 0.000302761	1	    0.999501	 0.000498842	1	    0.999502	 0.000497647	    0.995553	  0.00444719
14	1.04777018611385	2.64662414379238	-1.32334384635825	136	14	    0.999697	 0.000302761	1	    0.350009	    0.649991	2	    0.350098	    0.649902	   0.0566414	    0.943359
14	-0.156681521307147	-1.11929870567059	0.332733600486905	137	14	    0.999697	 0.000302761	1	    0.999199	 0.000801096	1	    0.999201	 0.000799181	    0.992875	  0.00712477
14	-1.23054921751179	-0.629504533247947	0.0378969408867878	138	14	    0.999697	 0.000302761	1	     0.99993	 7.00335e-05	1	     0.99993	  6.9865e-05	    0.999374	 0.000626472
14	-0.281403542451393	-0.71212175774554	1.29616556992131	139	14	    0.999697	 0.000302761	1	    0.997256	  0.00274438	1	    0.997262	  0.00273793	     0.97596	   0.0240397
14	1.07138592005394	0.74122877045396	-0.983260362974454	140	14	    0.999697	 0.000302761	1	    0.880096	    0.119904	1	    0.880226	    0.119774	    0.450284	    0.549716
15	-0.824572618164813	-0.866990625290584	0.865924123004142	141	15	    0.999454	 0.000545737	1	    0.999684	 0.000315565	1	    0.999686	 0.000314201	    0.997188	  0.00281194
15	1.09448515752937	0.199590829186299	-1.18404071813863	142	15	    0.999454	 0.000545737	1	     0.94654	   0.0534599	1	    0.946694	   0.0533058	    0.664371	    0.335629
15	-0.656365021453617	-1.25190653289369	0.152613610419629	143	15	    0.999454	 0.000545737	1	    0.999856	 0.000143951	1	    0.999857	 0.000143329	    0.998716	  0.00128446
15	0.925160688336083	1.06321769595753	1.72648959693488	144	15	    0.999454	 0.000545737	1	    0.375862	    0.624138	2	    0.376032	    0.623968	   0.0629427	    0.937057
15	1.48534053806318	-0.504623279021734	-1.53948844002866	145	15	    0.999454	 0.000545737	1	    0.958302	   0.0416984	1	    0.958432	   0.0415682	     0.71988	     0.28012
15	0.189318522626017	-1.40883192678299	-0.609530744060485	146	15	    0.999454	 0.000545737	1	    0.999377	 0.000623232	1	    0.999379	 0.000620547	     0.99446	  0.00554007
15	-0.16954178767981	-1.3867090841188	1.347553470619	147	15	    0.999454	 0.000545737	1	    0.998617	  0.00138329	1	    0.998623	  0.00137737	    0.987777	   0.0122234
15	-0.460536719434633	1.36404829785221	-0.273893518560459	148	15	    0.999454	 0.000545737	1	     0.99044	  0.00955957	1	    0.990479	  0.00952143	    0.920601	   0.0793986
15	1.29371165740269	0.394110215038886	-0.855393534450804	149	15	    0.999454	 0.000545737	1	    0.866345	    0.133655	1	    0.866588	    0.133412	    0.419952	    0.580048
15	-0.195738390139793	0.44079802286891	-0.291063882716252	150	15	    0.999454	 0.000545737	1	    0.995209	  0.00479106	1	    0.995229	  0.00477116	    0.958762	   0.0412379
16	1.86107727011115	0.663070106353743	1.11669440869109	151	16	   0.0001821	    0.999818	2	    0.021491	    0.978509	2	    0.164442	    0.835558	   0.0214649	    0.978535
16	1.84065682108904	2.57769786812398	0.872782669847527	152	16	   0.0001821	    0.999818	2	  0.00165559	    0.998344	2	   0.0146396	     0.98536	  0.00165323	    0.998347
16	2.49200305605586	0.98867295063775	1.27079461287842	153	16	   0.0001821	    0.999818	2	  0.00235304	    0.997647	2	   0.0206936	    0.979306	   0.0023497	     0.99765
16	3.54737833296967	3.04208493191986	1.25260869006835	154	16	   0.0001821	    0.999818	2	 8.59971e-06	    0.999991	2	 7.70386e-05	    0.999923	 8.58725e-06	    0.999991
16	-0.144303932560312	0.468291206127495	0.619083905509878	155	16	   0.0001821	    0.999818	2	    0.900409	    0.099591	1	     0.98782	   0.0121801	    0.900393	   0.0996069
16	2.46273370250069	2.96940255615276	0.703569537785844	156	16	   0.0001821	    0.999818	2	 0.000230894	    0.999769	2	  0.00206476	    0.997935	  0.00023056	    0.999769
16	2.43568692216897	2.28484149537362	0.908561816503861	157	16	   0.0001821	    0.999818	2	 0.000559833	     0.99944	2	  0.00499326	    0.995007	 0.000559025	    0.999441
16	2.06511617111676	-0.406893098726907	1.7284867649081	158	16	   0.0001821	    0.999818	2	   0.0333144	    0.966686	2	    0.235964	    0.764036	   0.0332775	    0.966723
16	2.28750807393777	3.23056725944281	0.913987820353372	159	16	   0.0001821	    0.999818	2	 0.000197284	    0.999803	2	  0.00176468	    0.998235	 0.000196999	    0.999803
16	2.24933385398828	2.4129430357248	2.52080480109238	160	16	   0.0001821	    0.999818	2	 0.000112475	    0.999888	2	  0.00100675	    0.998993	 0.000112312	    0.999888
17	1.16978745579442	-0.803924577676711	0.569956489737453	161	17	   0.0112825	    0.988718	2	    0.678472	    0.321528	1	    0.949152	   0.0508478	    0.675384	    0.324616
17	-0.478172642867829	-0.145686240823143	1.21961351518164	162	17	   0.0112825	    0.988718	2	    0.969465	   0.0305346	1	    0.996465	  0.00353456	    0.969157	   0.0308427
17	3.33919229517934	3.41900720468726	1.14541588379852	163	17	   0.0112825	    0.988718	2	 9.86619e-06	     0.99999	2	 8.12085e-05	    0.999919	 9.05209e-06	    0.999991
17	1.85428671241761	3.12907956976729	-0.524033862631648	164	17	   0.0112825	    0.988718	2	  0.00248226	    0.997518	2	   0.0201011	    0.979899	   0.0022812	    0.997719
17	-0.370750093807466	-1.95676918707059	-0.446108294821955	165	17	   0.0112825	    0.988718	2	    0.999419	 0.000580818	1	    0.999935	 6.54272e-05	    0.999413	 0.000586699
17	1.30474670224081	3.28963077203357	0.615289146141786	166	17	   0.0112825	    0.988718	2	  0.00313456	    0.996865	2	   0.0252755	    0.974725	  0.00288191	    0.997118
17	1.78658527600801	0.784274714096087	-0.0604674199486079	167	17	   0.0112825	    0.988718	2	   0.0642216	    0.935778	2	    0.367262	    0.632738	   0.0607636	    0.939236
17	1.9051783676321	2.10103839026666	2.20443403343385	168	17	   0.0112825	    0.988718	2	 0.000696032	    0.999304	2	  0.00570305	    0.994297	 0.000638896	    0.999361
17	4.04973688437104	2.34389724405817	2.05525923807963	169	17	   0.0112825	    0.988718	2	 3.21546e-06	    0.999997	2	 2.64676e-05	    0.999974	 2.95013e-06	    0.999997
17	1.65585585309413	3.02065784782574	0.31364392502563	170	17	   0.0112825	    0.988718	2	  0.00249966	      0.9975	2	   0.0202398	     0.97976	  0.00229723	    0.997703
18	1.57610669170048	1.23191747468223	-0.201281312870679	171	18	    0.966216	   0.0337844	1	    0.349051	    0.650949	2	      0.3592	      0.6408	   0.0588044	    0.941196
18	1.48636757759016	1.80842507822242	0.910613333333725	172	18	    0.966216	   0.0337844	1	   0.0971064	    0.902894	2	    0.100074	    0.899926	   0.0122428	    0.987757
18	0.499776333008892	0.277693324582792	-1.71474258985005	173	18	    0.966216	   0.0337844	1	    0.987333	   0.0126673	1	    0.989839	   0.0101613	    0.915665	   0.0843349
18	-0.527976073960408	-1.07647619745584	0.904039700533189	174	18	    0.966216	   0.0337844	1	    0.999326	 0.000674474	1	    0.999468	   0.0005319	    0.995248	    0.004752
18	0.319551935428762	0.356209268280802	1.12640034448428	175	18	    0.966216	   0.0337844	1	    0.934117	   0.0658829	1	    0.943964	   0.0560357	     0.65249	     0.34751
18	-0.414013769674584	1.53543529550039	-0.0818082698385179	176	18	    0.966216	   0.0337844	1	    0.980105	   0.0198946	1	    0.983889	   0.0161113	    0.871904	    0.128096
18	0.1616323178302	2.16359376990508	0.628471794131257	177	18	    0.966216	   0.0337844	1	    0.715168	    0.284832	1	    0.732014	    0.267986	    0.233396	    0.766604
18	-0.325695673023823	-0.474821626790712	0.429599285820112	178	18	    0.966216	   0.0337844	1	    0.998111	  0.00188935	1	    0.998507	  0.00149266	    0.986766	   0.0132345
18	-0.497807874687817	-0.360365323852041	2.6636660694081	179	18	    0.966216	   0.0337844	1	     0.98301	   0.0169902	1	    0.986292	   0.0137077	    0.889131	    0.110869
18	1.19328935089118	1.06106878455229	0.840043677144891	180	18	    0.966216	   0.0337844	1	    0.426554	    0.573446	2	    0.438667	    0.561333	   0.0801235	    0.919877
19	-0.305790992666803	1.28613439488194	0.743613527340007	181	19	    0.979325	   0.0206754	1	     0.96602	   0.0339802	1	      0.9699	   0.0300996	    0.782209	    0.217791
19	-0.927158470783953	-0.650955635786071	-0.311002181930465	182	19	    0.979325	   0.0206754	1	    0.999861	 0.000139453	1	     0.99988	 0.000119739	    0.998927	  0.00107326
19	0.592747232496672	0.27845635682549	-0.379089770179606	183	19	    0.979325	   0.0206754	1	     0.96842	   0.0315805	1	    0.972079	   0.0279214	      0.7951	      0.2049
19	0.543207529180061	1.40027730256061	-1.46003234764963	184	19	    0.979325	   0.0206754	1	    0.926624	    0.073376	1	    0.933321	   0.0666787	    0.609395	    0.390605
19	2.64671589571716	2.37065868507889	0.996463650896191	185	19	    0.979325	   0.0206754	1	  0.00235334	    0.997647	2	  0.00239737	    0.997603	 0.000267779	    0.999732
19	0.524240654077221	2.04825027193246	0.796753193938055	186	19	    0.979325	   0.0206754	1	    0.505164	    0.494836	1	    0.513606	    0.486394	    0.105301	    0.894699
19	-0.73124449698382	-0.0815839776999707	0.231968813267515	187	19	    0.979325	   0.0206754	1	    0.999115	 0.000884876	1	     0.99924	 0.000760396	    0.993219	  0.00678108
19	-1.1962121203326	0.445270964933985	-1.34886080789058	188	19	    0.979325	   0.0206754	1	    0.999815	 0.000184579	1	    0.999842	 0.000158493	     0.99858	  0.00142019
19	0.206188291587411	0.567555024120441	-0.367514352354745	189	19	    0.979325	   0.0206754	1	    0.981799	   0.0182014	1	    0.984089	   0.0159111	    0.873316	    0.126684
19	1.12463401226616	2.60914091953684	3.34923605974103	190	19	    0.979325	   0.0206754	1	  0.00394045	     0.99606	2	  0.00401416	    0.995986	 0.000449016	    0.999551
20	0.796978547736452	-0.339649465314997	-0.0709743838890823	191	20	    0.999342	 0.000658068	1	    0.976437	   0.0235628	1	    0.976538	   0.0234616	    0.822672	    0.177328
20	-1.22769297827931	-2.10058026897916	-0.0244141604060666	192	20	    0.999342	 0.000658068	1	    0.999993	 6.81864e-06	1	    0.999993	 6.78305e-06	    0.999939	 6.08535e-05
20	-0.822944546845771	-0.365348586915458	-0.657301297662002	193	20	    0.999342	 0.000658068	1	    0.999805	 0.000195356	1	    0.999806	 0.000194339	    0.998259	  0.00174089
20	-0.189770015588594	-0.664972809981122	0.397584868822247	194	20	    0.999342	 0.000658068	1	    0.998429	  0.00157084	1	    0.998437	  0.00156275	    0.986152	   0.0138483
20	1.75224770524836	1.43431607758349	-0.629619671167826	195	20	    0.999342	 0.000658068	1	     0.26404	     0.73596	2	    0.264188	    0.735812	   0.0384788	    0.961521
20	0.959854661019474	1.02426532025441	-0.409614056298601	196	20	    0.999342	 0.000658068	1	    0.813686	    0.186314	1	    0.814006	    0.185994	    0.327868	    0.672132
20	0.102061197686409	0.243251275537441	0.82777827555851	197	20	    0.999342	 0.000658068	1	    0.979638	   0.0203625	1	    0.979727	   0.0202728	     0.84342	     0.15658
20	-0.937519366580404	-0.603126793233421	0.0738590383447206	198	20	    0.999342	 0.000658068	1	     0.99983	 0.000170026	1	    0.999831	  0.00016914	    0.998485	  0.00151547
20	0.352339667549195	0.328282993611471	0.811076900256054	199	20	    0.999342	 0.000658068	1	    0.956627	   0.0433733	1	    0.956788	    0.043212	    0.711641	    0.288359
20	-0.882201583871625	-0.66751300629091	-0.40737638947322	200	20	    0.999342	 0.000658068	1	    0.999876	 0.000123821	1	    0.999877	 0.000123175	    0.998896	  0.00110403
21	1.81332859741117	1.61984834364842	0.709208330052461	201	21	 0.000431438	    0.999569	2	  0.00867814	    0.991322	2	   0.0726049	    0.927395	  0.00865055	    0.991349
21	2.77896480152774	2.79014933764425	0.596346978115135	202	21	 0.000431438	    0.999569	2	 0.000153552	    0.999846	2	  0.00137126	    0.998629	 0.000153026	    0.999847
21	2.01524325032253	2.29137460526524	1.3117802849215	203	21	 0.000431438	    0.999569	2	  0.00104148	    0.998959	2	  0.00923592	    0.990764	  0.00103795	    0.998962
21	1.75469568076486	-0.208974327627834	0.543916528358248	204	21	 0.000431438	    0.999569	2	    0.160435	    0.839565	2	    0.631252	    0.368748	    0.160232	    0.839768
21	2.26743450244361	3.2974159762169	1.10929679541288	205	21	 0.000431438	    0.999569	2	 0.000154355	    0.999846	2	  0.00137842	    0.998622	 0.000153826	    0.999846
21	2.46173750447356	0.828690826173275	1.81679121683293	206	21	 0.000431438	    0.999569	2	  0.00175044	     0.99825	2	   0.0154371	    0.984563	  0.00174454	    0.998255
21	2.44617497548313	-0.0865769741625662	0.0220979284758978	207	21	 0.000431438	    0.999569	2	   0.0422529	    0.957747	2	    0.283049	    0.716951	    0.042149	    0.957851
21	-1.08312120269253	-1.19569001510118	0.264390594813867	208	21	 0.000431438	    0.999569	2	    0.999525	 0.000474837	1	    0.999947	 5.29676e-05	    0.999525	 0.000475019
21	3.13656418261192	3.95440490293621	1.3376015569186	209	21	 0.000431438	    0.999569	2	 5.48302e-06	    0.999995	2	 4.90223e-05	    0.999951	 5.46423e-06	    0.999995
21	3.78880466734761	1.40672409523404	1.42443734059427	210	21	 0.000431438	    0.999569	2	 4.65774e-05	    0.999953	2	 0.000416301	    0.999584	 4.64178e-05	    0.999954
22	-0.536685068371805	-0.393754829087923	-2.06711931754394	211	22	   0.0949276	    0.905072	2	    0.998392	  0.00160774	1	    0.999804	 0.000196007	    0.998244	  0.00175581
22	1.80255082319239	0.572838439649874	0.809846346273269	212	22	   0.0949276	    0.905072	2	   0.0595333	    0.940467	2	    0.262796	    0.737204	   0.0382143	    0.961786
22	1.15432645549294	2.52710351054891	1.06955497234337	213	22	   0.0949276	    0.905072	2	   0.0142764	    0.985724	2	   0.0704846	    0.929515	  0.00838105	    0.991619
22	0.902334061564111	1.77825315556027	-0.826178021776722	214	22	   0.0949276	    0.905072	2	    0.240414	    0.759586	2	    0.683423	    0.316577	    0.193949	    0.806051
22	-1.8471107438745	-0.831687711169243	-1.39935821647402	215	22	   0.0949276	    0.905072	2	    0.999971	 2.85126e-05	1	    0.999997	 3.47083e-06	    0.999969	 3.11391e-05
22	0.78404775758079	0.00780423391709206	1.24627238260016	216	22	   0.0949276	    0.905072	2	    0.493857	    0.506143	2	    0.881463	    0.118537	    0.453203	    0.546797
22	3.20882378068102	4.37325987953875	-0.104670215538997	217	22	   0.0949276	    0.905072	2	 1.68173e-05	    0.999983	2	 8.58839e-05	    0.999914	 9.57328e-06	     0.99999
22	0.60661888655315	1.0453283106202	2.04809253800823	218	22	   0.0949276	    0.905072	2	    0.134953	    0.865047	2	     0.49216	     0.50784	   0.0974874	    0.902513
22	1.63242352789769	0.165542501962803	-0.574089184593473	219	22	   0.0949276	    0.905072	2	    0.311579	    0.688421	2	    0.763134	    0.236866	    0.264218	    0.735782
22	3.71281255148109	1.33394577056412	0.0449734976977869	220	22	   0.0949276	    0.905072	2	 0.000408201	    0.999592	2	  0.00208273	    0.997917	  0.00023257	    0.999767
23	1.66074343244727	0.958659334265509	-0.707319888847824	221	23	   0.0449181	    0.955082	2	    0.116203	    0.883797	2	    0.494742	    0.505258	   0.0984001	      0.9016
23	2.85644512534891	1.96327818582263	0.897934759293556	222	23	   0.0449181	    0.955082	2	 0.000441813	    0.999558	2	  0.00291343	    0.997087	 0.000325572	    0.999674
23	0.757619176421478	1.66756882358781	0.870478347132872	223	23	   0.0449181	    0.955082	2	    0.112544	    0.887456	2	    0.485082	    0.514918	   0.0950233	    0.904977
23	-0.528793152327168	-1.27663775956586	-0.0131870748653823	224	23	   0.0449181	    0.955082	2	    0.998532	  0.00146819	1	    0.999829	 0.000170677	    0.998471	  0.00152922
23	-0.213023102873298	-0.576856771474162	0.335834458457166	225	23	   0.0449181	    0.955082	2	    0.986455	   0.0135448	1	    0.998408	  0.00159231	    0.985893	   0.0141069
23	2.2336018289273	2.49542158750385	1.89085443912022	226	23	   0.0449181	    0.955082	2	 0.000311312	    0.999689	2	  0.00205398	    0.997946	 0.000229353	    0.999771
23	2.5145345928534	-0.27055067058792	1.50801028776773	227	23	   0.0449181	    0.955082	2	   0.0153786	    0.984621	2	   0.0953837	    0.904616	   0.0116159	    0.988384
23	1.38519671070971	1.13912477514003	-1.00990092641406	228	23	   0.0449181	    0.955082	2	    0.189929	    0.810071	2	    0.645182	    0.354818	    0.168518	    0.831482
23	0.911441439502662	1.03796897141289	1.23750542898884	229	23	   0.0449181	    0.955082	2	    0.129676	    0.870324	2	    0.528185	    0.471815	    0.110934	    0.889066
23	1.20069944269208	0.386676996670795	0.70624400132786	230	23	   0.0449181	    0.955082	2	     0.23561	     0.76439	2	    0.708745	    0.291255	    0.213358	    0.786642
24	2.29880027143005	1.04858993284166	0.681511099948527	231	24	  0.00335723	    0.996643	2	  0.00640927	    0.993591	2	   0.0534204	     0.94658	  0.00625091	    0.993749
24	2.19518601477409	2.11640108920727	1.10388153799065	232	24	  0.00335723	    0.996643	2	  0.00109948	    0.998901	2	  0.00952831	    0.990472	  0.00107109	    0.998929
24	-0.70491232342498	0.645683657395345	0.465156175288733	233	24	  0.00335723	    0.996643	2	    0.973436	   0.0265643	1	    0.996958	  0.00304168	    0.973356	   0.0266435
24	2.13776781241541	1.46418932317109	2.2311795947974	234	24	  0.00335723	    0.996643	2	 0.000920781	    0.999079	2	  0.00799035	     0.99201	 0.000896967	    0.999103
24	2.20142328887682	1.25721688160066	2.11584012511308	235	24	  0.00335723	    0.996643	2	  0.00124114	    0.998759	2	   0.0107446	    0.989255	  0.00120913	    0.998791
24	0.154627313924124	1.59890699808207	-0.474649094308322	236	24	  0.00335723	    0.996643	2	    0.642728	    0.357272	1	    0.941417	   0.0585829	    0.641722	    0.358278
24	3.01819204840202	1.55068353727994	-0.601750441228087	237	24	  0.00335723	    0.996643	2	  0.00146788	    0.998532	2	    0.012686	    0.987314	  0.00143009	     0.99857
24	1.05851783386124	-0.684660745101208	2.36207519400537	238	24	  0.00335723	    0.996643	2	     0.24101	     0.75899	2	    0.738418	    0.261582	    0.239334	    0.760666
24	1.55850447056858	1.02800669242046	0.515210565671504	239	24	  0.00335723	    0.996643	2	   0.0474096	     0.95259	2	    0.304573	    0.695427	   0.0465434	    0.953457
24	2.90881112639103	2.00680346295422	0.390869866314207	240	24	  0.00335723	    0.996643	2	 0.000443925	    0.999556	2	  0.00386609	    0.996134	 0.000432397	    0.999568
25	-0.220325704946049	-0.696203806407033	0.889627015415392	241	25	   0.0143049	    0.985695	2	    0.981055	   0.0189448	1	    0.997824	   0.0021758	    0.980812	   0.0191882
25	3.00111030049552	0.579708199557384	-0.376243373764676	242	25	   0.0143049	    0.985695	2	  0.00611471	    0.993885	2	   0.0474007	    0.952599	  0.00551555	    0.994484
25	-0.419362339948953	-0.369922929893984	-0.456628835864756	243	25	   0.0143049	    0.985695	2	    0.994108	  0.00589197	1	    0.999331	  0.00066871	    0.994032	  0.00596778
25	2.58198959999759	2.15032614820261	0.0683010718666219	244	25	   0.0143049	    0.985695	2	  0.00113614	    0.998864	2	  0.00908452	    0.990915	  0.00102079	    0.998979
25	1.53882477227161	1.61415201234542	1.51430854605962	245	25	   0.0143049	    0.985695	2	  0.00841562	    0.991584	2	    0.064325	    0.935675	  0.00760424	    0.992396
25	0.746582059616367	1.07348713955623	2.36316928083803	246	25	   0.0143049	    0.985695	2	   0.0495391	    0.950461	2	    0.301413	    0.698587	   0.0458838	    0.954116
25	4.90182223292487	2.75379728717364	1.46020199939261	247	25	   0.0143049	    0.985695	2	 5.07231e-07	    0.999999	2	 4.08497e-06	    0.999996	 4.55309e-07	           1
25	2.16494324781546	1.81787879569238	1.62172533081032	248	25	   0.0143049	    0.985695	2	  0.00114374	    0.998856	2	  0.00914481	    0.990855	  0.00102762	    0.998972
25	0.827464018810988	-0.976365877425027	-0.0274367862486373	249	25	   0.0143049	    0.985695	2	    0.918151	   0.0818488	1	    0.990026	  0.00997365	    0.917108	   0.0828918
25	4.41481290744763	3.00503779483502	0.101950246549638	250	25	   0.0143049	    0.985695	2	 3.95131e-06	    0.999996	2	 3.18211e-05	    0.999968	 3.54685e-06	    0.999996
26	-0.556007278968266	-2.56893142723269	-0.072948652945518	251	26	    0.987183	    0.012817	1	    0.999978	 2.20059e-05	1	     0.99998	 1.99662e-05	    0.999821	 0.000179106
26	1.43790732362955	1.5601539330387	0.113265021582254	252	26	    0.987183	    0.012817	1	    0.271544	    0.728456	2	    0.274545	    0.725455	   0.0404739	    0.959526
26	-0.0132696936198608	-2.28169011070075	-0.344075272219027	253	26	    0.987183	    0.012817	1	    0.999878	 0.000122407	1	    0.999889	  0.00011107	    0.999004	 0.000995623
26	-0.205539610427444	0.340809524904163	1.32308084983619	254	26	    0.987183	    0.012817	1	    0.981286	   0.0187137	1	    0.982805	   0.0171952	    0.864325	    0.135675
26	1.2863551152223	1.19548535535195	0.456596436083164	255	26	    0.987183	    0.012817	1	    0.414035	    0.585965	2	    0.418446	    0.581554	   0.0742442	    0.925756
26	-0.00587675560743937	-1.14899570866142	-0.64271860052046	256	26	    0.987183	    0.012817	1	    0.999406	 0.000593973	1	    0.999461	  0.00053915	    0.995184	  0.00481649
26	-0.56347410154657	0.635833469484664	-0.0696458906443553	257	26	    0.987183	    0.012817	1	    0.996912	  0.00308776	1	    0.997192	  0.00280793	    0.975359	   0.0246408
26	2.33038280204368	0.35571475168118	-0.0731422454488995	258	26	    0.987183	    0.012817	1	    0.221351	    0.778649	2	     0.22382	     0.77618	   0.0311397	     0.96886
26	-0.0525449106643497	1.62926377717301	-0.792498596258021	259	26	    0.987183	    0.012817	1	    0.968336	   0.0316639	1	    0.970692	   0.0293076	    0.786854	    0.213146
26	0.265904967059866	1.32189020483643	0.0349973598448657	260	26	    0.987183	    0.012817	1	    0.920488	   0.0795123	1	    0.924926	   0.0750738	    0.578629	    0.421371
27	0.706352293827567	-1.85040255651799	0.21115079343756	261	27	   0.0130111	    0.986989	2	    0.980105	   0.0198951	1	    0.997716	  0.00228422	    0.979873	   0.0201273
27	4.53390099435629	3.78355510190041	0.321694289594783	262	27	   0.0130111	    0.986989	2	 7.83781e-07	    0.999999	2	 6.37113e-06	    0.999994	 7.10125e-07	    0.999999
27	2.88967535628219	4.3374952650283	1.31223207655803	263	27	   0.0130111	    0.986989	2	 6.43871e-06	    0.999994	2	 5.23365e-05	    0.999948	 5.83366e-06	    0.999994
27	1.99968130085292	1.22874367817932	0.1401760947447	264	27	   0.0130111	    0.986989	2	   0.0175674	    0.982433	2	     0.12809	     0.87191	   0.0161104	     0.98389
27	2.41246656632371	2.29014772443278	1.65896991900776	265	27	   0.0130111	    0.986989	2	 0.000289681	     0.99971	2	  0.00235034	     0.99765	 0.000262516	    0.999737
27	1.10428619068085	0.865840326996352	2.25492329712912	266	27	   0.0130111	    0.986989	2	   0.0313511	    0.968649	2	    0.211211	    0.788789	   0.0289801	     0.97102
27	-0.861799555142653	-0.338880059199592	0.359724862754316	267	27	   0.0130111	    0.986989	2	    0.996469	  0.00353103	1	    0.999601	 0.000399435	    0.996428	  0.00357231
27	1.50348116833398	3.23325273127245	1.24508745517736	268	27	   0.0130111	    0.986989	2	   0.0011081	    0.998892	2	  0.00894343	    0.991057	  0.00100481	    0.998995
27	2.52461478764425	1.58047994323709	1.31405179163769	269	27	   0.0130111	    0.986989	2	 0.000934697	    0.999065	2	  0.00755229	    0.992448	 0.000847459	    0.999153
27	0.19778083144806	0.333922883195148	-0.270973579051676	270	27	   0.0130111	    0.986989	2	    0.904726	   0.0952744	1	    0.988252	    0.011748	    0.903624	   0.0963755
28	-0.243661746125555	-0.350064081106942	0.177975699904299	271	28	    0.999441	 0.000558994	1	    0.998177	  0.00182294	1	    0.998185	  0.00181498	    0.983948	   0.0160515
28	0.329386076436245	0.198052450640722	-0.433856203534659	272	28	    0.999441	 0.000558994	1	    0.987928	   0.0120716	1	    0.987977	   0.0120233	    0.901564	   0.0984365
28	0.840136299914135	0.424941852962012	-0.393022071554755	273	28	    0.999441	 0.000558994	1	    0.936124	   0.0638764	1	      0.9363	   0.0637001	    0.620967	    0.379033
28	-0.17876214950883	-1.07170226708992	-2.50199904316402	274	28	    0.999441	 0.000558994	1	    0.999842	 0.000158283	1	    0.999842	 0.000157582	    0.998588	  0.00141203
28	0.992439364567149	-0.630433006122481	1.20818867121603	275	28	    0.999441	 0.000558994	1	     0.92292	   0.0770797	1	    0.923116	   0.0768836	    0.572331	    0.427669
28	2.33827979954674	1.09980205661597	1.33759555189717	276	28	    0.999441	 0.000558994	1	   0.0237174	    0.976283	2	   0.0237292	    0.976271	   0.0027018	    0.997298
28	0.38010614779071	0.39577505722945	-0.539899739116012	277	28	    0.999441	 0.000558994	1	    0.982753	   0.0172468	1	    0.982819	   0.0171806	    0.864426	    0.135574
28	0.222999400985374	-1.72803714384622	0.543014075041788	278	28	    0.999441	 0.000558994	1	    0.998961	  0.00103919	1	    0.998965	  0.00103462	    0.990793	  0.00920657
28	-1.81937295290065	-1.05678558152383	-1.05400489012225	279	28	    0.999441	 0.000558994	1	    0.999997	 3.21653e-06	1	    0.999997	 3.20226e-06	    0.999971	 2.87296e-05
28	-0.813471802409191	-1.19432025127496	0.390459985520455	280	28	    0.999441	 0.000558994	1	    0.999874	 0.000125504	1	    0.999875	 0.000124947	     0.99888	   0.0011199
29	0.873264349921406	0.147790197708044	-0.328718740037246	281	29	    0.321286	    0.678714	2	    0.771671	    0.228329	1	    0.951568	   0.0484317	    0.686512	    0.313488
29	2.68864514485082	0.859362736085611	1.07360700974532	282	29	    0.321286	    0.678714	2	  0.00761755	    0.992382	2	   0.0191279	    0.980872	  0.00216884	    0.997831
29	-0.396772649536139	0.386289331650674	-0.212458512292562	283	29	    0.321286	    0.678714	2	    0.982995	   0.0170047	1	    0.997293	  0.00270689	    0.976227	    0.023773
29	0.2976335066299	-0.382121121977871	1.9005844933989	284	29	    0.321286	    0.678714	2	     0.79774	     0.20226	1	    0.958755	    0.041245	    0.721519	    0.278481
29	2.36675485426497	3.72828009823482	0.339524416144792	285	29	    0.321286	    0.678714	2	 0.000473517	    0.999526	2	  0.00119269	    0.998807	 0.000133078	    0.999867
29	2.43392591334444	2.0320224711799	1.07778623898104	286	29	    0.321286	    0.678714	2	  0.00244786	    0.997552	2	  0.00616043	     0.99384	 0.000690416	     0.99931
29	-0.35355763840705	-0.440858433855772	-0.30523129664673	287	29	    0.321286	    0.678714	2	    0.994902	  0.00509768	1	      0.9992	 0.000800008	    0.992868	   0.0071321
29	2.63253918286346	2.60168120593803	-0.332463006821474	288	29	    0.321286	    0.678714	2	   0.0022271	    0.997773	2	  0.00560538	    0.994395	 0.000627899	    0.999372
29	-0.662771721697078	-1.39445816508518	0.538662201753403	289	29	    0.321286	    0.678714	2	    0.998986	  0.00101356	1	    0.999842	 0.000158295	    0.998582	  0.00141842
29	2.3634963039959	0.900031851314337	0.989178638068383	290	29	    0.321286	    0.678714	2	   0.0170522	    0.982948	2	   0.0426397	     0.95736	  0.00493974	     0.99506
30	-2.63587973430542	-2.87709064831138	-0.865914767388655	291	30	    0.999603	 0.000396698	1	           1	  1.9813e-08	1	           1	 1.97506e-08	           1	   1.772e-07
30	-1.18307429409843	-1.11558210318006	-0.646999374118867	292	30	    0.999603	 0.000396698	1	    0.999977	 2.26904e-05	1	    0.999977	 2.26189e-05	    0.999797	 0.000202897
30	-0.749874558410225	-0.162860420581803	-0.394675567281801	293	30	    0.999603	 0.000396698	1	    0.999609	 0.000390557	1	    0.999611	  0.00038933	    0.996518	  0.00348222
30	0.717282330737834	0.0622892205274048	0.418546502357148	294	30	    0.999603	 0.000396698	1	    0.948142	   0.0518576	1	    0.948252	   0.0517477	    0.671316	    0.328684
30	1.73137955840542	0.282383723815461	0.627657189389731	295	30	    0.999603	 0.000396698	1	    0.441601	    0.558399	2	    0.441744	    0.558256	   0.0810486	    0.918951
30	0.746485560314266	1.6674938773433	-1.71763660786711	296	30	    0.999603	 0.000396698	1	    0.860822	    0.139178	1	    0.861001	    0.138999	    0.408429	    0.591571
30	-1.47535684757233	0.0487853712378516	0.258954234199673	297	30	    0.999603	 0.000396698	1	    0.999879	 0.000120535	1	     0.99988	 0.000120155	    0.998923	  0.00107699
30	-0.578900495275292	-0.822500700133568	-0.785100474072091	298	30	    0.999603	 0.000396698	1	    0.999827	 0.000173046	1	    0.999827	 0.000172501	    0.998454	  0.00154553
30	0.84773924769624	-0.214132342378536	-0.521115808589416	299	30	    0.999603	 0.000396698	1	    0.976679	   0.0233212	1	    0.976739	   0.0232606	    0.823953	    0.176047
30	-1.25832144486236	-0.612395413132402	0.0746583242319453	300	30	    0.999603	 0.000396698	1	    0.999931	 6.86219e-05	1	    0.999932	 6.84057e-05	    0.999387	 0.000613394
31	-0.0125899084035474	0.22009989681933	1.01231202536308	301	31	    0.472559	    0.527441	2	    0.919672	   0.0803277	1	    0.982649	   0.0173505	    0.863248	    0.136752
31	2.72699047646471	1.09754754391987	0.497850060766278	302	31	    0.472559	    0.527441	2	   0.0112673	    0.988733	2	   0.0211604	     0.97884	  0.00240371	    0.997596
31	1.4377435507535	3.35053083924889	0.0852380391852749	303	31	    0.472559	    0.527441	2	   0.0139254	    0.986075	2	    0.026139	    0.973861	  0.00298271	    0.997017
31	-0.0696041356717014	0.537164232418742	0.146682824120506	304	31	    0.472559	    0.527441	2	    0.947373	   0.0526273	1	    0.989096	   0.0109044	    0.909991	   0.0900088
31	1.44454228239272	0.675752505613293	0.653015940342998	305	31	    0.472559	    0.527441	2	    0.268379	    0.731621	2	    0.468192	    0.531808	   0.0893579	    0.910642
31	1.11009775913816	0.837657803832898	0.741916593404209	306	31	    0.472559	    0.527441	2	    0.358569	    0.641431	2	    0.599302	    0.400698	    0.142884	    0.857116
31	1.5208948509694	1.26699044390907	0.66845208061066	307	31	    0.472559	    0.527441	2	    0.123155	    0.876845	2	    0.225526	    0.774474	   0.0314365	    0.968563
31	-1.32768146258791	0.277740998179556	0.731398434718984	308	31	    0.472559	    0.527441	2	    0.997942	  0.00205754	1	    0.999604	 0.000396459	    0.996454	  0.00354578
31	0.516855816265151	0.467495710045231	0.888102594409958	309	31	    0.472559	    0.527441	2	    0.719665	    0.280335	1	    0.914813	   0.0851873	    0.544822	    0.455178
31	1.41481118878199	-0.405525475199604	0.459250643637563	310	31	    0.472559	    0.527441	2	    0.614731	    0.385269	1	    0.856017	    0.143983	    0.398552	    0.601448
32	0.42371147120255	2.14410131016448	0.68448498614643	311	32	    0.904099	   0.0959008	1	    0.528276	    0.471724	1	    0.570626	    0.429374	    0.129016	    0.870984
32	-0.120182562786904	0.457869950729273	0.549157338486019	312	32	    0.904099	   0.0959008	1	    0.979739	   0.0202606	1	    0.988007	   0.0119925	    0.901793	   0.0982068
32	0.0576602652026664	-1.5406742905493	0.160454264008568	313	32	    0.904099	   0.0959008	1	    0.998879	  0.00112123	1	    0.999363	 0.000637005	    0.994314	  0.00568626
32	0.632181329335489	0.827081919897743	0.686553771725714	314	32	    0.904099	   0.0959008	1	     0.80333	     0.19667	1	    0.847893	    0.152107	    0.383215	    0.616785
32	-0.154346964333072	-0.270347178309283	-0.230011744858763	315	32	    0.904099	   0.0959008	1	    0.996699	  0.00330144	1	    0.998115	  0.00188462	    0.983342	   0.0166584
32	-0.204458323554882	-0.157350792330538	0.227291045490382	316	32	    0.904099	   0.0959008	1	    0.995066	  0.00493438	1	    0.997173	  0.00282684	    0.975197	   0.0248031
32	1.03687733017659	3.27549492516995	-0.0311853161638615	317	32	    0.904099	   0.0959008	1	   0.0775866	    0.922413	2	   0.0847331	    0.915267	   0.0102132	    0.989787
32	1.37644399692042	0.828175632242734	0.604354263264493	318	32	    0.904099	   0.0959008	1	    0.429136	    0.570864	2	    0.465278	    0.534722	   0.0884098	     0.91159
32	1.24246752771631	2.49930894683288	-0.0620835860332609	319	32	    0.904099	   0.0959008	1	    0.137419	    0.862581	2	     0.14995	     0.85005	   0.0192825	    0.980718
32	-0.652035068140837	1.74044883711889	1.41084786590527	320	32	    0.904099	   0.0959008	1	    0.930176	   0.0698238	1	     0.95453	   0.0454699	    0.700582	    0.299418
33	1.39661873826752	-0.00581970720256031	0.624985787914555	321	33	   0.0190374	    0.980963	2	    0.253415	    0.746585	2	    0.743212	    0.256788	     0.24391	     0.75609
33	0.815559129564994	-0.793699852256919	0.0186213506903124	322	33	   0.0190374	    0.980963	2	    0.894142	    0.105858	1	    0.986732	   0.0132684	    0.892345	    0.107655
33	3.51857856216494	3.55009338163202	2.22694790865363	323	33	   0.0190374	    0.980963	2	 1.60119e-06	    0.999998	2	 1.24727e-05	    0.999988	 1.39021e-06	    0.999999
33	2.98105095243803	2.59845625845278	2.75959115776686	324	33	   0.0190374	    0.980963	2	  1.1753e-05	    0.999988	2	 9.15459e-05	    0.999908	 1.02045e-05	     0.99999
33	-0.306334399352495	-0.293944506445714	0.461607964882763	325	33	   0.0190374	    0.980963	2	    0.981461	   0.0185387	1	    0.997862	   0.0021376	    0.981143	    0.018857
33	1.33430712604777	-0.888632694476195	0.503579063950028	326	33	   0.0190374	    0.980963	2	    0.628651	    0.371349	1	    0.936731	   0.0632689	    0.622672	    0.377328
33	1.97412150658651	0.36743210745586	2.72986686497309	327	33	   0.0190374	    0.980963	2	  0.00421915	    0.995781	2	    0.032065	    0.967935	  0.00367875	    0.996321
33	2.57789143712404	3.10182716945141	2.35466801790292	328	33	   0.0190374	    0.980963	2	 2.56467e-05	    0.999974	2	  0.00019975	      0.9998	 2.22679e-05	    0.999978
33	1.90899207761967	1.5839569863157	1.18748746045691	329	33	   0.0190374	    0.980963	2	  0.00510803	    0.994892	2	   0.0386211	    0.961379	  0.00445764	    0.995542
33	2.58694449812048	1.59407609706872	1.78834028285342	330	33	   0.0190374	    0.980963	2	 0.000479983	     0.99952	2	  0.00372837	    0.996272	 0.000416942	    0.999583
34	0.920624744073994	-1.38925459454784	0.992160983991352	331	34	    0.987244	   0.0127564	1	    0.981773	    0.018227	1	    0.983251	   0.0167495	    0.867427	    0.132573
34	-1.22458939019654	-0.526631690121855	-0.114759255388307	332	34	    0.987244	   0.0127564	1	    0.999919	 8.12122e-05	1	    0.999926	 7.37204e-05	    0.999339	 0.000661022
34	-1.49900519004844	-3.01825407324352	-0.539328978906606	333	34	    0.987244	   0.0127564	1	    0.999999	 5.59597e-07	1	    0.999999	 5.07943e-07	    0.999995	 4.55719e-06
34	0.370901772620354	-1.1051751235184	0.204189702202408	334	34	    0.987244	   0.0127564	1	    0.996711	  0.00328894	1	    0.997007	  0.00299259	    0.973776	   0.0262236
34	0.560775660579169	0.940172536701306	-1.05232958039042	335	34	    0.987244	   0.0127564	1	    0.952353	   0.0476474	1	    0.955542	   0.0444578	    0.705503	    0.294497
34	-2.84723614597792	-3.0476554579277	-0.931893133467535	336	34	    0.987244	   0.0127564	1	           1	 8.59754e-09	1	           1	 7.80394e-09	           1	  7.0016e-08
34	3.10301840375871	3.72648494166445	0.245108013589756	337	34	    0.987244	   0.0127564	1	 0.000211986	    0.999788	2	 0.000214416	    0.999786	 2.39032e-05	    0.999976
34	0.403003000075565	2.98406682426207	-0.818792724346133	338	34	    0.987244	   0.0127564	1	    0.563273	    0.436727	1	    0.568894	    0.431106	    0.128224	    0.871776
34	0.0124529310912976	-0.390584256674359	1.88905817611796	339	34	    0.987244	   0.0127564	1	    0.979163	   0.0208366	1	    0.980823	   0.0191775	    0.850758	    0.149242
34	2.04376277010305	2.15527684985553	0.209761856302541	340	34	    0.987244	   0.0127564	1	   0.0295254	    0.970475	2	   0.0298627	    0.970137	   0.0034192	    0.996581
35	3.04550878843318	3.6017442334294	-0.142405017603499	341	35	    0.131486	    0.868514	2	 9.26936e-05	    0.999907	2	 0.000405972	    0.999594	 4.52657e-05	    0.999955
35	0.438720213720728	-1.92115233487257	0.612931992234504	342	35	    0.131486	    0.868514	2	    0.988667	   0.0113325	1	    0.998554	  0.00144642	    0.987171	   0.0128292
35	0.121992780317795	-1.53665096964041	0.994515986573618	343	35	    0.131486	    0.868514	2	    0.987119	   0.0128808	1	    0.998353	  0.00164658	    0.985418	   0.0145816
35	2.13176586554426	0.356056088288316	1.22630610433764	344	35	    0.131486	    0.868514	2	   0.0298717	    0.970128	2	    0.124305	    0.875695	   0.0155753	    0.984425
35	2.60681739728962	3.1460565649045	1.10648617993822	345	35	    0.131486	    0.868514	2	 0.000170704	    0.999829	2	 0.000747542	    0.999252	 8.33759e-05	    0.999917
35	1.29387858752278	0.603353678857245	0.664894153467236	346	35	    0.131486	    0.868514	2	    0.196835	    0.803165	2	    0.588584	    0.411416	    0.137527	    0.862473
35	0.53993152988495	2.56802087345709	-0.890173578531237	347	35	    0.131486	    0.868514	2	     0.22821	     0.77179	2	     0.64065	     0.35935	     0.16577	     0.83423
35	-0.53139585365242	1.57316352981808	0.0454137892285289	348	35	    0.131486	    0.868514	2	    0.901656	    0.098344	1	    0.986254	   0.0137465	    0.888849	    0.111151
35	0.871916588373035	1.11996054272863	0.201636079756293	349	35	    0.131486	    0.868514	2	    0.313065	    0.686935	2	    0.746793	    0.253207	    0.247402	    0.752598
35	2.58755365752642	1.84778669027572	-0.109000234497804	350	35	    0.131486	    0.868514	2	  0.00370701	    0.996293	2	   0.0161386	    0.983861	  0.00182497	    0.998175
36	0.820733740760418	1.96730131105314	1.33664647046958	351	36	    0.412688	    0.587312	2	    0.118518	    0.881482	2	    0.239042	    0.760958	   0.0338286	    0.966171
36	2.37194270861753	0.423669735536619	0.556167796434055	352	36	    0.412688	    0.587312	2	   0.0585074	    0.941493	2	    0.120388	    0.879612	   0.0150256	    0.984974
36	1.05753786380922	0.979001497212254	-0.43318346177674	353	36	    0.412688	    0.587312	2	    0.496327	    0.503673	2	    0.787198	    0.212802	    0.291941	    0.708059
36	0.234823016337262	0.368487126706173	-0.874724978413524	354	36	    0.412688	    0.587312	2	    0.951719	    0.048281	1	    0.990936	  0.00906359	    0.924162	    0.075838
36	0.965357873882425	2.04056253604412	1.23895919446918	355	36	    0.412688	    0.587312	2	   0.0865766	    0.913423	2	    0.176568	    0.823432	   0.0233422	    0.976658
36	-0.15270568817223	0.57421534415599	-0.428561070193981	356	36	    0.412688	    0.587312	2	    0.967697	   0.0323031	1	    0.994066	  0.00593372	    0.949168	   0.0508321
36	1.93418554539502	1.66745044566976	1.22004286775146	357	36	    0.412688	    0.587312	2	   0.0149408	    0.985059	2	    0.031126	    0.968874	  0.00356796	    0.996432
36	-1.05558763055237	-1.60183662480791	0.0894645512298132	358	36	    0.412688	    0.587312	2	    0.999851	 0.000148938	1	    0.999974	 2.62174e-05	    0.999765	  0.00023517
36	1.81692621755547	0.398922409373421	0.544819626149492	359	36	    0.412688	    0.587312	2	    0.186256	    0.813744	2	    0.365472	    0.634528	    0.060325	    0.939675
36	-0.589797829259148	0.398117529186453	-0.249539658760556	360	36	    0.412688	    0.587312	2	    0.991099	  0.00890113	1	    0.998415	  0.00158489	    0.985958	   0.0140421
37	0.262700935557097	-1.09550792923767	-0.419185674774015	361	37	   0.0868006	    0.913199	2	    0.988523	   0.0114766	1	    0.998599	   0.0014014	    0.987566	   0.0124343
37	2.1417029637357	0.522493182737531	-0.0212497662440381	362	37	   0.0868006	    0.913199	2	   0.0558243	    0.944176	2	    0.255511	    0.744489	   0.0368438	    0.963156
37	0.745560226809198	1.07496651086734	1.58982281077169	363	37	   0.0868006	    0.913199	2	    0.145975	    0.854025	2	    0.525551	    0.474449	    0.109896	    0.890104
37	2.02390070499001	1.16850008774709	-0.523943748301651	364	37	   0.0868006	    0.913199	2	   0.0423696	     0.95763	2	    0.201066	    0.798934	   0.0272853	    0.972715
37	2.18884775997507	2.79934396793851	0.850300620013962	365	37	   0.0868006	    0.913199	2	 0.000857894	    0.999142	2	  0.00453919	    0.995461	 0.000507983	    0.999492
37	1.56846340022425	0.509834862001885	1.66707993635154	366	37	   0.0868006	    0.913199	2	   0.0474355	    0.952564	2	     0.22207	     0.77793	   0.0308363	    0.969164
37	1.40084592424172	0.0358616875765512	0.880754971738156	367	37	   0.0868006	    0.913199	2	    0.231986	    0.768014	2	    0.677391	    0.322609	    0.189649	    0.810351
37	-0.297168799025017	-2.46589484920717	-0.134239224705619	368	37	   0.0868006	    0.913199	2	    0.999625	 0.000374764	1	    0.999955	  4.5278e-05	    0.999594	 0.000406082
37	-0.354061844429589	-0.978978932704519	0.728518929772631	369	37	   0.0868006	    0.913199	2	    0.993117	  0.00688313	1	    0.999163	 0.000836791	    0.992542	  0.00745784
37	3.77614947635517	2.69148152674952	1.83427212146815	370	37	   0.0868006	    0.913199	2	 7.38192e-06	    0.999993	2	  3.9143e-05	    0.999961	   4.363e-06	    0.999996
38	0.62833708089614	1.00759146811708	0.204886256838779	371	38	    0.999357	 0.000642932	1	    0.868131	    0.131869	1	    0.868417	    0.131583	    0.423832	    0.576168
38	1.24035761215446	0.816646064105565	2.15135980781834	372	38	    0.999357	 0.000642932	1	    0.187873	    0.812127	2	    0.187977	    0.812023	    0.025153	    0.974847
38	-0.749377441644608	0.0837103039199097	-1.00289492292929	373	38	    0.999357	 0.000642932	1	    0.999617	 0.000383153	1	    0.999619	 0.000381206	     0.99659	  0.00340977
38	-1.53344300365103	-1.19887721047736	1.01837816558258	374	38	    0.999357	 0.000642932	1	    0.999969	 3.05103e-05	1	     0.99997	 3.03548e-05	    0.999728	 0.000272274
38	0.423611760413619	0.702337086831844	0.645080853957933	375	38	    0.999357	 0.000642932	1	    0.923726	   0.0762744	1	     0.92395	   0.0760502	    0.575217	    0.424783
38	-0.668942758818098	-0.108104704625732	1.29828938834958	376	38	    0.999357	 0.000642932	1	    0.997568	  0.00243243	1	     0.99758	  0.00242029	    0.978696	   0.0213035
38	-0.613425456878619	-1.23038013534737	0.0389257442071551	377	38	    0.999357	 0.000642932	1	    0.999847	 0.000152556	1	    0.999848	 0.000151779	     0.99864	   0.0013601
38	-0.401823837195416	0.900645813189708	-1.60740763393644	378	38	    0.999357	 0.000642932	1	    0.997508	  0.00249161	1	    0.997521	  0.00247918	    0.978188	   0.0218119
38	0.665375329984828	-0.290272700607478	-0.00277384033284398	379	38	    0.999357	 0.000642932	1	      0.9809	   0.0191003	1	    0.980983	   0.0190173	     0.85184	     0.14816
38	0.11126534605213	0.513417658699353	-0.973670912888846	380	38	    0.999357	 0.000642932	1	      0.9923	  0.00770024	1	    0.992336	  0.00766351	    0.935202	   0.0647975
39	-1.41983161944503	-1.52417907181343	1.7668570427836	381	39	    0.920598	   0.0794021	1	    0.999907	 9.34095e-05	1	    0.999943	 5.72131e-05	    0.999487	 0.000513075
39	1.21560460216683	2.50391022938184	-0.152025373543341	382	39	    0.920598	   0.0794021	1	    0.156102	    0.843898	2	    0.167672	    0.832328	   0.0219603	     0.97804
39	-2.23566732883609	-1.88316648213306	1.03662251627519	383	39	    0.920598	   0.0794021	1	    0.999998	 2.35094e-06	1	    0.999999	 1.43967e-06	    0.999987	 1.29164e-05
39	0.930828173631127	1.20862520880919	2.11726720389026	384	39	    0.920598	   0.0794021	1	    0.213514	    0.786486	2	    0.229163	    0.770837	   0.0320731	    0.967927
39	-0.0193001740177796	-1.04649376678887	1.0062617226557	385	39	    0.920598	   0.0794021	1	    0.996043	  0.00395742	1	    0.997556	   0.0024438	    0.978493	   0.0215065
39	2.60272618902157	0.56697152603002	0.00899906587916843	386	39	    0.920598	   0.0794021	1	   0.0844531	    0.915547	2	   0.0907879	    0.909212	   0.0110071	    0.988993
39	-1.0963615528073	-1.47388141191989	0.588556557645899	387	39	    0.920598	   0.0794021	1	    0.999928	 7.22508e-05	1	    0.999956	 4.42514e-05	    0.999603	 0.000396879
39	0.451234000332003	-0.740721620320251	0.237969475793125	388	39	    0.920598	   0.0794021	1	    0.989339	   0.0106615	1	    0.993324	  0.00667601	     0.94313	   0.0568698
39	2.47317065550358	2.07404306917947	-1.81502569452296	389	39	    0.920598	   0.0794021	1	   0.0386571	    0.961343	2	   0.0415763	    0.958424	  0.00481183	    0.995188
39	-0.587614550479645	-0.871783627417579	1.237022650814	390	39	    0.920598	   0.0794021	1	    0.998577	  0.00142288	1	    0.999126	 0.000873975	    0.992213	  0.00778695
40	-1.05637066459077	-0.227880581722463	1.43512082432358	391	40	    0.998624	  0.00137649	1	    0.999187	 0.000812724	1	    0.999196	 0.000803965	    0.992833	  0.00716715
40	0.734842460708608	-0.713864122818201	0.152746337335297	392	40	    0.998624	  0.00137649	1	      0.9863	   0.0136998	1	    0.986433	   0.0135673	    0.890156	    0.109844
40	0.899042527450053	0.0950411466274785	0.401176232998465	393	40	    0.998624	  0.00137649	1	    0.916202	   0.0837982	1	    0.916705	   0.0832946	      0.5509	      0.4491
40	1.11531191299315	1.68528713163141	-0.805156274847438	394	40	    0.998624	  0.00137649	1	    0.584291	    0.415709	1	    0.584909	    0.415091	    0.135739	    0.864261
40	2.16505780080609	0.612287033448461	-1.08453952794071	395	40	    0.998624	  0.00137649	1	    0.369714	    0.630286	2	    0.370139	    0.629861	   0.0614728	    0.938527
40	-1.8599052834486	-2.96943215006863	-1.39160402985436	396	40	    0.998624	  0.00137649	1	           1	 1.19502e-07	1	           1	 1.18205e-07	    0.999999	 1.06052e-06
40	0.482476465852217	0.945092068684752	-0.629594537609062	397	40	    0.998624	  0.00137649	1	     0.95226	   0.0477404	1	    0.952619	   0.0473809	    0.691449	    0.308551
40	-0.870508363979724	-1.6118739587961	0.566733978529148	398	40	    0.998624	  0.00137649	1	    0.999934	 6.60819e-05	1	    0.999935	  6.5365e-05	    0.999414	 0.000586142
40	0.428427276318831	-1.16478845886369	-0.680110612191577	399	40	    0.998624	  0.00137649	1	    0.998351	  0.00164918	1	    0.998368	  0.00163154	     0.98555	     0.01445
40	-2.80790881215224	-2.36837375351614	1.71224812961805	400	40	    0.998624	  0.00137649	1	           1	  2.6996e-07	1	           1	  2.6703e-07	    0.999998	 2.39576e-06
