g	y1	y2	id	t	State#1	State#2	State#	joint5_1_1	joint5_1_2	joint5_2_1	joint5_2_2
1	0.556822273352293	0.232919319628652	1	1	   0.0600088	    0.939991	2	         nan	         nan	         nan	         nan
1	-0.624255044263498	-0.929677432933712	2	2	 0.000564524	    0.999435	2	   0.0031597	     0.99684	 0.000398849	    0.999601
1	-0.206815033071333	0.0962420733368308	3	3	   0.0130055	    0.986995	2	   0.0944503	     0.90555	   0.0129595	    0.987041
1	1.70157576756903	-0.266085400240572	4	4	    0.230326	    0.769674	2	    0.696557	    0.303443	    0.224183	    0.775817
2	-0.602873660380664	0.851210614023821	5	1	   0.0866359	    0.913364	2	         nan	         nan	         nan	         nan
2	1.67139733370988	0.842112811160983	6	2	    0.465166	    0.534834	2	    0.856038	    0.143962	     0.42809	     0.57191
2	-0.329527906026401	0.00465438312614885	7	3	   0.0151987	    0.984801	2	   0.0284509	    0.971549	  0.00367279	    0.996327
2	1.02785638420915	-1.4351755179427	8	4	  0.00979747	    0.990203	2	   0.0667199	     0.93328	  0.00891897	    0.991081
3	1.44602708392381	1.10963629317049	9	1	    0.934513	   0.0654873	1	         nan	         nan	         nan	         nan
3	3.67251329659524	2.31347933318004	10	2	    0.999763	 0.000236653	1	    0.999837	 0.000162743	    0.998709	  0.00129136
3	-0.997597869580627	0.642647941338714	11	3	   0.0628545	    0.937146	2	   0.0628674	    0.937133	  0.00837402	    0.991626
3	0.268588600456689	1.17221407895028	12	4	    0.237517	    0.762483	2	     0.67612	     0.32388	      0.2081	      0.7919
4	-0.413023583633525	-0.720322932261437	13	1	  0.00223116	    0.997769	2	         nan	         nan	         nan	         nan
4	0.00203304500239325	0.872874148199493	14	2	   0.0317216	    0.968278	2	    0.204442	    0.795558	   0.0313353	    0.968665
4	-0.528727961269219	0.0858532394296076	15	3	  0.00343507	    0.996565	2	   0.0220194	    0.977981	  0.00282623	    0.997174
4	-1.32902311002705	-0.453009540432322	16	4	  0.00076173	    0.999238	2	  0.00588061	    0.994119	 0.000744085	    0.999256
5	0.628403277801107	0.382110796178246	17	1	     0.08793	     0.91207	2	         nan	         nan	         nan	         nan
5	-0.0538497740439045	-1.62721289492343	18	2	 0.000801091	    0.999199	2	  0.00394354	    0.996056	 0.000498136	    0.999502
5	0.221298642530194	0.639825898414517	19	3	    0.107617	    0.892383	2	    0.488479	    0.511521	    0.107311	    0.892689
5	0.321343579459236	1.65660248848675	20	4	    0.463676	    0.536324	2	    0.850368	    0.149632	    0.417043	    0.582957
6	0.0921703261239644	1.35056857669594	21	1	    0.622579	    0.377421	1	         nan	         nan	         nan	         nan
6	2.48454803835488	0.919652460255627	22	2	    0.986358	   0.0136424	1	    0.996149	  0.00385083	    0.970206	   0.0297942
6	1.87117729529432	1.05325448621695	23	3	    0.989332	   0.0106679	1	    0.990193	  0.00980666	    0.927063	   0.0729371
6	1.65326759792024	3.05172335677684	24	4	    0.998941	  0.00105894	1	    0.999014	 0.000986433	    0.992217	  0.00778289
7	0.562394673986847	0.690681079501746	25	1	    0.543113	    0.456887	1	         nan	         nan	         nan	         nan
7	1.82964100471927	2.59042317896344	26	2	     0.99747	  0.00252966	1	    0.999392	 0.000608481	    0.995187	  0.00481342
7	3.10087343105812	0.874265112458183	27	3	    0.998795	  0.00120504	1	    0.998816	  0.00118443	    0.990668	  0.00933232
7	1.76121347137118	1.54095424711195	28	4	    0.986545	   0.0134553	1	    0.986646	   0.0133544	    0.902916	   0.0970844
8	1.06760563423936	0.737292535816876	29	1	    0.744957	    0.255043	1	         nan	         nan	         nan	         nan
8	0.889294460627489	1.58826706120008	30	2	    0.939362	   0.0606382	1	    0.975516	   0.0244845	     0.83376	     0.16624
8	2.09985516309895	2.03185472244763	31	3	    0.998564	   0.0014361	1	    0.998987	  0.00101297	    0.992009	  0.00799082
8	1.62531770776496	2.64623754207845	32	4	    0.997744	  0.00225558	1	    0.997766	   0.0022337	    0.982527	   0.0174734
9	-0.101238189158888	1.08255625727861	33	1	    0.379355	    0.620645	2	         nan	         nan	         nan	         nan
9	1.03860758374514	1.40806422400892	34	2	    0.882196	    0.117804	1	    0.974164	   0.0258356	    0.825982	    0.174018
9	1.56142156424763	2.28508605441463	35	3	    0.996534	  0.00346567	1	    0.998081	  0.00191927	    0.984954	   0.0150461
9	1.97283599957257	1.62197280952036	36	4	    0.992277	  0.00772343	1	    0.992448	  0.00755205	    0.942996	   0.0570039
10	1.74867580612839	-0.0113939451137226	37	1	    0.764929	    0.235071	1	         nan	         nan	         nan	         nan
10	4.06986998987023	2.00424287917897	38	2	    0.999756	 0.000243525	1	    0.999907	 9.25552e-05	    0.999265	 0.000734784
10	1.26653144932764	-0.177678488460816	39	3	    0.321709	    0.678291	2	    0.321773	    0.678227	   0.0563567	    0.943643
10	1.28127287032136	-1.0514248133275	40	4	   0.0810695	    0.918931	2	    0.191104	    0.808896	   0.0288809	    0.971119
11	0.777381835190927	-0.340101427354882	41	1	    0.152976	    0.847024	2	         nan	         nan	         nan	         nan
11	0.838433821916692	1.14280093910777	42	2	    0.676695	    0.323305	1	    0.931352	   0.0686478	    0.630703	    0.369297
11	1.31469650680807	1.65667307269652	43	3	    0.929899	   0.0701005	1	    0.975599	   0.0244006	    0.834247	    0.165753
11	1.54298598492283	0.107798293281263	44	4	    0.736517	    0.263483	1	    0.769715	    0.230285	    0.296147	    0.703853
12	3.1791237935468	3.16424811958875	45	1	    0.999956	 4.37309e-05	1	         nan	         nan	         nan	         nan
12	1.65066405113291	2.06867720637287	46	2	    0.997228	  0.00277191	1	    0.997229	  0.00277109	    0.978402	   0.0215979
12	1.18972098972276	1.1565543482142	47	3	    0.969275	   0.0307254	1	    0.969741	   0.0302587	    0.801362	    0.198638
12	3.08176212433314	3.7065842719372	48	4	    0.999981	 1.85432e-05	1	    0.999985	 1.52829e-05	    0.999879	 0.000121394
13	3.46073059412234	1.84741589358309	49	1	    0.999715	  0.00028482	1	         nan	         nan	         nan	         nan
13	1.90228102651589	1.66395887681369	50	2	    0.996658	  0.00334193	1	    0.996664	  0.00333551	    0.974103	   0.0258974
13	1.54977972305975	1.67839809333674	51	3	    0.980827	   0.0191729	1	    0.981206	   0.0187944	    0.867933	    0.132067
13	1.33938486676199	0.0548300452681283	52	4	    0.661045	    0.338955	1	    0.669988	    0.330012	    0.203545	    0.796455
14	0.111252587548941	0.174200829633941	53	1	    0.113858	    0.886142	2	         nan	         nan	         nan	         nan
14	0.576287326440564	1.25750603834962	54	2	    0.637041	    0.362959	1	    0.922678	   0.0773222	    0.600341	    0.399659
14	2.65199362162534	3.45526655115847	55	3	    0.999921	 7.85634e-05	1	    0.999978	 2.23196e-05	    0.999823	 0.000177279
14	2.54209287335862	1.90453053105272	56	4	    0.998598	  0.00140197	1	    0.998599	  0.00140121	    0.988976	   0.0110239
15	1.33739697825905	1.09608994546422	57	1	    0.600412	    0.399588	1	         nan	         nan	         nan	         nan
15	-0.0455379575505793	0.227514098020628	58	2	   0.0426961	    0.957304	2	   0.0653087	    0.934691	   0.0087189	    0.991281
15	-1.37797083900815	-1.14099662929108	59	3	  0.00018866	    0.999811	2	  0.00115512	    0.998845	 0.000145556	    0.999854
15	0.959921233834661	0.334969759368565	60	4	    0.170504	    0.829496	2	    0.620049	    0.379951	    0.170419	    0.829581
16	2.51546200667467	1.39224144835657	61	1	    0.995134	  0.00486627	1	         nan	         nan	         nan	         nan
16	1.95186559873878	1.56162742820012	62	2	    0.996649	  0.00335126	1	    0.996756	  0.00324439	    0.974794	   0.0252055
16	2.08803472633262	2.58128560970449	63	3	    0.999469	 0.000531334	1	    0.999481	 0.000519299	     0.99589	  0.00411048
16	2.55404147624492	-0.172747171958794	64	4	    0.938861	   0.0611394	1	    0.939009	    0.060991	    0.659639	    0.340361
17	-0.263638247225355	1.72060428051441	65	1	    0.580425	    0.419575	1	         nan	         nan	         nan	         nan
17	2.08364483454705	0.0571330145163751	66	2	    0.873793	    0.126207	1	    0.960515	   0.0394854	    0.753826	    0.246174
17	2.37870290174395	1.58095679088375	67	3	    0.996887	  0.00311295	1	    0.998331	  0.00166924	    0.986892	   0.0131085
17	1.22744074990821	1.51148408230499	68	4	    0.959985	    0.040015	1	    0.960627	   0.0393729	    0.754377	    0.245623
18	2.47054539692401	1.56378826503422	69	1	    0.996146	  0.00385425	1	         nan	         nan	         nan	         nan
18	1.97781297475868	2.77969171036683	70	2	    0.997705	  0.00229506	1	    0.997764	  0.00223625	    0.982507	   0.0174931
18	0.111921915384331	0.367581201432856	71	3	    0.116235	    0.883765	2	    0.116465	    0.883535	   0.0163225	    0.983678
18	-0.0889951483601707	-0.0836537861409309	72	4	   0.0226091	    0.977391	2	   0.0951646	    0.904835	   0.0130664	    0.986934
19	1.56476019351936	2.13003143649724	73	1	    0.991324	  0.00867648	1	         nan	         nan	         nan	         nan
19	2.23621968147366	0.880182077990762	74	2	    0.990533	   0.0094666	1	    0.991037	   0.0089628	    0.932971	   0.0670286
19	1.42741357056025	0.57260587633932	75	3	    0.940574	   0.0594259	1	    0.943102	   0.0568975	    0.676013	    0.323987
19	2.33716731776764	1.3698560697995	76	4	    0.991949	  0.00805088	1	    0.994227	  0.00577349	    0.955903	   0.0440966
20	-2.51914162872543	1.47509158278897	77	1	  0.00297259	    0.997027	2	         nan	         nan	         nan	         nan
20	-1.48640766912805	0.0177726364885352	78	2	 0.000575091	    0.999425	2	  0.00445907	    0.995541	 0.000563511	    0.999436
20	-0.716174939089587	1.53514726469916	79	3	   0.0296582	    0.970342	2	    0.194849	    0.805151	   0.0295631	    0.970437
20	-0.754079573877399	-0.212645187300849	80	4	  0.00377848	    0.996222	2	   0.0244602	     0.97554	  0.00314636	    0.996854
21	2.06793113932741	1.22295012040802	81	1	    0.983763	    0.016237	1	         nan	         nan	         nan	         nan
21	1.9290093517009	2.31893303641386	82	2	    0.998733	  0.00126734	1	     0.99886	  0.00113997	    0.991015	  0.00898475
21	2.55562384160843	0.421345842831111	83	3	    0.944082	   0.0559184	1	    0.944415	   0.0555851	    0.681405	    0.318595
21	-0.199149827939761	-0.171758301894214	84	4	   0.0648395	     0.93516	2	   0.0681398	     0.93186	  0.00912079	    0.990879
22	2.16073551774102	0.298493206670206	85	1	    0.898915	    0.101085	1	         nan	         nan	         nan	         nan
22	1.15423017158996	1.67608711919561	86	2	    0.898593	    0.101407	1	    0.929479	   0.0705211	    0.623938	    0.376062
22	0.0349709975942329	1.0690565737448	87	3	    0.258954	    0.741046	2	    0.282839	    0.717161	   0.0472979	    0.952702
22	0.0338528132972916	-0.963198453198152	88	4	  0.00900833	    0.990992	2	   0.0254216	    0.974578	  0.00327283	    0.996727
23	2.38238505381901	-0.147760148659358	89	1	    0.666642	    0.333358	1	         nan	         nan	         nan	         nan
23	-0.0211479406592656	1.49418176772034	90	2	    0.359714	    0.640286	2	    0.486339	    0.513661	    0.106493	    0.893507
23	-0.208989068322554	1.1055328800732	91	3	   0.0991838	    0.900816	2	    0.216049	    0.783951	   0.0335285	    0.966471
23	-0.336679219121369	-0.246505715049411	92	4	   0.0102871	    0.989713	2	   0.0473031	    0.952697	  0.00621142	    0.993789
24	-0.545436002626168	1.15564077822723	93	1	   0.0447054	    0.955295	2	         nan	         nan	         nan	         nan
24	0.127576649312904	-1.40391535957344	94	2	 0.000816889	    0.999183	2	  0.00493647	    0.995064	 0.000624103	    0.999376
24	-1.43274309285031	0.404606487140073	95	3	  0.00593164	    0.994068	2	   0.0450225	    0.954977	  0.00589968	      0.9941
24	2.26128556391192	0.180874448689989	96	4	    0.672701	    0.327299	1	     0.94189	   0.0581097	    0.671095	    0.328905
25	1.08458880048141	0.973192502803795	97	1	    0.617642	    0.382358	1	         nan	         nan	         nan	         nan
25	0.315649122913298	1.20929045645445	98	2	    0.479173	    0.520827	2	    0.655979	    0.344021	    0.193569	    0.806431
25	0.767692162223702	0.25070009273436	99	3	    0.400967	    0.599033	2	    0.638842	    0.361158	    0.182117	    0.817883
25	0.364288903713123	2.05585091687177	100	4	    0.744032	    0.255968	1	    0.928526	   0.0714745	    0.620541	    0.379459
26	-0.588755987414595	0.3235208997133	101	1	   0.0211922	    0.978808	2	         nan	         nan	         nan	         nan
26	0.303054572509673	0.56452858585721	102	2	    0.204656	    0.795344	2	    0.657817	    0.342183	    0.194844	    0.805156
26	0.287007593569058	3.21822986869265	103	3	     0.97658	   0.0234201	1	    0.996321	  0.00367925	      0.9715	   0.0284998
26	1.96850672569728	2.46686940936585	104	4	    0.998171	  0.00182887	1	    0.998424	  0.00157578	    0.987618	   0.0123825
27	0.13374869692166	-0.658221508965348	105	1	  0.00558105	    0.994419	2	         nan	         nan	         nan	         nan
27	0.0196521353421003	-1.13404754537286	106	2	 0.000870253	     0.99913	2	  0.00661848	    0.993382	 0.000837992	    0.999162
27	-0.349183718467846	-0.246091227193271	107	3	  0.00583022	     0.99417	2	   0.0442673	    0.955733	  0.00579674	    0.994203
27	0.416163143361488	1.16373746991313	108	4	    0.256927	    0.743073	2	    0.730236	    0.269764	    0.254151	    0.745849
28	3.14049484559055	-0.526495552675249	109	1	    0.915179	   0.0848208	1	         nan	         nan	         nan	         nan
28	0.369563964771628	1.18175000544011	110	2	    0.811788	    0.188212	1	    0.848672	    0.151328	    0.413821	    0.586179
28	2.17048236374911	0.000647956351912171	111	3	    0.926921	   0.0730791	1	    0.963551	   0.0364493	    0.768931	    0.231069
28	3.25066672044902	2.97364365184858	112	4	    0.999936	 6.41778e-05	1	    0.999957	 4.25783e-05	    0.999662	 0.000338141
29	2.6448047971105	0.469228566967427	113	1	    0.972407	   0.0275931	1	         nan	         nan	         nan	         nan
29	0.843475759338257	1.42191250281483	114	2	    0.935749	    0.064251	1	    0.943118	   0.0568824	    0.676075	    0.323925
29	0.720380393528292	2.08653346850145	115	3	    0.887481	    0.112519	1	    0.909971	   0.0900287	    0.559928	    0.440072
29	-0.250799483692428	0.0617382602403509	116	4	   0.0839236	    0.916076	2	   0.0929492	    0.907051	   0.0127353	    0.987265
30	-0.451669240880181	-0.587238450513792	117	1	  0.00235324	    0.997647	2	         nan	         nan	         nan	         nan
30	0.501039068942273	-0.26569935607057	118	2	   0.0113627	    0.988637	2	    0.082517	    0.917483	   0.0111948	    0.988805
30	0.380302432225023	0.320694715236136	119	3	   0.0247798	     0.97522	2	    0.158951	    0.841049	   0.0232377	    0.976762
30	-1.29884743771756	0.567552243620791	120	4	  0.00599579	    0.994004	2	   0.0394646	    0.960535	  0.00514536	    0.994855
31	1.2176966828317	-0.388607605068426	121	1	   0.0996907	    0.900309	2	         nan	         nan	         nan	         nan
31	0.853197464899125	-0.573743368524036	122	2	    0.110657	    0.889343	2	    0.402916	    0.597084	   0.0782949	    0.921705
31	2.5549584722341	1.43735612280053	123	3	    0.991404	  0.00859633	1	    0.998792	  0.00120789	    0.990484	  0.00951564
31	2.20842913353367	2.10562136983494	124	4	    0.997981	  0.00201905	1	    0.998093	  0.00190692	    0.985049	   0.0149506
32	0.610765527952542	0.0690873936381295	125	1	    0.285006	    0.714994	2	         nan	         nan	         nan	         nan
32	2.50861447107411	1.72940376270668	126	2	     0.96877	   0.0312302	1	    0.994577	  0.00542307	    0.958483	   0.0415173
32	0.517420526470508	-0.0184909362733949	127	3	    0.109867	    0.890133	2	    0.112901	    0.887099	   0.0157683	    0.984232
32	-1.28183957723535	-0.15762139532644	128	4	  0.00243923	    0.997561	2	   0.0109382	    0.989062	  0.00139021	     0.99861
33	1.43830624615446	2.5680415050611	129	1	    0.994948	  0.00505216	1	         nan	         nan	         nan	         nan
33	1.27873809165943	1.53232010671494	130	2	    0.986328	    0.013672	1	    0.986748	   0.0132519	    0.903598	   0.0964018
33	1.281024239245	2.25076849038872	131	3	    0.995065	  0.00493504	1	    0.995479	  0.00452079	     0.96518	     0.03482
33	0.602130407062278	2.02697838213611	132	4	    0.949416	    0.050584	1	    0.950614	    0.049386	    0.707863	    0.292137
34	1.49763546159821	0.0577350507641398	133	1	    0.220781	    0.779219	2	         nan	         nan	         nan	         nan
34	-1.65374029978977	-0.456814802795868	134	2	 0.000432369	    0.999568	2	  0.00135545	    0.998645	 0.000170828	    0.999829
34	-0.104083633651075	-0.26217412785069	135	3	   0.0236489	    0.976351	2	    0.161019	    0.838981	   0.0235895	    0.976411
34	2.430481207379	1.14280597889644	136	4	    0.946187	    0.053813	1	    0.992735	  0.00726488	     0.94506	   0.0549404
35	1.0513334368228	0.341631146072279	137	1	    0.501777	    0.498223	1	         nan	         nan	         nan	         nan
35	0.988827483561578	0.807952481112828	138	2	    0.749176	    0.250824	1	    0.916627	   0.0833734	    0.580532	    0.419468
35	1.71730920518901	2.63820778601945	139	3	      0.9871	   0.0128995	1	    0.995182	  0.00481828	    0.962963	   0.0370371
35	1.1664051882291	-1.15596227864523	140	4	    0.133401	    0.866599	2	    0.134893	    0.865107	   0.0192503	     0.98075
36	0.184936371561086	-0.724361488767563	141	1	  0.00614418	    0.993856	2	         nan	         nan	         nan	         nan
36	-0.315136853248956	0.542008754578254	142	2	   0.0206268	    0.979373	2	    0.138867	    0.861133	   0.0198958	    0.980104
36	1.3348990186323	0.473469155824457	143	3	    0.168591	    0.831409	2	    0.601164	    0.398836	     0.15948	     0.84052
36	-0.361694420063243	-2.37848240876743	144	4	 0.000260908	    0.999739	2	 0.000954527	    0.999045	 0.000120258	     0.99988
37	1.75442781547558	1.92998821303521	145	1	      0.9909	  0.00910044	1	         nan	         nan	         nan	         nan
37	1.19460732745281	1.50330638913834	146	2	    0.982146	   0.0178536	1	    0.983087	   0.0169133	    0.879763	    0.120237
37	1.92275295993649	1.4348469982564	147	3	    0.989986	   0.0100143	1	    0.991024	  0.00897621	    0.932877	    0.067123
37	1.70312790093625	0.198894276792571	148	4	    0.840224	    0.159776	1	    0.844614	    0.155386	    0.406261	    0.593739
38	3.18924064963603	1.75832678290126	149	1	    0.999292	 0.000707884	1	         nan	         nan	         nan	         nan
38	2.63210982847422	0.709115318400888	150	2	    0.970395	   0.0296052	1	    0.970512	   0.0294884	    0.805559	    0.194441
38	0.0838356127967723	-0.30631021595634	151	3	   0.0333524	    0.966648	2	   0.0342344	    0.965766	  0.00444241	    0.995558
38	0.274641478374721	-0.565136134746299	152	4	   0.0127971	    0.987203	2	   0.0780571	    0.921943	   0.0105455	    0.989455
39	1.18439333884626	-1.71188535529779	153	1	   0.0404918	    0.959508	2	         nan	         nan	         nan	         nan
39	0.16802524892149	2.60367176702224	154	2	    0.885112	    0.114888	1	    0.983276	   0.0167238	    0.880969	    0.119031
39	1.02275942424183	2.54088271198932	155	3	     0.95838	   0.0416201	1	    0.974967	   0.0250327	    0.830589	    0.169411
39	-1.65133242501131	-0.601788677014808	156	4	  0.00249915	    0.997501	2	  0.00259348	    0.997407	 0.000327212	    0.999673
40	1.72431507360475	1.93245527913684	157	1	    0.940562	   0.0594378	1	         nan	         nan	         nan	         nan
40	-0.64468775445649	-0.0306471814049669	158	2	   0.0915158	    0.908484	2	    0.096461	    0.903539	   0.0132608	    0.986739
40	2.6902236380049	-0.00849531197346631	159	3	    0.910406	   0.0895936	1	    0.986618	   0.0133824	    0.902729	   0.0972707
40	1.57361568997506	2.38852075808371	160	4	    0.993576	  0.00642448	1	    0.995992	  0.00400812	    0.969022	   0.0309783
41	1.30156689040991	0.955762984435662	161	1	     0.88845	     0.11155	1	         nan	         nan	         nan	         nan
41	1.64007588532173	2.24317223523847	162	2	    0.996242	  0.00375803	1	    0.997867	  0.00213322	    0.983301	   0.0166989
41	1.6867243781564	0.847465301444782	163	3	    0.961212	   0.0387879	1	    0.961967	   0.0380326	    0.760991	    0.239009
41	1.73159491159917	0.285065490654863	164	4	    0.854959	    0.145041	1	    0.870926	    0.129074	    0.459279	    0.540721
42	-0.438564586769909	-0.88747124187649	165	1	  0.00131178	    0.998688	2	         nan	         nan	         nan	         nan
42	-0.675825594243627	0.172343687384166	166	2	  0.00263054	    0.997369	2	   0.0203438	    0.979656	  0.00260727	    0.997393
42	0.231687875017117	-0.537533671261291	167	3	  0.00391886	    0.996081	2	   0.0297926	    0.970207	  0.00385062	    0.996149
42	-1.11316232366068	0.851176955863237	168	4	   0.0122163	    0.987784	2	   0.0874557	    0.912544	   0.0119203	     0.98808
43	-0.0443132029183914	-0.71944853189539	169	1	  0.00361011	     0.99639	2	         nan	         nan	         nan	         nan
43	-1.09760561852449	0.171086132595766	170	2	  0.00126004	     0.99874	2	   0.0096846	    0.990315	  0.00122952	     0.99877
43	-0.230115925404398	-0.320978434903005	171	3	  0.00234688	    0.997653	2	   0.0181908	    0.981809	  0.00232689	    0.997673
43	-1.67770799633348	0.690638326853925	172	4	  0.00345458	    0.996545	2	   0.0263913	    0.973609	  0.00340062	    0.996599
44	-1.34919821514638	0.280036839586785	173	1	   0.0167514	    0.983249	2	         nan	         nan	         nan	         nan
44	2.06312308663261	1.59452148327902	174	2	    0.948497	   0.0515034	1	    0.993106	  0.00689395	    0.947737	   0.0522634
44	1.53643991385963	-0.520948245918164	175	3	     0.70916	     0.29084	1	    0.733685	    0.266315	    0.257498	    0.742502
44	3.28123163645067	0.494135712184735	176	4	    0.987927	   0.0120726	1	    0.995916	  0.00408428	    0.968449	   0.0315506
45	2.65761465875028	0.284545780572935	177	1	    0.954594	   0.0454055	1	         nan	         nan	         nan	         nan
45	2.21169988608612	0.364384460322969	178	2	    0.881488	    0.118512	1	    0.898365	    0.101635	    0.526668	    0.473332
45	0.331012101701762	0.579022540384563	179	3	    0.203202	    0.796798	2	    0.225761	    0.774239	   0.0354063	    0.964594
45	0.00481811616861227	-0.208424607173373	180	4	   0.0281676	    0.971832	2	   0.0902532	    0.909747	   0.0123343	    0.987666
46	0.0354651750184439	-1.1619308791003	181	1	  0.00191385	    0.998086	2	         nan	         nan	         nan	         nan
46	0.311864595893393	-0.378566328707087	182	2	  0.00568755	    0.994312	2	   0.0429398	     0.95706	  0.00561612	    0.994384
46	0.353267703269031	-0.872867155443797	183	3	  0.00251198	    0.997488	2	   0.0188934	    0.981107	  0.00241827	    0.997582
46	0.176006596744189	-2.19022565116275	184	4	 0.000460364	     0.99954	2	  0.00358339	    0.996417	 0.000452499	    0.999548
47	-0.480224898557794	-2.44608782255786	185	1	 0.000119781	     0.99988	2	         nan	         nan	         nan	         nan
47	1.41277568060877	0.102887226510649	186	2	    0.104783	    0.895217	2	    0.481698	    0.518302	    0.104738	    0.895262
47	1.23255656968203	-2.29944066619365	187	3	   0.0125777	    0.987422	2	   0.0563242	    0.943676	  0.00745733	    0.992543
47	2.98431558778608	1.53047923838944	188	4	    0.991272	  0.00872761	1	    0.998881	  0.00111948	    0.991175	  0.00882453
48	2.38990410073345	2.29374059609419	189	1	    0.998853	  0.00114672	1	         nan	         nan	         nan	         nan
48	3.51789649678065	3.08258462653389	190	2	    0.999993	 7.20353e-06	1	    0.999993	 7.14663e-06	    0.999943	 5.67698e-05
48	2.71262017682788	2.24380119354581	191	3	    0.999785	 0.000215423	1	    0.999785	 0.000215413	    0.998291	  0.00170868
48	2.1574893366556	0.922574479289502	192	4	    0.981072	    0.018928	1	    0.981097	   0.0189035	    0.867256	    0.132744
49	-0.297377688957829	-0.0669148011069914	193	1	   0.0493726	    0.950627	2	         nan	         nan	         nan	         nan
49	1.22037729952071	1.3165631114008	194	2	    0.853961	    0.146039	1	    0.977855	   0.0221452	    0.847526	    0.152474
49	3.50939782013619	-0.416809046589044	195	3	    0.989213	   0.0107874	1	    0.994529	  0.00547129	    0.958127	    0.041873
49	1.55949892090248	1.64496864992052	196	4	    0.982545	   0.0174555	1	    0.983628	   0.0163723	    0.883216	    0.116784
50	1.01063027176862	-1.17410996296637	197	1	   0.0803503	     0.91965	2	         nan	         nan	         nan	         nan
50	2.2570122564881	1.22908588341214	198	2	    0.968612	   0.0313884	1	    0.995623	  0.00437743	    0.966252	   0.0337484
50	1.17315248799381	1.99162027090233	199	3	    0.941196	   0.0588044	1	    0.948987	   0.0510129	    0.700757	    0.299243
50	-2.34428768804404	-0.0729402715703477	200	4	  0.00207406	    0.997926	2	  0.00218641	    0.997814	 0.000275756	    0.999724
51	2.32087868936558	1.22090965399319	201	1	    0.990274	  0.00972632	1	         nan	         nan	         nan	         nan
51	3.86249403221582	2.82762576117133	202	2	    0.999973	 2.74026e-05	1	    0.999974	 2.56693e-05	    0.999796	  0.00020388
51	-0.88277474700728	1.37389083634652	203	3	    0.466252	    0.533748	2	    0.466262	    0.533738	   0.0990725	    0.900928
51	1.80514198502871	1.10583712101829	204	4	    0.890536	    0.109464	1	    0.972865	   0.0271348	    0.818618	    0.181382
52	-0.5705094928403	-0.185933051021214	205	1	   0.0282337	    0.971766	2	         nan	         nan	         nan	         nan
52	2.25252206681414	1.59176318543871	206	2	     0.98508	   0.0149202	1	    0.998048	   0.0019517	    0.984703	    0.015297
52	1.34876608140717	1.14667696198129	207	3	    0.972842	   0.0271575	1	    0.974995	   0.0250053	    0.830747	    0.169253
52	1.31965241962975	1.96244693623881	208	4	    0.983022	   0.0169783	1	    0.985474	   0.0145261	    0.895178	    0.104822
53	1.37312376272375	1.79252393612017	209	1	    0.976079	   0.0239212	1	         nan	         nan	         nan	         nan
53	0.817369448392777	2.18497652622374	210	2	     0.98603	   0.0139696	1	    0.987867	   0.0121333	    0.911103	   0.0888967
53	1.81973620068998	1.36035365239348	211	3	    0.952069	   0.0479311	1	    0.955233	   0.0447667	    0.728708	    0.271292
53	0.21043213375999	-0.786654778297686	212	4	    0.045631	    0.954369	2	   0.0476134	    0.952387	  0.00625394	    0.993746
54	-1.97325135860099	-1.40136638266424	213	1	 4.03719e-05	     0.99996	2	         nan	         nan	         nan	         nan
54	0.268418462706469	-0.739029976523016	214	2	   0.0195557	    0.980444	2	    0.136747	    0.863253	    0.019551	    0.980449
54	2.04998641114469	1.6554588421341	215	3	    0.945417	   0.0545832	1	    0.992654	  0.00734617	    0.944475	   0.0555254
54	-0.198983059312566	1.6106848601457	216	4	    0.641305	    0.358695	1	    0.666717	    0.333283	    0.201163	    0.798837
55	1.40020556630946	-0.545127969124123	217	1	   0.0725926	    0.927407	2	         nan	         nan	         nan	         nan
55	0.919832191179735	-1.39781939112544	218	2	  0.00405375	    0.995946	2	   0.0211643	    0.978836	  0.00271442	    0.997286
55	-0.821086864189102	-0.546690288856698	219	3	  0.00125131	    0.998749	2	  0.00958969	     0.99041	  0.00121737	    0.998783
55	1.59033679321141	-0.252531716911459	220	4	    0.192521	    0.807479	2	    0.653618	    0.346382	    0.191943	    0.808057
56	1.51590279869123	3.38824842135057	221	1	    0.999121	  0.00087864	1	         nan	         nan	         nan	         nan
56	1.69564009684693	1.63265899736591	222	2	    0.995233	  0.00476655	1	    0.995261	  0.00473869	    0.963555	   0.0364448
56	0.742249847538873	3.83021530784932	223	3	    0.999497	 0.000503491	1	    0.999513	  0.00048742	    0.996141	    0.003859
56	3.26190703478355	2.9275204797535	224	4	    0.999955	 4.54996e-05	1	    0.999955	 4.53411e-05	     0.99964	 0.000360075
57	-2.27726461362191	-0.171507571054181	225	1	 0.000627235	    0.999373	2	         nan	         nan	         nan	         nan
57	2.30237850009069	-1.08200403752932	226	2	    0.293118	    0.706882	2	    0.766865	    0.233135	    0.292821	    0.707179
57	1.48007275263972	1.45274922564761	227	3	    0.737148	    0.262852	1	    0.937571	   0.0624293	     0.65404	     0.34596
57	-0.530998069732156	0.820790175322468	228	4	    0.156721	    0.843279	2	    0.201619	    0.798381	     0.03081	     0.96919
58	0.608509610778308	-0.732461405792771	229	1	   0.0128941	    0.987106	2	         nan	         nan	         nan	         nan
58	0.588215577739541	-0.196364436059101	230	2	    0.016225	    0.983775	2	    0.108082	    0.891918	   0.0150251	    0.984975
58	-0.226403793151252	-0.122449182892081	231	3	   0.0264934	    0.973507	2	    0.164671	    0.835329	   0.0242145	    0.975786
58	1.49987237366826	2.06141627000336	232	4	    0.937552	   0.0624485	1	    0.991478	  0.00852197	    0.936084	    0.063916
59	3.11512935192892	0.640526938145171	233	1	    0.994483	  0.00551656	1	         nan	         nan	         nan	         nan
59	3.2075265815762	0.915704143003052	234	2	    0.999168	 0.000831757	1	    0.999199	 0.000801258	     0.99367	  0.00632996
59	4.18435183449666	0.687004564725155	235	3	    0.999851	 0.000148623	1	    0.999852	 0.000147771	    0.998827	  0.00117268
59	2.46863244959732	2.06512951659112	236	4	    0.998791	  0.00120888	1	    0.998792	  0.00120764	    0.990486	   0.0095137
60	2.89809759533795	0.456753134225778	237	1	    0.913935	   0.0860654	1	         nan	         nan	         nan	         nan
60	-0.820428950114839	0.595567156097346	238	2	   0.0352742	    0.964726	2	   0.0381284	    0.961872	  0.00496514	    0.995035
60	1.28776822470046	-0.620665616324086	239	3	   0.0270553	    0.972945	2	    0.154061	    0.845939	   0.0224115	    0.977588
60	-1.51037410261148	-2.08706397082894	240	4	 3.25018e-05	    0.999967	2	 0.000217324	    0.999783	 2.73623e-05	    0.999973
61	0.780630090374216	0.412937279032805	241	1	    0.184367	    0.815633	2	         nan	         nan	         nan	         nan
61	1.38779098851248	0.0364782956046037	242	2	    0.162138	    0.837862	2	    0.456464	    0.543536	   0.0956084	    0.904392
61	-0.226941128312402	-0.292410559165133	243	3	   0.0366496	     0.96335	2	    0.130346	    0.869654	    0.018518	    0.981482
61	1.63024008487322	2.58948750286306	244	4	    0.981398	   0.0186025	1	     0.99754	  0.00246034	    0.980783	   0.0192166
62	0.688047137824105	-1.10875389538017	245	1	  0.00780877	    0.992191	2	         nan	         nan	         nan	         nan
62	0.678377216211461	-1.15975707042444	246	2	   0.0214218	    0.978578	2	    0.142375	    0.857625	   0.0204699	     0.97953
62	2.18959031590283	3.0635132435403	247	3	    0.999041	 0.000958905	1	    0.999877	 0.000123117	    0.999023	 0.000977201
62	3.34246129605219	0.44227230465636	248	4	     0.99603	   0.0039705	1	    0.996055	  0.00394503	    0.969496	   0.0305036
63	5.07791397287703	1.45412756940988	249	1	    0.999886	 0.000114147	1	         nan	         nan	         nan	         nan
63	-0.231232111922427	0.688366588121731	250	2	    0.107528	    0.892472	2	    0.107539	    0.892461	   0.0149417	    0.985058
63	-0.839452514354544	-0.0205698981336631	251	3	  0.00769924	    0.992301	2	   0.0344695	    0.965531	  0.00447387	    0.995526
63	1.68888342012477	0.0627684955206051	252	4	    0.344413	    0.655587	2	     0.80422	     0.19578	    0.340845	    0.659155
64	-1.31909421242885	-1.04717200849383	253	1	  0.00136524	    0.998635	2	         nan	         nan	         nan	         nan
64	1.37728542174597	1.01840399214159	254	2	     0.81657	     0.18343	1	    0.972462	   0.0275378	    0.816357	    0.183643
64	1.92919884221258	1.90212224356652	255	3	     0.99594	  0.00406026	1	      0.9982	  0.00179996	    0.985878	   0.0141224
64	2.78928979156639	2.16931161879152	256	4	    0.999475	 0.000525271	1	    0.999489	 0.000510924	    0.995956	  0.00404442
65	0.0403863651907406	1.00911270900075	257	1	     0.18822	     0.81178	2	         nan	         nan	         nan	         nan
65	1.44459578551635	0.441140069208152	258	2	    0.267225	    0.732775	2	    0.637638	    0.362362	    0.181341	    0.818659
65	-2.03050990479398	-0.998186673930895	259	3	 8.45295e-05	    0.999915	2	 0.000235139	    0.999765	 2.96058e-05	     0.99997
65	-0.349131811367134	-0.573250756351996	260	4	   0.0033377	    0.996662	2	   0.0258995	      0.9741	  0.00333579	    0.996664
66	0.225564437058215	3.9609133816077	261	1	    0.973612	   0.0263882	1	         nan	         nan	         nan	         nan
66	-1.32581678961729	-1.16246537674787	262	2	 0.000578744	    0.999421	2	 0.000592407	    0.999408	 7.46118e-05	    0.999925
66	0.06370949501576	0.124116242116547	263	3	  0.00933478	    0.990665	2	   0.0693974	    0.930603	      0.0093	      0.9907
66	-0.277847373516071	-0.139547778896009	264	4	  0.00890758	    0.991092	2	   0.0630343	    0.936966	  0.00839755	    0.991602
67	2.5465933933809	0.955079038738121	265	1	    0.983231	   0.0167689	1	         nan	         nan	         nan	         nan
67	2.01691393819452	0.530579197701692	266	2	    0.895152	    0.104848	1	    0.901298	   0.0987021	    0.534773	    0.465227
67	-0.271897064059809	1.49732519395395	267	3	    0.301043	    0.698957	2	    0.329481	    0.670519	   0.0582526	    0.941747
67	-1.01389742335581	-0.8039271948289	268	4	  0.00207183	    0.997928	2	  0.00532003	     0.99468	 0.000672823	    0.999327
68	0.145680458406143	0.424338517605927	269	1	   0.0434473	    0.956553	2	         nan	         nan	         nan	         nan
68	0.34671289005478	-0.134694657724092	270	2	   0.0145324	    0.985468	2	   0.0838183	    0.916182	   0.0113854	    0.988615
68	0.278745625667431	0.0220893610167392	271	3	   0.0371218	    0.962878	2	    0.220661	    0.779339	   0.0344152	    0.965585
68	0.00702261614618904	1.75666070006652	272	4	    0.342578	    0.657422	2	    0.792903	    0.207097	    0.325217	    0.674783
69	-1.55431931612284	0.295523734530668	273	1	  0.00164004	     0.99836	2	         nan	         nan	         nan	         nan
69	-0.922686336272711	-0.0573850056280613	274	2	  0.00109065	    0.998909	2	  0.00850369	    0.991496	  0.00107847	    0.998922
69	-0.333233414742897	-1.35391548558448	275	3	 0.000291879	    0.999708	2	  0.00229667	    0.997703	  0.00028969	     0.99971
69	-0.845217432798673	-0.100588557712196	276	4	  0.00330089	    0.996699	2	   0.0255852	    0.974415	  0.00329439	    0.996706
70	1.36107771133744	0.0526325059859647	277	1	    0.625177	    0.374823	1	         nan	         nan	         nan	         nan
70	1.97545234075819	1.62362521535439	278	2	    0.989424	   0.0105759	1	    0.997014	  0.00298562	    0.976764	    0.023236
70	0.753363630404112	2.19052087586108	279	3	    0.986623	   0.0133766	1	     0.98746	   0.0125401	    0.908362	   0.0916384
70	1.62853326417592	1.2294879966661	280	4	    0.967189	   0.0328108	1	    0.969458	   0.0305418	    0.799829	    0.200171
71	-0.259464371927624	-1.00141165462511	281	1	    0.008857	    0.991143	2	         nan	         nan	         nan	         nan
71	0.442032437392042	1.97559082899596	282	2	    0.747925	    0.252075	1	    0.958909	   0.0410907	     0.74604	     0.25396
71	-0.00243863754276779	2.30451294666643	283	3	    0.845813	    0.154187	1	     0.92541	   0.0745902	    0.609643	    0.390357
71	0.718332086825662	1.10246978278103	284	4	    0.739334	    0.260666	1	    0.810352	    0.189648	    0.349756	    0.650244
72	2.461824307051	2.42737675497573	285	1	    0.999204	 0.000795718	1	         nan	         nan	         nan	         nan
72	2.77724685083189	0.475950387582225	286	2	    0.995147	  0.00485255	1	    0.995173	  0.00482687	    0.962899	    0.037101
72	1.09842408496904	1.77957833601234	287	3	    0.988114	   0.0118857	1	     0.98847	   0.0115301	    0.915195	   0.0848052
72	2.98402931691778	2.58641966493258	288	4	    0.999832	 0.000168058	1	    0.999845	 0.000155259	    0.998768	  0.00123205
73	1.33895021235638	-1.21627179140454	289	1	   0.0196577	    0.980342	2	         nan	         nan	         nan	         nan
73	0.253607767309461	-1.06335876277649	290	2	  0.00161541	    0.998385	2	    0.011196	    0.988804	   0.0014233	    0.998577
73	-0.880062409307745	-0.0895670287651772	291	3	  0.00110654	    0.998893	2	  0.00862806	    0.991372	  0.00109437	    0.998906
73	-2.16385914219469	-0.43279569071044	292	4	 0.000192032	    0.999808	2	  0.00151188	    0.998488	  0.00019057	    0.999809
74	3.80814698229471	1.69468482785019	293	1	    0.998619	  0.00138121	1	         nan	         nan	         nan	         nan
74	-0.343821027944633	-1.85551893558593	294	2	  0.00204694	    0.997953	2	  0.00204941	    0.997951	 0.000258446	    0.999742
74	0.326267113684328	0.518663813901541	295	3	     0.19208	     0.80792	2	    0.652436	    0.347564	    0.191135	    0.808865
74	2.54161175044921	2.05719897435751	296	4	    0.993079	   0.0069206	1	    0.998946	   0.0010544	    0.991685	  0.00831527
75	-0.963142292250923	-1.73897770435894	297	1	 0.000108327	    0.999892	2	         nan	         nan	         nan	         nan
75	-1.08460199725781	-0.734541253916442	298	2	  0.00178421	    0.998216	2	     0.01399	     0.98601	  0.00178289	    0.998217
75	2.67874714255758	0.490577089506326	299	3	    0.958938	   0.0410616	1	     0.99463	  0.00536997	    0.958875	   0.0411254
75	2.45822217821878	2.2627523682081	300	4	    0.998906	  0.00109371	1	    0.999148	 0.000852325	    0.993269	  0.00673101
76	1.56673158513419	0.635823563683908	301	1	    0.651618	    0.348382	1	         nan	         nan	         nan	         nan
76	0.0823956405864587	1.66472629597766	302	2	    0.417336	    0.582664	2	    0.565262	    0.434738	    0.140654	    0.859346
76	0.607867354044012	-1.16205718195555	303	3	    0.009899	    0.990101	2	   0.0201201	     0.97988	  0.00257809	    0.997422
76	1.17356861929406	-1.19287804587853	304	4	   0.0193547	    0.980645	2	     0.12874	     0.87126	    0.018261	    0.981739
77	1.25827778050551	1.5984998584196	305	1	    0.794189	    0.205811	1	         nan	         nan	         nan	         nan
77	0.31098493937875	0.635469445688035	306	2	    0.186887	    0.813113	2	    0.226124	    0.773876	   0.0354772	    0.964523
77	-0.43688678482221	-0.0797223138858253	307	3	  0.00558225	    0.994418	2	   0.0191838	    0.980816	  0.00245607	    0.997544
77	-0.847963616781941	-0.849716190660861	308	4	 0.000858831	    0.999141	2	  0.00653204	    0.993468	 0.000826984	    0.999173
78	-0.943382832203535	0.828570578481988	309	1	   0.0138192	    0.986181	2	         nan	         nan	         nan	         nan
78	0.967188694070499	-0.4488283293288	310	2	   0.0182256	    0.981774	2	    0.119553	    0.880447	   0.0168057	    0.983194
78	-0.569671113010191	-0.269459984664713	311	3	  0.00193868	    0.998061	2	   0.0135296	     0.98647	  0.00172351	    0.998276
78	1.04918773267363	-0.639456763115262	312	4	   0.0392186	    0.960781	2	    0.242921	    0.757079	   0.0388229	    0.961177
79	2.96369165454254	0.643036496588087	313	1	     0.99246	  0.00753997	1	         nan	         nan	         nan	         nan
79	2.07674815828281	2.86900077829279	314	2	      0.9993	 0.000699992	1	    0.999335	  0.00066534	    0.994739	  0.00526114
79	0.564461696227221	0.460362535072044	315	3	    0.702647	    0.297353	1	    0.702979	    0.297021	    0.229543	    0.770457
79	1.16822330571173	2.01973431839209	316	4	    0.950899	   0.0491006	1	    0.982521	   0.0174789	    0.876177	    0.123823
80	-1.46141185745355	0.184831553913824	317	1	   0.0121881	    0.987812	2	         nan	         nan	         nan	         nan
80	3.95692437348948	1.78940138180908	318	2	    0.998216	  0.00178415	1	    0.999773	 0.000227368	    0.998197	  0.00180336
80	-0.810949493341646	1.15620917986757	319	3	   0.0899109	    0.910089	2	   0.0900496	     0.90995	   0.0123041	    0.987696
80	-0.902614781170297	-1.71055019499973	320	4	 0.000252102	    0.999748	2	  0.00123218	    0.998768	 0.000155276	    0.999845
81	0.212213331988302	-0.361995700640686	321	1	   0.0111509	    0.988849	2	         nan	         nan	         nan	         nan
81	-0.0658648503277676	-0.599469338407792	322	2	  0.00198746	    0.998013	2	   0.0144832	    0.985517	  0.00184655	    0.998153
81	-2.18225234828447	-0.209518390804096	323	3	 0.000769522	     0.99923	2	  0.00599872	    0.994001	 0.000759108	    0.999241
81	2.29659377674131	2.38126872959352	324	4	      0.9925	   0.0074997	1	    0.999049	 0.000950947	    0.992495	  0.00750475
82	2.06983135914865	2.04545980014485	325	1	    0.996353	  0.00364709	1	         nan	         nan	         nan	         nan
82	1.46754078557783	2.37642545896001	326	2	    0.993752	  0.00624759	1	      0.9939	  0.00610028	    0.953509	   0.0464911
82	0.604979123848484	0.271398593931816	327	3	    0.664095	    0.335905	1	    0.667004	    0.332996	    0.201371	    0.798629
82	2.7228756225349	1.8059396710043	328	4	    0.996166	  0.00383378	1	    0.998842	  0.00115781	    0.990876	  0.00912427
83	-0.180548842200793	-0.603790004920203	329	1	  0.00563281	    0.994367	2	         nan	         nan	         nan	         nan
83	-0.461702901428128	1.92473951139832	330	2	   0.0933759	    0.906624	2	    0.444139	    0.555861	   0.0913889	    0.908611
83	-0.233446291900739	-0.232784216525482	331	3	  0.00820924	    0.991791	2	   0.0388123	    0.961188	  0.00505733	    0.994943
83	0.320207543503176	0.820157132539755	332	4	    0.134079	    0.865921	2	    0.544257	    0.455743	    0.130684	    0.869316
84	0.756071424394392	1.49994616353686	333	1	    0.555141	    0.444859	1	         nan	         nan	         nan	         nan
84	0.244169074035476	0.649186852681968	334	2	    0.154985	    0.845015	2	    0.247348	    0.752652	   0.0397256	    0.960274
84	0.808542738795259	-0.335163138426699	335	3	   0.0688893	    0.931111	2	    0.238111	    0.761889	   0.0378522	    0.962148
84	1.7273127367474	-0.29219441333395	336	4	    0.257278	    0.742722	2	     0.69722	     0.30278	    0.224728	    0.775272
85	1.32872926428887	-1.99864841737206	337	1	   0.0320876	    0.967912	2	         nan	         nan	         nan	         nan
85	1.74553000904111	0.923089391258785	338	2	    0.884744	    0.115256	1	    0.983355	   0.0166446	    0.881475	    0.118525
85	2.37280801041314	1.65662143773091	339	3	    0.987224	   0.0127759	1	    0.992726	  0.00727429	    0.944992	   0.0550082
85	0.606903838600316	-0.220782600724254	340	4	    0.227065	    0.772935	2	    0.229536	    0.770464	   0.0361469	    0.963853
86	2.74882807894837	2.15176380910734	341	1	    0.999288	 0.000712172	1	         nan	         nan	         nan	         nan
86	3.37212187108833	2.12276280560959	342	2	    0.999939	 6.08388e-05	1	    0.999939	 6.05396e-05	    0.999519	 0.000480723
86	2.53240425484907	2.05635071722856	343	3	      0.9969	  0.00309958	1	    0.996902	  0.00309831	    0.975905	   0.0240945
86	-0.31345746587772	-1.40366194715716	344	4	  0.00612022	     0.99388	2	  0.00613684	    0.993863	 0.000776681	    0.999223
87	0.796119782668774	1.4807917049396	345	1	    0.887265	    0.112735	1	         nan	         nan	         nan	         nan
87	1.56308242495171	1.86561889457221	346	2	    0.992862	  0.00713835	1	     0.99594	  0.00405987	    0.968633	   0.0313672
87	2.27406258349207	1.41305657063128	347	3	    0.996908	  0.00309249	1	     0.99705	  0.00294963	    0.977038	   0.0229615
87	1.40241426731926	1.22347422152745	348	4	    0.951842	   0.0481582	1	    0.952572	   0.0474283	    0.716574	    0.283426
88	0.721083992416447	1.54315986853362	349	1	    0.887368	    0.112632	1	         nan	         nan	         nan	         nan
88	3.08173676250557	2.99417316009398	350	2	    0.999961	 3.94242e-05	1	    0.999978	 2.21239e-05	    0.999824	 0.000175725
88	1.66051781274978	2.06490186210515	351	3	    0.995216	  0.00478379	1	    0.995217	  0.00478253	    0.963229	   0.0367712
88	0.412141633847541	1.5185933078931	352	4	    0.836723	    0.163277	1	    0.838842	    0.161158	    0.395853	    0.604147
89	2.34154797364318	2.36040118359344	353	1	     0.99768	  0.00232015	1	         nan	         nan	         nan	         nan
89	2.07428427642795	-0.558288739369925	354	2	    0.843642	    0.156358	1	    0.844659	    0.155341	    0.406343	    0.593657
89	2.53479321042143	-0.263630095344057	355	3	    0.894598	    0.105402	1	    0.938508	   0.0614918	     0.65768	     0.34232
89	0.675685679465237	1.18270108263638	356	4	    0.772652	    0.227348	1	    0.820629	    0.179371	    0.365447	    0.634553
90	1.85300849633984	3.18674953166058	357	1	    0.999359	 0.000641429	1	         nan	         nan	         nan	         nan
90	1.79891051471323	2.2721316514108	358	2	    0.998829	  0.00117091	1	    0.998834	  0.00116576	    0.990814	  0.00918644
90	3.78001039871393	3.31808883703353	359	3	    0.999997	 2.62017e-06	1	    0.999997	 2.59904e-06	    0.999979	 2.06463e-05
90	3.03831928868427	2.019177968607	360	4	    0.999599	 0.000401014	1	    0.999599	 0.000401007	    0.996823	  0.00317674
91	0.270308459196711	-1.14220458164132	361	1	   0.0055555	    0.994445	2	         nan	         nan	         nan	         nan
91	1.69916693462255	-0.525876826585858	362	2	    0.130535	    0.869465	2	    0.538904	    0.461096	    0.128254	    0.871746
91	0.498442546177214	0.720427360099659	363	3	    0.261589	    0.738411	2	    0.666261	    0.333739	    0.200834	    0.799166
91	1.17420770006957	0.873191964723977	364	4	    0.565533	    0.434467	1	    0.870169	    0.129831	    0.457612	    0.542388
92	0.532377426293439	-1.66373967032962	365	1	  0.00187009	     0.99813	2	         nan	         nan	         nan	         nan
92	0.888500290072885	-1.93614148967794	366	2	  0.00122543	    0.998775	2	   0.0095311	    0.990469	  0.00120987	     0.99879
92	1.07034085015201	-1.19861210641924	367	3	   0.0398302	     0.96017	2	    0.246619	    0.753381	   0.0395765	    0.960424
92	3.5690048593797	1.68307804065589	368	4	    0.998149	  0.00185084	1	    0.999758	 0.000241794	    0.998082	  0.00191759
93	1.13306719075956	2.72521907590774	369	1	    0.987371	   0.0126295	1	         nan	         nan	         nan	         nan
93	1.16880832703867	1.32858850181123	370	2	    0.845345	    0.154655	1	    0.850813	    0.149187	    0.417894	    0.582106
93	0.697130921405353	-1.58350274863514	371	3	   0.0635471	    0.936453	2	   0.0733675	    0.926633	  0.00986849	    0.990132
93	3.92889534160246	1.59687824899902	372	4	    0.999028	 0.000972164	1	     0.99987	 0.000129691	    0.998971	  0.00102933
94	-0.00338973147452426	-1.11436215856968	373	1	  0.00204106	    0.997959	2	         nan	         nan	         nan	         nan
94	0.858965896518191	-1.58154175382189	374	2	   0.0132425	    0.986758	2	    0.095221	    0.904779	   0.0130748	    0.986925
94	3.35078066084243	0.91512689291562	375	3	     0.96815	   0.0318499	1	    0.995826	  0.00417362	    0.967779	   0.0322213
94	0.582280594425351	-0.609302296960712	376	4	    0.118687	    0.881313	2	    0.122026	    0.877974	   0.0171948	    0.982805
95	1.49502330199512	-0.626398829078999	377	1	   0.0749619	    0.925038	2	         nan	         nan	         nan	         nan
95	-0.647638338686183	0.101232926733915	378	2	  0.00357431	    0.996426	2	   0.0184891	    0.981511	  0.00236566	    0.997634
95	0.113475014777069	-0.911941826952379	379	3	  0.00153415	    0.998466	2	   0.0117731	    0.988227	  0.00149742	    0.998503
95	-1.27360792437155	0.617926490284267	380	4	  0.00595529	    0.994045	2	   0.0449905	     0.95501	  0.00589531	    0.994105
96	3.18708233632093	2.35564074053802	381	1	    0.999667	 0.000332857	1	         nan	         nan	         nan	         nan
96	1.93484770620112	0.766050532805046	382	2	    0.895494	    0.104506	1	    0.895619	    0.104381	    0.519253	    0.480747
96	-1.18379590233665	-0.0076490992732717	383	3	  0.00624058	    0.993759	2	  0.00686738	    0.993133	 0.000869697	     0.99913
96	1.37912402232563	-1.27943956284944	384	4	   0.0240068	    0.975993	2	    0.158506	    0.841494	   0.0231622	    0.976838
97	-0.895960944655175	0.265320807560324	385	1	  0.00923156	    0.990768	2	         nan	         nan	         nan	         nan
97	0.926339329782494	-0.306941459458503	386	2	    0.139489	    0.860511	2	    0.554841	    0.445159	    0.135619	    0.864381
97	2.35003570156606	1.03177156229916	387	3	    0.973654	    0.026346	1	    0.996123	   0.0038766	    0.970012	   0.0299883
97	2.96685417684718	1.85873536390374	388	4	    0.999256	 0.000743954	1	    0.999371	 0.000629383	    0.995022	  0.00497805
98	0.237585895909405	1.74190224593558	389	1	    0.649502	    0.350498	1	         nan	         nan	         nan	         nan
98	0.902108611810972	0.977177965299059	390	2	    0.621764	    0.378236	1	    0.786399	    0.213601	    0.316683	    0.683317
98	0.0476168963613082	0.866028804065245	391	3	     0.45745	     0.54255	2	    0.628806	    0.371194	    0.175764	    0.824236
98	2.12115789743338	0.564914169124042	392	4	    0.850718	    0.149282	1	    0.961265	   0.0387353	    0.757511	    0.242489
99	2.72395073170171	1.48169717876616	393	1	    0.983412	   0.0165876	1	         nan	         nan	         nan	         nan
99	-0.715640069758101	1.62441448996909	394	2	    0.215885	    0.784115	2	    0.218952	    0.781048	   0.0340856	    0.965914
99	0.313063166303806	-2.37534315227762	395	3	 0.000380521	    0.999619	2	  0.00120917	    0.998791	 0.000152374	    0.999848
99	-0.414424512974739	0.0083153240911722	396	4	  0.00864327	    0.991357	2	   0.0646236	    0.935376	  0.00862196	    0.991378
100	2.23929624377431	0.149388419116106	397	1	    0.917891	   0.0821086	1	         nan	         nan	         nan	         nan
100	1.52791490162984	1.68608462859149	398	2	    0.987748	    0.012252	1	    0.992023	  0.00797695	    0.939957	   0.0600428
100	1.98758065850648	0.834804336464563	399	3	    0.947703	   0.0522965	1	    0.950675	   0.0493249	    0.708132	    0.291868
100	0.13885060850091	0.915242442333276	400	4	    0.483898	    0.516102	2	    0.504335	    0.495665	    0.113541	    0.886459
101	-1.78542383132756	2.12057364241286	401	1	   0.0802816	    0.919718	2	         nan	         nan	         nan	         nan
101	0.522403193066081	0.560437136092158	402	2	    0.274349	    0.725651	2	    0.710763	    0.289237	    0.236255	    0.763745
101	0.182621784161063	3.29943400292914	403	3	    0.853105	    0.146895	1	     0.97105	   0.0289505	    0.808513	    0.191487
101	-0.674223223836799	-0.540765152371247	404	4	   0.0135407	    0.986459	2	   0.0155309	    0.984469	  0.00198197	    0.998018
102	-0.328212589836706	-0.210156900202467	405	1	  0.00569012	     0.99431	2	         nan	         nan	         nan	         nan
102	-0.063803455477087	-0.904322231920097	406	2	  0.00671262	    0.993287	2	   0.0491845	    0.950816	  0.00646956	     0.99353
102	1.14791256341037	1.02884610514985	407	3	    0.746602	    0.253398	1	    0.958728	    0.041272	    0.745169	    0.254831
102	2.1373405283646	2.96212809042179	408	4	    0.998784	  0.00121637	1	    0.999558	 0.000441764	    0.996501	  0.00349863
103	0.856536449386925	0.866859509958176	409	1	    0.294658	    0.705342	2	         nan	         nan	         nan	         nan
103	0.0379643522950781	0.534033826642702	410	2	   0.0577079	    0.942292	2	    0.145582	    0.854418	   0.0209982	    0.979002
103	1.31991880183629	-0.635637653528778	411	3	   0.0357655	    0.964234	2	    0.180179	    0.819821	   0.0269213	    0.973079
103	0.442716954860495	-0.286948500258891	412	4	   0.0287307	    0.971269	2	    0.162147	    0.837853	    0.023782	    0.976218
104	2.65455787781219	3.96799731046405	413	1	    0.999845	 0.000154675	1	         nan	         nan	         nan	         nan
104	0.0062040575660423	1.28557376692607	414	2	     0.35646	     0.64354	2	    0.356505	    0.643495	   0.0651934	    0.934807
104	-0.756133623360049	-0.0744494887626213	415	3	  0.00603362	    0.993966	2	   0.0137611	    0.986239	  0.00175335	    0.998247
104	0.75587190778834	-0.365341229975824	416	4	   0.0378975	    0.962102	2	    0.232419	    0.767581	   0.0367167	    0.963283
105	1.63316556884205	1.2467321186662	417	1	    0.962708	   0.0372918	1	         nan	         nan	         nan	         nan
105	0.682148047923148	2.67805978920657	418	2	    0.993871	  0.00612884	1	    0.995094	  0.00490624	    0.962309	    0.037691
105	0.0786135828855139	3.42051219539611	419	3	    0.996077	  0.00392277	1	    0.996233	  0.00376712	    0.970837	   0.0291631
105	2.10547105391273	1.76683520650574	420	4	    0.995464	  0.00453624	1	     0.99558	  0.00441994	    0.965934	   0.0340664
106	0.102508673134543	-0.495387962763761	421	1	  0.00708555	    0.992914	2	         nan	         nan	         nan	         nan
106	0.382655336810618	-1.69539954356495	422	2	 0.000601115	    0.999399	2	  0.00453424	    0.995466	 0.000573048	    0.999427
106	-0.710994429495715	-0.335092487552314	423	3	  0.00197148	    0.998029	2	   0.0153875	    0.984613	  0.00196341	    0.998037
106	-1.07769113233633	2.28965452118367	424	4	    0.159156	    0.840844	2	    0.599021	    0.400979	    0.158287	    0.841713
107	2.44223429162204	0.257030475576589	425	1	    0.857556	    0.142444	1	         nan	         nan	         nan	         nan
107	-0.500599096122288	2.36530416247879	426	2	    0.557766	    0.442234	1	    0.621918	    0.378082	    0.171545	    0.828455
107	-1.05211809750701	-1.34481315443321	427	3	 0.000673299	    0.999327	2	  0.00109749	    0.998903	 0.000138287	    0.999862
107	-0.000162048508171703	0.996270399797241	428	4	    0.103599	    0.896401	2	    0.477972	    0.522028	    0.103346	    0.896654
108	1.25221925457146	2.03875973720792	429	1	    0.980782	   0.0192179	1	         nan	         nan	         nan	         nan
108	1.67407760698911	1.14327396587166	430	2	    0.986325	   0.0136753	1	    0.987807	   0.0121935	    0.910697	   0.0893032
108	2.56536468253245	2.70696149597511	431	3	    0.999879	 0.000120893	1	     0.99989	 0.000110417	    0.999124	  0.00087648
108	2.13041746388016	2.00382820522118	432	4	    0.997296	  0.00270418	1	    0.997298	  0.00270196	    0.978931	    0.021069
109	0.499519170654554	0.50407256340063	433	1	    0.093409	    0.906591	2	         nan	         nan	         nan	         nan
109	-0.609159832097729	0.998215309718527	434	2	   0.0208286	    0.979171	2	   0.0955726	    0.904427	   0.0131275	    0.986872
109	-1.67918426927467	-0.837432021682879	435	3	 0.000524905	    0.999475	2	  0.00363304	    0.996367	  0.00045879	    0.999541
109	1.63306311628714	1.23413646690544	436	4	    0.802728	    0.197272	1	    0.969977	   0.0300235	     0.80264	     0.19736
110	-1.06775323502207	1.05041062637797	437	1	   0.0181719	    0.981828	2	         nan	         nan	         nan	         nan
110	0.429209278364121	0.35387601742089	438	2	   0.0337877	    0.966212	2	    0.200988	    0.799012	   0.0306931	    0.969307
110	0.862801237671097	-1.0906646321958	439	3	   0.0314271	    0.968573	2	    0.176892	    0.823108	   0.0263403	     0.97366
110	1.64846563136038	1.12269365170628	440	4	    0.779126	    0.220874	1	    0.964374	   0.0356261	    0.773115	    0.226885
111	3.81896101243424	0.949996702991348	441	1	    0.999318	 0.000681929	1	         nan	         nan	         nan	         nan
111	4.30564239513382	3.21374624801079	442	2	    0.999997	 2.56233e-06	1	    0.999997	 2.55025e-06	     0.99998	 2.02588e-05
111	0.72106862298199	1.06200816106776	443	3	    0.773083	    0.226917	1	    0.773084	    0.226916	    0.300145	    0.699855
111	0.939983339423896	0.504930008393865	444	4	    0.576163	    0.423837	1	    0.682719	    0.317281	    0.213137	    0.786863
112	-0.680988913431077	-1.40356478247936	445	1	 0.000326694	    0.999673	2	         nan	         nan	         nan	         nan
112	-0.859461846571863	-0.643018125489005	446	2	 0.000877194	    0.999123	2	  0.00691075	    0.993089	 0.000875223	    0.999125
112	0.418115541489704	0.864992593414717	447	3	    0.164804	    0.835196	2	    0.609846	    0.390154	    0.164413	    0.835587
112	0.394851496428892	1.24213623307743	448	4	    0.353194	    0.646806	2	    0.750612	    0.249388	    0.274774	    0.725226
113	2.72894017929577	0.72530626208479	449	1	    0.989451	   0.0105489	1	         nan	         nan	         nan	         nan
113	2.78321838746225	2.24419295147855	450	2	     0.99937	   0.0006302	1	    0.999413	 0.000587374	    0.995353	  0.00464714
113	1.73710143456259	-0.34109251008422	451	3	     0.62841	     0.37159	1	    0.628695	    0.371305	    0.175695	    0.824305
113	1.20440342335549	0.135190759454155	452	4	    0.473698	    0.526302	2	    0.644091	    0.355909	    0.185541	    0.814459
114	0.122724831841852	2.04210889020999	453	1	    0.456108	    0.543892	2	         nan	         nan	         nan	         nan
114	-0.00371014265577659	-0.378353156642929	454	2	   0.0126775	    0.987323	2	   0.0240995	    0.975901	  0.00309896	    0.996901
114	-1.48880726772557	-0.0719253624500141	455	3	 0.000483767	    0.999516	2	  0.00352223	    0.996478	 0.000444752	    0.999555
114	-0.0562451085451673	0.0695186507845655	456	4	   0.0183669	    0.981633	2	    0.129067	    0.870933	   0.0183133	    0.981687
115	-0.160525809725077	1.24307054356346	457	1	   0.0990691	    0.900931	2	         nan	         nan	         nan	         nan
115	-0.241179656287557	-1.76230183345345	458	2	 0.000348466	    0.999652	2	  0.00163874	    0.998361	 0.000206583	    0.999793
115	-0.0954064101748121	0.0581483742418579	459	3	   0.0437188	    0.956281	2	    0.266058	    0.733942	   0.0436413	    0.956359
115	1.54699997505758	2.57295361132332	460	4	    0.977607	   0.0223932	1	    0.997009	  0.00299142	     0.97672	   0.0232802
116	-0.192489324307544	-0.599587144415081	461	1	  0.00356655	    0.996433	2	         nan	         nan	         nan	         nan
116	-1.09021744536408	0.0177901075450668	462	2	  0.00698495	    0.993015	2	   0.0517621	    0.948238	  0.00682468	    0.993175
116	1.64116728229351	2.40093437947414	463	3	     0.92709	   0.0729102	1	    0.990133	   0.0098665	    0.926646	   0.0733536
116	-1.9603451246397	-0.952484200755675	464	4	 0.000761663	    0.999238	2	 0.000813504	    0.999186	 0.000102478	    0.999898
117	-0.42479749722422	-0.195961447469171	465	1	   0.0150955	    0.984904	2	         nan	         nan	         nan	         nan
117	1.54686192502557	0.24100095200075	466	2	    0.330297	    0.669703	2	     0.79141	     0.20859	     0.32323	     0.67677
117	1.71341222419429	-0.817622782708432	467	3	    0.379674	    0.620326	2	    0.695953	    0.304047	    0.223686	    0.776314
117	2.99321678819057	1.04252040527134	468	4	    0.985799	   0.0142014	1	    0.997277	  0.00272261	    0.978773	    0.021227
118	-0.795518039243582	-0.535656629313925	469	1	   0.0101458	    0.989854	2	         nan	         nan	         nan	         nan
118	2.43269971952919	1.61182192473646	470	2	    0.986961	   0.0130387	1	    0.998325	  0.00167525	    0.986845	   0.0131551
118	1.57183010371608	1.34793252851978	471	3	    0.922067	   0.0779326	1	     0.92616	   0.0738395	     0.61224	     0.38776
118	-0.720604391950014	-0.103736406622434	472	4	   0.0293643	    0.970636	2	   0.0315015	    0.968498	  0.00407774	    0.995922
119	-1.11423720810904	-1.01681028354807	473	1	  0.00194038	     0.99806	2	         nan	         nan	         nan	         nan
119	3.22486668976245	-0.16408502817106	474	2	    0.763515	    0.236485	1	    0.962396	   0.0376038	    0.763128	    0.236872
119	0.326988334542444	-0.709544373156131	475	3	    0.125731	    0.874269	2	    0.157549	    0.842451	   0.0230001	       0.977
119	2.30351752655162	1.30681470444223	476	4	     0.95309	   0.0469098	1	    0.993052	  0.00694833	    0.947343	   0.0526568
120	1.43495198853568	2.20336752256766	477	1	    0.990739	  0.00926057	1	         nan	         nan	         nan	         nan
120	2.58793460488701	1.58738441888973	478	2	    0.998864	  0.00113592	1	    0.998932	  0.00106784	     0.99158	  0.00842042
120	0.561414552626028	1.77827265133105	479	3	    0.961074	   0.0389257	1	    0.961306	   0.0386945	    0.757713	    0.242287
120	2.39716250490696	0.338129756574192	480	4	     0.95913	   0.0408703	1	    0.966268	   0.0337321	    0.782888	    0.217112
